/*--------------------------------*- C++ -*----------------------------------*\
| =========                 |                                                 |
| \\      /  F ield         | OpenFOAM: The Open Source CFD Toolbox           |
|  \\    /   O peration     | Version:  v2106                                 |
|   \\  /    A nd           | Website:  www.openfoam.com                      |
|    \\/     M anipulation  |                                                 |
\*---------------------------------------------------------------------------*/
FoamFile
{
    version     2.0;
    format      ascii;
    arch        "LSB;label=32;scalar=64";
    class       volScalarField;
    location    "149.59609815577";
    object      T;
}
// * * * * * * * * * * * * * * * * * * * * * * * * * * * * * * * * * * * * * //

dimensions      [0 0 0 1 0 0 0];

internalField   nonuniform List<scalar> 
6561
(
1.32073410422
1.31993412469
1.31905773537
1.31810910529
1.3170922014
1.31601079772
1.31486848447
1.31366867727
1.31241462625
1.31110942501
1.30975601943
1.30835721631
1.30691569185
1.30543399988
1.30391457994
1.30235976514
1.30077178972
1.29915279636
1.29750484319
1.29582991029
1.2941299059
1.29240667207
1.29066199
1.28889758544
1.28711513482
1.28531627445
1.28350261679
1.28167578347
1.27983747368
1.27798960497
1.27613459551
1.27427590769
1.27241904132
1.27057322797
1.2687540645
1.26698710407
1.26531185725
1.26378479722
1.26247929337
1.26148062533
1.26087564795
1.26073961422
1.26112433424
1.26205122753
1.26351015507
1.26546307256
1.26785068356
1.27060018127
1.27363258453
1.2768687799
1.28023393498
1.28366033078
1.28708886656
1.29046955992
1.29376135329
1.29693148628
1.29995463229
1.30281193912
1.30549006657
1.30798027744
1.31027761278
1.31238016483
1.31428845
1.31600487718
1.31753330344
1.31887866717
1.32004668855
1.32104362751
1.32187609007
1.32255087521
1.32307485495
1.32345488193
1.32369771908
1.3238099873
1.32379812754
1.32366837428
1.32342673803
1.32307899493
1.32263068177
1.32208709518
1.32145329407
1.29029985214
1.28980178326
1.2892119383
1.28853426142
1.28777260846
1.2869307476
1.28601236174
1.28502105249
1.28396034535
1.28283369593
1.28164449701
1.28039608612
1.2790917536
1.27773475075
1.27632829794
1.27487559238
1.27337981536
1.27184413857
1.27027172925
1.26866575393
1.26702938042
1.26536577769
1.26367811381
1.26196955159
1.26024324268
1.25850232119
1.25674989958
1.25498907276
1.25322294165
1.25145467847
1.24968767342
1.24792583048
1.24617411629
1.24443949922
1.24273241258
1.24106877656
1.23947235678
1.2379768343
1.23662659086
1.23547517438
1.2345809308
1.23400044909
1.23378146874
1.23395710513
1.23454253339
1.23553438736
1.2369124529
1.2386428793
1.24068207864
1.24298063006
1.2454867358
1.2481490004
1.25091847671
1.25375003183
1.25660314194
1.25944224201
1.26223675089
1.26496087514
1.26759327411
1.27011664846
1.27251729713
1.27478467313
1.27691095809
1.27889066724
1.28072029094
1.28239797496
1.28392323917
1.28529673278
1.28652002319
1.28759541549
1.28852579896
1.28931451764
1.28996526164
1.29048197655
1.29086878837
1.29112994178
1.29126974975
1.29129255275
1.29120268628
1.2910044552
1.29070211402
1.26076544664
1.260511153
1.26015301576
1.2596945212
1.25913918878
1.25849056413
1.25775221535
1.25692773207
1.25602072693
1.25503483917
1.25397373992
1.25284113881
1.25164079152
1.25037650786
1.24905215991
1.24767168985
1.24623911682
1.24475854244
1.24323415427
1.24167022693
1.24007111996
1.23844127234
1.23678519288
1.23510744662
1.23341263698
1.23170538468
1.2299903048
1.22827198596
1.22655497839
1.22484380454
1.22314301524
1.22145733041
1.21979192257
1.21815292026
1.21654820908
1.21498856544
1.21348904074
1.21207032263
1.21075959913
1.2095903686
1.20860079929
1.20783069416
1.20731763009
1.20709312399
1.20717958792
1.20758852551
1.20832006985
1.20936368408
1.21069969108
1.21230126091
1.2141365305
1.21617061551
1.2183673662
1.22069079811
1.22310618526
1.22558084026
1.22808462424
1.23059023681
1.2330733349
1.23551252453
1.23788926265
1.24018769887
1.24239448032
1.2444985373
1.24649086229
1.24836429141
1.25011329446
1.25173377722
1.25322289853
1.25457890293
1.25580096936
1.25688907545
1.25784387674
1.25866660011
1.25935895007
1.25992302719
1.2603612574
1.26067633121
1.26087115183
1.26094879135
1.26091245414
1.23228946938
1.23222379242
1.23204518717
1.23175652421
1.23136082714
1.23086125992
1.23026111838
1.22956382558
1.22877293045
1.22789210944
1.22692517059
1.22587605951
1.22474886682
1.22354783641
1.22227737389
1.22094205453
1.21954663008
1.21809603357
1.2165953813
1.21504997137
1.21346527772
1.21184693916
1.21020074258
1.2085326
1.20684851916
1.20515456807
1.20345683448
1.20176138271
1.20007421232
1.19840122707
1.19674822814
1.19512095446
1.19352520416
1.19196708128
1.19045341522
1.18899238193
1.18759430319
1.18627250911
1.18504404183
1.18392990969
1.18295463222
1.18214498149
1.18152806481
1.18112908953
1.18096921526
1.18106383506
1.18142149087
1.18204347763
1.18292406841
1.18405121825
1.18540757824
1.18697166017
1.18871902199
1.19062338115
1.19265759861
1.19479450534
1.19700756479
1.19927137899
1.20156205434
1.20385744675
1.20613730708
1.20838334639
1.21057923896
1.21271057838
1.21476479965
1.21673107784
1.21860021176
1.22036449935
1.22201760981
1.22355445649
1.2249710732
1.22626449617
1.22743265279
1.22847425826
1.22938872044
1.23017605323
1.23083679836
1.23137195552
1.23178292038
1.23207143043
1.23223951785
1.20498656084
1.20505891792
1.20501184434
1.20484751054
1.20456835068
1.2041770466
1.2036765167
1.20306990917
1.20236059931
1.2015521902
1.20064851656
1.19965365082
1.19857191109
1.19740786999
1.19616636388
1.19485250127
1.19347166977
1.19202954036
1.19053206816
1.18898548835
1.18739630655
1.18577128235
1.18411740534
1.18244186287
1.18075199916
1.17905526581
1.17735916436
1.17567118262
1.17399872789
1.1723490625
1.17072925095
1.16914613256
1.16760634022
1.16611639218
1.16468288637
1.16331282029
1.16201403564
1.16079574342
1.15966902913
1.1586471907
1.15774575371
1.15698206039
1.15637443066
1.15594100274
1.15569843358
1.15566065646
1.15583786062
1.15623579753
1.15685545115
1.15769305259
1.15874038147
1.15998527771
1.16141228478
1.16300335377
1.16473855155
1.16659673126
1.1685561381
1.17059493513
1.1726916432
1.17482549569
1.17697671319
1.17912670582
1.18125821211
1.18335538392
1.18540382641
1.18739060158
1.18930420302
1.19113450858
1.19287271688
1.19451127238
1.19604378331
1.19746493571
1.19877040636
1.19995677661
1.20102144899
1.20196256769
1.20277894389
1.20346998661
1.20403563952
1.20447632382
1.20479288752
1.17893223087
1.17909768755
1.1791393651
1.17905871525
1.17885754935
1.17853802173
1.1781026182
1.17755414911
1.17689574684
1.17613086711
1.17526329355
1.17429714499
1.17323688455
1.17208732988
1.17085366345
1.16954144192
1.16815660347
1.16670547179
1.16519475553
1.16363154191
1.16202328314
1.16037777454
1.15870312324
1.15700770654
1.1553001195
1.15358911161
1.15188351295
1.15019215128
1.1485237624
1.14688689787
1.14528983652
1.14374050917
1.14224644986
1.14081479089
1.13945232136
1.13816562655
1.13696131568
1.13584632436
1.13482824932
1.13391564365
1.13311818493
1.13244663912
1.13191258049
1.13152788112
1.13130403208
1.13125138908
1.13137844165
1.13169119089
1.13219269436
1.1328828057
1.13375810948
1.13481203061
1.13603508538
1.13741523568
1.13893830833
1.14058844572
1.14234855933
1.14420076479
1.14612678301
1.14810829761
1.15012726345
1.15216616441
1.15420822159
1.15623755459
1.15823929993
1.16019969135
1.16210610704
1.16394708873
1.16571233758
1.16739269135
1.16898008699
1.17046751234
1.17184895012
1.17311931701
1.17427440024
1.17531079346
1.17622583377
1.17701754093
1.17768455997
1.17822610784
1.17864192481
1.15416848243
1.15438834286
1.15448181954
1.15444968124
1.15429313429
1.15401380795
1.15361374462
1.15309539486
1.15246161668
1.15171567885
1.15086126754
1.14990249564
1.14884391401
1.14769052361
1.14644778747
1.14512164131
1.14371850148
1.14224526874
1.14070932649
1.1391185318
1.13748119783
1.13580606622
1.13410226817
1.13237927325
1.13064682526
1.12891486509
1.1271934409
1.12549260686
1.12382231279
1.12219228778
1.12061192329
1.11909016235
1.11763540475
1.11625544002
1.11495742212
1.1137478994
1.11263290907
1.11161813565
1.11070911771
1.10991147011
1.10923107492
1.10867419127
1.1082474444
1.10795767619
1.10781166611
1.10781575443
1.10797541477
1.10829482722
1.10877649807
1.10942096152
1.11022658431
1.1111894808
1.11230353431
1.11356051238
1.11495025838
1.11646093972
1.11807933296
1.11979112768
1.12158123363
1.12343407821
1.12533388486
1.12726492537
1.12921174183
1.13115933601
1.13309332575
1.13500006929
1.13686675933
1.13868148959
1.14043329666
1.14211218058
1.14370910723
1.1452159959
1.14662569494
1.14793194826
1.14912935538
1.15021332709
1.15118003872
1.15202638279
1.15274992231
1.15334884607
1.15382192671
1.130709774
1.1309517657
1.13106615498
1.13105310442
1.13091327308
1.13064780594
1.130258328
1.12974694283
1.12911623529
1.12836927815
1.1275096419
1.12654140712
1.12546917854
1.1242980997
1.12303386695
1.12168274166
1.12025155875
1.11874773031
1.1171792423
1.1155546428
1.11388301999
1.11217396835
1.11043754168
1.1086841919
1.10692469298
1.10517004983
1.10343139288
1.10171985939
1.10004646399
1.09842196158
1.09685670709
1.09536051815
1.09394254818
1.09261117907
1.09137394397
1.09023749091
1.0892075962
1.08828923189
1.08748668378
1.08680370642
1.08624369141
1.08580981961
1.08550516698
1.08533274127
1.08529543803
1.08539591831
1.08563642268
1.08601854467
1.08654299067
1.08720935259
1.0880159156
1.08895951708
1.09003546631
1.09123752759
1.0925579645
1.09398763833
1.09551615158
1.09713202548
1.0988229005
1.10057574915
1.1023770915
1.10421320527
1.10607032394
1.10793481792
1.1097933555
1.1116330415
1.11344153298
1.11520713211
1.11691885727
1.11856649405
1.12014062791
1.12163266106
1.12303481553
1.12434012514
1.12554241841
1.12663629462
1.12761709511
1.12848087147
1.12922435236
1.12984491015
1.13034052884
1.10854893387
1.10878708086
1.10889750784
1.1088798755
1.10873438153
1.10846175588
1.10806326015
1.10754069113
1.10689638824
1.10613324445
1.10525472023
1.10426485974
1.10316830818
1.10197032944
1.10067682242
1.0992943347
1.09783007171
1.09629189979
1.09468834098
1.0930285579
1.09132232661
1.08957999595
1.08781243174
1.08603094506
1.08424720365
1.08247312695
1.08072076523
1.07900216455
1.07732922009
1.07571352118
1.07416619266
1.07269773794
1.0713178905
1.07003548134
1.06885833094
1.06779317437
1.06684562738
1.06602019914
1.06532035295
1.06474861037
1.06430668778
1.06399564853
1.06381605058
1.06376806973
1.06385158247
1.0640661987
1.0644112422
1.06488568412
1.06548804036
1.06621624725
1.06706753141
1.06803828855
1.06912398395
1.07031908383
1.07161702335
1.07301021326
1.07449008424
1.07604716516
1.07767119006
1.07935122723
1.08107582344
1.08283315651
1.08461118975
1.08639782283
1.08818103434
1.08994901255
1.09169027193
1.0933937537
1.09504890994
1.09664577119
1.09817499831
1.09962791957
1.10099655459
1.10227362667
1.10345256536
1.10452750098
1.10549325293
1.10634531354
1.10707982883
1.10769357789
1.10818395185
1.08766274173
1.08787702444
1.08796436767
1.08792404975
1.0877559101
1.08746035136
1.08703834511
1.08649144138
1.08582178155
1.08503211444
1.08412581493
1.08310690438
1.08198007177
1.08075069428
1.07942485592
1.0780093625
1.07651175099
1.07494029137
1.0733039789
1.07161251455
1.06987627191
1.06810624854
1.06631400055
1.06451155926
1.0627113299
1.06092597236
1.05916826555
1.05745095718
1.05578660207
1.0541873928
1.05266498744
1.05123033977
1.04989353819
1.04866366001
1.04754864808
1.04655521698
1.04568879517
1.04495350822
1.04435220618
1.04388653404
1.04355704074
1.04336331724
1.043304151
1.04337768209
1.04358154614
1.04391299155
1.04436896204
1.04494614025
1.04564095296
1.04644954259
1.04736771322
1.04839086077
1.04951389815
1.05073118523
1.0520364721
1.05342286226
1.05488279953
1.0564080806
1.05798989272
1.05961887434
1.06128519511
1.06297865104
1.06468876989
1.06640492206
1.06811643266
1.06981269054
1.07148325123
1.07311793123
1.07470689173
1.07624071086
1.07771044386
1.07910767148
1.08042453698
1.08165377271
1.08278871742
1.08382332567
1.08475217056
1.08557044143
1.08627393779
1.08685906077
1.08732280357
1.06801699553
1.06819288954
1.06824340076
1.06816754947
1.06796492746
1.06763570747
1.06718065579
1.06660114808
1.06589918826
1.06507743004
1.06413920052
1.06308852492
1.06193015141
1.06066957456
1.05931305581
1.05786763919
1.05634116009
1.05474224501
1.05308030002
1.05136548569
1.04960867654
1.04782140314
1.0460157757
1.04420438836
1.04240020424
1.04061642219
1.03886632689
1.03716312525
1.03551977251
1.03394879265
1.03246209812
1.03107081447
1.0297851157
1.02861407639
1.02756554617
1.02664605238
1.0258607355
1.02521332148
1.02470613338
1.02434014269
1.02411505817
1.02402944711
1.02408088119
1.02426609666
1.02458115745
1.02502160984
1.02558261813
1.02625907372
1.02704567244
1.02793695891
1.02892733967
1.03001106974
1.03118221924
1.03243462796
1.03376185565
1.03515713571
1.03661333842
1.03812294825
1.03967805849
1.04127038396
1.0428912918
1.04453184833
1.04618287964
1.0478350425
1.04947890219
1.05110501386
1.05270400403
1.05426664967
1.05578395235
1.0572472059
1.0586480563
1.05997855316
1.0612311927
1.06239895234
1.06347531746
1.06445430124
1.0653304584
1.06609889398
1.06675526832
1.0672957994
1.06771726351
1.04957097359
1.0496989454
1.04970381769
1.04958447357
1.04934036755
1.04897154216
1.04847864733
1.04786296264
1.04712642208
1.04627164103
1.04530194459
1.04422139647
1.04303482706
1.04174785911
1.04036692941
1.03889930424
1.03735308633
1.03573721123
1.0340614304
1.03233627891
1.03057302573
1.02878360492
1.02698052668
1.02517676808
1.02338564396
1.02162065967
1.01989534823
1.01822309551
1.016616958
1.01508947817
1.01365250304
1.01231701167
1.01109295689
1.0099891265
1.00901302817
1.00817080186
1.00746716272
1.00690537635
1.00648726777
1.00621326401
1.00608246915
1.00609276881
1.00624095945
1.00652289628
1.00693365176
1.00746767621
1.00811895157
1.00888113018
1.00974765194
1.01071183516
1.011766939
1.01290619803
1.01412283139
1.01541003139
1.0167609372
1.0181686
1.01962594592
1.02112574239
1.02266057229
1.02422281937
1.0258046667
1.02739810868
1.02899497622
1.03058697343
1.03216572382
1.03372282365
1.03524989956
1.03673866832
1.03818099616
1.03956895592
1.04089488034
1.04215141065
1.0433315394
1.04442864765
1.04543653625
1.04634945172
1.04716210718
1.04786969914
1.04846792097
1.0489529739
1.04932157649
1.03228127616
1.03235629542
1.03231123376
1.03214494873
1.03185686159
1.03144698064
1.03091592686
1.03026496218
1.02949601971
1.02861173562
1.02761548181
1.02651139819
1.0253044232
1.02400032091
1.02260570253
1.02112804032
1.01957567125
1.01795778799
1.01628441475
1.01456636569
1.01281518387
1.01104305947
1.00926272669
1.00748733954
1.00573032809
1.00400523773
1.00232555498
1.00070452488
0.99915496514
0.997689083269
0.996318302464
0.995053101973
0.993902876706
0.992875819841
0.991978830966
0.991217451109
0.990595825007
0.990116690249
0.989781392505
0.989589925797
0.989540996586
0.989632110116
0.989859676867
0.990219136116
0.990705092547
0.991311460752
0.992031611561
0.992858513713
0.993784864457
0.994803203493
0.995906005946
0.997085751899
0.998334971905
0.999646269875
1.00101232634
1.00242588632
1.00387973681
1.0053666789
1.00687949943
1.00841094624
1.00995371026
1.0115004165
1.0130436251
1.01457584246
1.01608954183
1.01757719208
1.01903129292
1.0204444148
1.02180924151
1.02311861383
1.02436557265
1.02554340025
1.02664565897
1.02766622648
1.02859932752
1.02943956191
1.03018192926
1.0308218506
1.03135518755
1.03177825977
1.03208786122
1.01610508397
1.01612619044
1.01603101987
1.01581850255
1.01548812001
1.01503993398
1.01447461774
1.01379348941
1.01299854699
1.01209250432
1.01107882712
1.00996176768
1.00874639673
1.00743863042
1.00604525034
1.00457391391
1.00303315272
1.001432356
0.999781736749
0.998092278281
0.996375659421
0.994644157455
0.992910528859
0.991187869015
0.989489453451
0.987828564481
0.986218308347
0.984671428979
0.983200125084
0.981815877383
0.980529292321
0.979349967482
0.978286382397
0.977345816525
0.976534294265
0.975856555191
0.9753160465
0.97491493423
0.974654129994
0.974533330829
0.974551070831
0.97470478431
0.974990880879
0.975404832983
0.975941275809
0.976594118429
0.977356663607
0.978221732356
0.979181788254
0.980229056103
0.98135562963
0.982553563809
0.983814948635
0.985131962842
0.986496907732
0.987902222834
0.989340486339
0.990804404088
0.992286791237
0.993780550683
0.995278651901
0.996774113183
0.998259989487
0.999729367224
1.00117536655
1.00259115102
1.00396994395
1.00530505044
1.00658988377
1.00781799488
1.00898310366
1.01007913078
1.01110022932
1.01204081522
1.0128955963
1.01365959944
1.01432819598
1.01489712545
1.015362518
1.01572091589
1.01596929457
1.00100290229
1.00097284501
1.00083117221
1.00057696957
1.00020985879
0.999730031309
0.999138283993
0.998436056645
0.997625470641
0.996709367914
0.995691349095
0.994575809312
0.993367969807
0.992073903183
0.9907005498
0.989255722628
0.987748097717
0.986187187512
0.984583294446
0.98294744273
0.98129128699
0.979626997414
0.977967122343
0.976324430721
0.974711738385
0.97314172373
0.971626739623
0.970178629328
0.968808554596
0.967526843593
0.966342865143
0.965264933734
0.964300247093
0.963454855241
0.962733657099
0.962140418536
0.961677804489
0.961347417819
0.961149838842
0.961084661751
0.961150526931
0.961345150874
0.96166535747
0.962107115493
0.962665586955
0.963335189716
0.964109675723
0.96498222386
0.965945544237
0.966991989014
0.968113663942
0.969302534632
0.970550522235
0.971849584368
0.973191778747
0.974569308652
0.97597455092
0.977400068494
0.978838610461
0.980283103022
0.981726634936
0.98316244077
0.984583884788
0.985984447708
0.987357717854
0.988697387595
0.989997255325
0.991251232827
0.992453357428
0.993597808218
0.994678925425
0.99569123208
0.996629457153
0.997488559482
0.998263751972
0.998950525702
0.999544673792
1.00004231499
1.00043991714
1.00073432072
1.0009227629
0.986940870396
0.986865817213
0.986684743412
0.986396955733
0.986002280701
0.98550110172
0.984894398038
0.984183785105
0.983371555577
0.982460719905
0.981455045117
0.980359090046
0.979178234878
0.977918702565
0.976587569343
0.97519276141
0.973743034754
0.972247935244
0.97071773652
0.969163353843
0.967596233116
0.966028215579
0.964471380321
0.962937868567
0.96143969559
0.959988557863
0.958595644464
0.95727146252
0.956025686385
0.954867039109
0.953803212506
0.952840828832
0.951985443089
0.95124158071
0.950612801504
0.950101777967
0.949710374942
0.949439718551
0.949290245206
0.949261725919
0.949353266231
0.949563286816
0.949889493485
0.950328847196
0.950877544611
0.951531017882
0.952283959186
0.953130371912
0.954063646776
0.955076658278
0.956161874824
0.95731147492
0.958517461862
0.959771770268
0.961066359232
0.962393288742
0.963744777833
0.965113244645
0.966491329964
0.967871906804
0.969248079154
0.970613173207
0.971960724247
0.973284461981
0.974578296619
0.975836307373
0.977052734522
0.978221975619
0.979338586022
0.980397283573
0.981392957049
0.982320677854
0.983175714416
0.983953548742
0.984649894694
0.985260717614
0.985782255094
0.986211038758
0.986543917091
0.986778079393
0.98691108106
0.973892710926
0.97378200991
0.97357187746
0.973261889607
0.972852125858
0.972343208405
0.971736343001
0.971033360827
0.970236760389
0.969349748154
0.968376276261
0.967321075279
0.96618967958
0.964988442568
0.9637245387
0.962405949114
0.961041427664
0.959640444466
0.958213104623
0.956770040734
0.955322279131
0.953881081489
0.952457765501
0.951063510531
0.949709156434
0.948405005689
0.947160640446
0.945984766611
0.944885096403
0.943868278698
0.94293988288
0.94210443699
0.941365515131
0.940725863175
0.940187546596
0.939752100932
0.93942066465
0.939194076593
0.939072925577
0.939057547175
0.939147970973
0.939343828961
0.939644241088
0.940047696529
0.940551948642
0.941153938396
0.941849756028
0.942634645175
0.943503048446
0.94444868913
0.945464680723
0.946543654359
0.947677893984
0.948859469875
0.950080362724
0.951332572513
0.952608208611
0.95389955958
0.955199143014
0.956499737075
0.95779439642
0.959076455671
0.960339523803
0.961577472617
0.962784422164
0.963954725464
0.965082954355
0.966163887761
0.967192503205
0.968163971992
0.969073658161
0.969917121103
0.970690121605
0.971388630998
0.972008843099
0.972547188667
0.973000352155
0.973365290613
0.97363925468
0.973819811675
0.973904870856
0.961841375479
0.961707336937
0.961481479877
0.96116368034
0.960754301948
0.96025423594
0.959664942607
0.958988493227
0.958227611296
0.957385711508
0.956466934521
0.955476175162
0.954419101321
0.953302160412
0.95213257006
0.950918289547
0.949667968701
0.948390871347
0.947096771274
0.9457958199
0.944498386597
0.943214874752
0.941955519203
0.940730173413
0.939548097345
0.938417759287
0.937346666249
0.936341237742
0.935406736246
0.934547264337
0.933765833018
0.933064498838
0.932444559181
0.931906787055
0.931451679909
0.931079693041
0.930791428282
0.930587753322
0.930469836108
0.930439090603
0.930497042737
0.930645136058
0.930884503721
0.931215736107
0.931638671426
0.932152230889
0.932754312121
0.933441746298
0.934210317128
0.935054834077
0.935969248424
0.936946798857
0.937980173084
0.939061673048
0.94018337332
0.941337264713
0.942515377813
0.943709883582
0.944913170411
0.9461178987
0.947317035323
0.948503871116
0.949672024877
0.950815437425
0.951928359006
0.953005332933
0.95404117789
0.955030970753
0.955970031339
0.956853910008
0.957678378695
0.958439425642
0.959133253907
0.95975628357
0.960305157499
0.960776750499
0.961168181673
0.961476829875
0.961700352139
0.961836705049
0.961884169019
0.950780417021
0.950638076192
0.950412537173
0.950103989481
0.949713094761
0.949241026426
0.948689510309
0.948060865191
0.94735804176
0.946584658145
0.945745029765
0.944844190781
0.94388790405
0.942882656104
0.941835633502
0.940754676835
0.939648208993
0.938525134902
0.937394711113
0.936266385228
0.935149607362
0.934053618564
0.932987224189
0.931958563491
0.930974889775
0.93004237793
0.929165977495
0.928349329094
0.927594759604
0.92690336641
0.926275193599
0.925709493182
0.925205053378
0.924760565135
0.92437498924
0.924047881835
0.92377963754
0.923571617599
0.923426144784
0.923346364913
0.923335993158
0.923398978041
0.923539124742
0.923759721278
0.924063206351
0.924450907663
0.924922867244
0.925477758543
0.926112890248
0.926824284611
0.927606813815
0.928454376191
0.929360094549
0.930316520742
0.931315833452
0.932350019355
0.933411031137
0.934490918743
0.935581932824
0.936676601313
0.937767781536
0.938848691147
0.939912921684
0.940954438627
0.941967571665
0.942946998524
0.943887725219
0.944785065097
0.945634618492
0.946432254369
0.947174094904
0.947856503605
0.948476077319
0.949029642295
0.949514254294
0.949927202724
0.950266018673
0.950528486756
0.950712660657
0.950816882289
0.950839804469
0.9407150906
0.940581907071
0.940375079759
0.940095108362
0.939742949418
0.939320054382
0.938828408186
0.938270566915
0.937649692859
0.9369695848
0.936234700905
0.935450171165
0.934621795892
0.93375602644
0.932859924165
0.931941093713
0.931007587191
0.930067776669
0.929130193932
0.928203338528
0.927295457862
0.926414306448
0.925566895135
0.924759244993
0.923996164081
0.923281068054
0.922615866738
0.922000937953
0.921435206093
0.920916336132
0.920441043468
0.920005506937
0.919605857529
0.919238700863
0.918901620068
0.918593600427
0.918315320614
0.918069268607
0.917859662317
0.91769218187
0.917573546583
0.917510989187
0.917511689555
0.917582229958
0.917728124102
0.917953455683
0.918260643675
0.918650335322
0.919121415246
0.919671110766
0.920295169331
0.920988083258
0.92174333879
0.922553669864
0.923411301174
0.924308169445
0.925236115878
0.926187046221
0.927153057767
0.928126534704
0.929100214727
0.930067230732
0.931021131852
0.931955888146
0.932865883049
0.933745897329
0.934591087754
0.935396963191
0.936159360282
0.936874420376
0.937538568939
0.938148498302
0.938701154307
0.939193727178
0.939623646785
0.939988582335
0.940286446469
0.940515403685
0.940673882989
0.94076059465
0.940774550928
0.931663155858
0.931558606796
0.931390764648
0.93116042004
0.930868804798
0.930517627382
0.930109108115
0.929646012577
0.929131681164
0.928570052314
0.927965676428
0.927323717042
0.926649935369
0.925950653996
0.92523269548
0.92450329174
0.923769960849
0.92304034901
0.922322037414
0.921622316266
0.920947931652
0.920304814909
0.919697808573
0.9191304075
0.918604537762
0.918120398879
0.917676396021
0.917269187224
0.916893865587
0.916544287353
0.916213543302
0.915894553704
0.915580747443
0.915266766685
0.914949123441
0.914626728161
0.914301216863
0.913977023965
0.913661180869
0.913362859587
0.913092717222
0.912862122084
0.912682351551
0.912563846835
0.912515592149
0.912544659351
0.912655932195
0.9128520028
0.913133217622
0.913497841228
0.913942303063
0.914461493734
0.915049081686
0.915697826939
0.916399874744
0.917147017857
0.917930921098
0.918743305869
0.919576095256
0.920421522447
0.921272206454
0.922121199855
0.922962013481
0.92378862288
0.924595461035
0.925377401365
0.926129734463
0.926848141469
0.927528666418
0.928167689409
0.928761901953
0.929308285534
0.929804094048
0.930246840573
0.930634288723
0.930964448699
0.931235578052
0.931446187111
0.931595048974
0.931681213913
0.93170402802
0.923655332047
0.923600362588
0.923493041902
0.923334417489
0.92312596143
0.92286960217
0.922567755238
0.922223351011
0.921839857227
0.921421293404
0.920972233836
0.920497795313
0.920003605301
0.919495746009
0.918980669817
0.918465081857
0.917955786493
0.917459495971
0.916982601905
0.916530913429
0.916109369886
0.91572174064
0.915370329764
0.915055708458
0.914776502622
0.914529266162
0.914308471568
0.914106647066
0.913914683213
0.913722320286
0.91351881077
0.913293728931
0.913037873565
0.912744184243
0.912408571131
0.912030550649
0.911613589724
0.911165092714
0.910696013898
0.910220134986
0.909753097564
0.909311311155
0.908910863856
0.908566548961
0.908291091313
0.908094616362
0.907984367079
0.907964646573
0.908036946441
0.908200211987
0.908451194812
0.90878484843
0.909194731032
0.909673388969
0.910212703604
0.910804191823
0.911439256421
0.912109386858
0.912806313633
0.913522121177
0.914249324971
0.914980918782
0.915710397779
0.916431762826
0.917139510734
0.917828614621
0.918494497907
0.919133004853
0.919740370005
0.920313188372
0.92084838777
0.92134320433
0.921795161926
0.922202055993
0.922561942024
0.922873128896
0.923134177059
0.923343901553
0.923501379725
0.923605963504
0.923657295986
0.916735341779
0.916751647296
0.916726864443
0.916662250346
0.916559468439
0.916420615663
0.916248247567
0.916045399176
0.915815598988
0.915562872943
0.915291734648
0.915007157615
0.91471452486
0.914419550978
0.914128171926
0.91384639831
0.913580129167
0.913334925204
0.913115743328
0.912926638103
0.912770440524
0.912648429908
0.912560020578
0.912502490761
0.912470786132
0.912457433861
0.912452604012
0.912444352414
0.912419071562
0.912362162315
0.912258918038
0.912095584382
0.91186052367
0.911545377724
0.911146094794
0.910663675465
0.910104508442
0.909480214084
0.908806985847
0.908104501214
0.907394541956
0.906699500313
0.906040945997
0.905438400832
0.904908420831
0.90446402476
0.904114456677
0.903865237365
0.903718438952
0.9036731092
0.903725775968
0.903870974125
0.904101752315
0.904410132048
0.904787504418
0.905224959499
0.905713549995
0.906244494591
0.906809328411
0.907400008584
0.908008982756
0.908629227803
0.909254265219
0.909878158797
0.910495499423
0.911101381018
0.911691370958
0.912261477702
0.912808117779
0.913328083832
0.913818515001
0.914276870606
0.914700907784
0.915088663559
0.915438441588
0.915748803755
0.916018566615
0.91624680265
0.916432846214
0.916576303954
0.916677069463
0.91095947606
0.911068607197
0.911147906432
0.911198782182
0.911223028561
0.911222847148
0.911200865458
0.911160149709
0.911104208974
0.911036987188
0.910962838932
0.910886484377
0.910812938378
0.910747408539
0.910695157376
0.91066132442
0.910650705715
0.910667490522
0.910714958491
0.910795145004
0.910908487801
0.911053474112
0.911226313993
0.911420671801
0.911627493208
0.911834968908
0.912028677399
0.912191946617
0.912306466124
0.912353166
0.912313353449
0.912170062127
0.911909523796
0.91152262288
0.911006153717
0.91036368372
0.909605848875
0.908749978134
0.907819051359
0.906840113126
0.905842354095
0.904855113793
0.903906041422
0.903019599411
0.902216024214
0.901510770608
0.900914398212
0.900432822194
0.900067824296
0.899817714112
0.899678043266
0.899642298533
0.899702526268
0.899849863986
0.900074972712
0.900368375133
0.900720710568
0.901122920001
0.901566374266
0.902042957136
0.90254511339
0.903065870163
0.903598838327
0.904138199399
0.904678682354
0.905215533871
0.905744484862
0.906261715513
0.906763820605
0.9072477765
0.907710910828
0.908150875632
0.908565624536
0.908953394291
0.909312690916
0.909642280538
0.909941184941
0.910208681736
0.910444309015
0.910647874257
0.910819467169
0.906395621563
0.906617922823
0.906821270954
0.907007158751
0.907177441154
0.907334350791
0.907480508886
0.907618928873
0.907753009493
0.907886513514
0.908023527645
0.908168398676
0.908325640502
0.908499806699
0.908695323679
0.90891628057
0.909166173859
0.90944760771
0.909761954914
0.910108988419
0.910486499451
0.910889924849
0.911312013103
0.911742565165
0.912168291836
0.912572833769
0.912936992137
0.913239216449
0.913456388874
0.913564928459
0.913542209974
0.913368247267
0.913027530048
0.912510833104
0.911816755259
0.910952717698
0.909935183255
0.908788962896
0.907545640066
0.906241317349
0.904913997604
0.903600957952
0.902336431839
0.901149825
0.900064593065
0.89909778263
0.898260154231
0.897556765218
0.896987848629
0.896549820133
0.896236274916
0.896038881687
0.895948126722
0.895953897121
0.896045915644
0.896214050646
0.896448527371
0.896740064649
0.897079956926
0.897460117021
0.897873091104
0.898312054246
0.898770792619
0.899243676783
0.899725629331
0.900212089416
0.900698976047
0.901182651683
0.901659887277
0.902127829701
0.902583972237
0.90302612867
0.903452411347
0.903861213455
0.904251195656
0.904621277138
0.904970631039
0.90529868416
0.905605120781
0.905889890322
0.906153218508
0.903121711514
0.90347512645
0.903819692198
0.904156913283
0.904488629339
0.904817023721
0.905144626022
0.905474305614
0.905809252665
0.906152942485
0.906509078431
0.906881508093
0.907274107217
0.907690625877
0.908134492103
0.908608569496
0.909114867747
0.909654208347
0.910225852315
0.910827102397
0.911452898564
0.912095432574
0.91274381423
0.913383828511
0.913997828555
0.914564814355
0.915060750656
0.915459178722
0.915732172925
0.915851679481
0.915791244142
0.915528080768
0.915045350202
0.914334416681
0.913396752515
0.912245112688
0.910903642968
0.909406740638
0.907796741442
0.906120777981
0.904427255779
0.902762440091
0.901167566814
0.899676746618
0.898315806465
0.8971020331
0.896044693585
0.895146155833
0.894403338313
0.893809220975
0.893354216721
0.893027291943
0.892816805245
0.892711088111
0.892698817585
0.892769236139
0.892912267144
0.893118563233
0.89337951375
0.893687228459
0.894034508143
0.894414808397
0.894822200229
0.895251329579
0.895697376995
0.8961560183
0.896623386861
0.897096037976
0.8975709158
0.898045323219
0.898516894966
0.898983574271
0.89944359323
0.899895457028
0.900337932101
0.900770038238
0.90119104457
0.901600469327
0.901998083175
0.902383915843
0.902758265666
0.901223592468
0.901722391036
0.902221268179
0.9027216647
0.903225325573
0.903734300995
0.904250939832
0.904777872309
0.905317978161
0.905874335781
0.906450147335
0.907048634329
0.907672897939
0.908325738699
0.909009431008
0.909725449735
0.910474148939
0.911254396673
0.912063174862
0.91289515923
0.913742300777
0.914593437009
0.915433967466
0.91624563396
0.917006451421
0.917690840997
0.918270023457
0.918712737562
0.918986351799
0.91905843145
0.918898794424
0.918482024018
0.917790294772
0.916816215542
0.915565238782
0.914057095866
0.912325770301
0.910417749887
0.90838869188
0.906299108275
0.904209684851
0.902176880094
0.900249330008
0.898465377802
0.896851911098
0.895424424217
0.894188174488
0.893140184695
0.892271599065
0.891569939219
0.891020961146
0.890609995814
0.89032279959
0.890146016969
0.890067376199
0.890075722592
0.890160966277
0.890313993759
0.890526571397
0.890791254571
0.891101307704
0.891450635784
0.891833726033
0.892245597782
0.892681758759
0.893138166359
0.893611192939
0.894097594521
0.894594482613
0.895099299027
0.895609793704
0.896124005613
0.896640246806
0.897157089718
0.897673357726
0.898188119008
0.898700683602
0.899210603588
0.899717676161
0.900221949322
0.900723729775
0.900792337935
0.901445841863
0.902106793632
0.902776494876
0.903456516295
0.904148690626
0.904855096474
0.905578029594
0.906319957619
0.907083453524
0.907871102591
0.908685377216
0.909528473886
0.910402107152
0.911307256643
0.912243865384
0.913210490935
0.914203915353
0.915218725347
0.916246880155
0.917277290859
0.918295440632
0.919283080347
0.920218038215
0.921074186608
0.921821615909
0.922427076028
0.922854762008
0.923067537531
0.923028698977
0.922704363492
0.922066491161
0.921096400359
0.919788407173
0.918152965782
0.916218522618
0.914031359755
0.911653041703
0.909155647998
0.906615922656
0.904109157382
0.901703566727
0.899455761318
0.897407722166
0.895585575509
0.894000043049
0.892648617063
0.891519076068
0.890593338356
0.889850842642
0.889271004335
0.88883468042
0.888524828243
0.888326627527
0.888227308385
0.88821585865
0.888282714344
0.888419484525
0.888618728519
0.888873785532
0.889178648644
0.889527873082
0.889916509296
0.890340053215
0.890794407992
0.891275853324
0.891781019794
0.892306866675
0.892850662357
0.893409966976
0.893982617125
0.894566712663
0.895160605702
0.895762891896
0.8963724041
0.896988208445
0.89760960281
0.898236117605
0.89886751867
0.899503812004
0.900145249908
0.901921081981
0.902732479482
0.903556794798
0.904395117445
0.905248766657
0.906119275908
0.907008366738
0.907917908298
0.908849858388
0.909806181129
0.910788735884
0.911799131781
0.912838542366
0.913907475689
0.915005496761
0.916130902042
0.917280349428
0.918448452133
0.919627350546
0.920806282024
0.921971173833
0.923104288373
0.924183952026
0.925184400124
0.92607577295
0.926824304998
0.927392766802
0.927741248387
0.927828413336
0.927613388861
0.927058460848
0.926132669074
0.92481619924
0.923105127172
0.921015650425
0.91858663496
0.915879380737
0.912974058604
0.909962908147
0.906942370882
0.904005325699
0.901234061013
0.898694407947
0.896431661192
0.894468924998
0.892807777486
0.891432189542
0.890314796581
0.889423353231
0.888725849346
0.888193611924
0.887802572476
0.887533290341
0.887370331889
0.887301437229
0.88731672001
0.887408007204
0.887568342735
0.887791638244
0.888072439838
0.888405778978
0.888787080663
0.889212108556
0.889676932704
0.89017791027
0.890711673255
0.89127511963
0.891865405931
0.892479940397
0.893116376336
0.893772605788
0.894446753659
0.895137172623
0.895842439044
0.896561350131
0.897292922475
0.898036392033
0.898791215519
0.899557073058
0.900333871819
0.901121750206
0.904701487041
0.905666836339
0.906648394105
0.907646969329
0.908663557329
0.909699315587
0.910755527386
0.911833549526
0.912934739744
0.91406035887
0.915211442346
0.916388635629
0.917591988421
0.918820703825
0.920072840691
0.921344970658
0.922631795847
0.923925738552
0.925216519963
0.926490750234
0.92773155563
0.928918269293
0.930026209899
0.931026568533
0.931886422484
0.932568901883
0.933033559954
0.933237047084
0.933134262783
0.932680241426
0.931833075965
0.930558128124
0.928833526048
0.92665645022
0.924049013857
0.921061947634
0.917774360152
0.914289018045
0.910722743454
0.907195685391
0.903822071802
0.900702072521
0.897913836611
0.895507068223
0.893499629932
0.891877363707
0.890601503479
0.889620189547
0.888879733521
0.888332454476
0.887940165869
0.88767437975
0.887514790379
0.88744723275
0.887461778898
0.887551233495
0.887710062604
0.88793368947
0.888218064176
0.88855942106
0.888954156328
0.889398777751
0.889889894361
0.890424225996
0.890998620713
0.891610073447
0.892255742636
0.892932963526
0.893639257963
0.894372341086
0.895130125549
0.895910723983
0.896712450359
0.89753382081
0.898373554368
0.899230573918
0.900104007572
0.900993190493
0.901897667085
0.902817193299
0.90375173861
0.909219995225
0.910327515242
0.911452149435
0.912594364039
0.913754764686
0.914934063467
0.916133032412
0.917352439554
0.918592963124
0.91985507893
0.921138915673
0.922444073105
0.923769398678
0.925112719973
0.926470532938
0.927837649937
0.92920681669
0.930568312993
0.931909557696
0.933214742407
0.934464519141
0.935635763151
0.936701423201
0.937630459753
0.938387862959
0.938934747584
0.939228555187
0.939223468591
0.938871264687
0.93812298215
0.936931907043
0.935258378089
0.933076634832
0.930383230031
0.927205403558
0.923606630729
0.919686255994
0.915573381396
0.911414587082
0.907357510022
0.9035417862
0.900092120651
0.897106675588
0.894645214336
0.892719964334
0.891290306645
0.890279212301
0.889594472767
0.889149790733
0.888876817181
0.888727690031
0.888672047313
0.888692240114
0.888778830303
0.888927141046
0.889134921955
0.889400915363
0.889724058556
0.890103095282
0.890536430837
0.891022120426
0.891557922341
0.892141376084
0.892769883797
0.893440784449
0.894151416547
0.894899168605
0.895681518317
0.896496062082
0.897340536721
0.898212835125
0.899111017362
0.900033318499
0.900978154152
0.901944124507
0.902930017373
0.903934810588
0.90495767393
0.905997970506
0.907055257396
0.908129285111
0.91555403705
0.916783772188
0.91802901735
0.919289841356
0.920566402765
0.921858908255
0.923167556177
0.924492461419
0.92583355714
0.927190468541
0.928562353769
0.929947707449
0.931344123559
0.932748016565
0.934154303191
0.935556052018
0.936944113915
0.938306752539
0.939629299364
0.940893859932
0.942079094935
0.943160089172
0.944108303084
0.944891578302
0.945474149167
0.945816611829
0.945875842798
0.945604962577
0.944953621074
0.943869127625
0.942299198263
0.940197208424
0.937530586758
0.934292068099
0.930511802155
0.926266168318
0.921676416504
0.9168977517
0.912114106968
0.907500862383
0.90322445077
0.89944654332
0.896303688043
0.893883887197
0.892201397291
0.891168513767
0.890642944309
0.890462585071
0.890490698199
0.890633398664
0.890836470612
0.891074268439
0.891338615846
0.891630500509
0.891954751606
0.892317013651
0.892722238479
0.893174082479
0.893674795151
0.89422534505
0.89482563874
0.895474756935
0.896171172032
0.896912933213
0.897697816616
0.89852344333
0.899387369936
0.900287156742
0.901220418413
0.902184861047
0.903178309009
0.90419872415
0.905244219435
0.906313068524
0.907403712425
0.908514764011
0.909645010895
0.910793416914
0.911959122262
0.913141442063
0.914339862959
0.923768382809
0.925092307142
0.926427581424
0.927773831398
0.929130721293
0.930497903745
0.931874953892
0.933261283761
0.934656032646
0.936057928911
0.937465118827
0.938874958846
0.940283769437
0.941686551549
0.9430766711
0.944445522646
0.945782190135
0.947073129277
0.948301900827
0.949448983979
0.950491691113
0.951404186112
0.952157577705
0.952720020503
0.953056720753
0.953129732398
0.952897472161
0.952314015096
0.951328482047
0.94988519766
0.947925723834
0.945394198513
0.942247307678
0.938469130834
0.934088561951
0.929195055443
0.923937538311
0.918471309996
0.913041058706
0.90783719185
0.903039736809
0.898872250485
0.895552081995
0.8932446175
0.89200280043
0.891640759664
0.891907273048
0.89250688273
0.893223758151
0.893937642042
0.894599920372
0.89520386322
0.895762673458
0.896296334083
0.896824804055
0.897365066883
0.897930261742
0.898529816198
0.899169981648
0.899854467751
0.900585037944
0.901362014913
0.902184686756
0.903051622585
0.903960912409
0.904910346627
0.905897548787
0.906920072853
0.907975473877
0.909061358961
0.910175423698
0.911315477993
0.912479464129
0.913665469168
0.914871733183
0.916096654325
0.917338791386
0.91859686419
0.919869751893
0.921156489008
0.922456258721
0.93391181814
0.935294413829
0.936681666618
0.938072724345
0.939466721808
0.940862722635
0.942259644554
0.943656164312
0.945050598146
0.946440753677
0.947823749584
0.949195800649
0.950551968143
0.951885879301
0.953189425016
0.954452451792
0.955662471789
0.956804422025
0.957860507917
0.958810163699
0.959630148423
0.960294767041
0.960776160073
0.961044546586
0.961068247505
0.960813286396
0.960242403131
0.959313471781
0.957977633624
0.956177960171
0.953850112366
0.950927111757
0.947350624997
0.943090172655
0.938167022442
0.932678424244
0.92685797093
0.920991240782
0
0
0
0
0
0.892809505507
0.89208464911
0.892772081618
0.894292738001
0.896055112948
0.897724733632
0.899171990592
0.900385838398
0.901405920274
0.902285706586
0.903075744554
0.903817634557
0.904543069066
0.905274926205
0.906028965334
0.906815494977
0.907640787103
0.908508193912
0.909418995542
0.910373028562
0.911369145186
0.912405545668
0.913480017384
0.914590106005
0.915733237574
0.916906805222
0.918108230474
0.919335006286
0.920584726961
0.921855108564
0.92314400243
0.924449403533
0.925769454929
0.927102449002
0.928446825941
0.929801169502
0.931164199923
0.932534763499
0.9460143073
0.947413615217
0.948808431125
0.950197403498
0.951579117387
0.952952028767
0.954314381832
0.955664105685
0.956998686676
0.958315012847
0.959609187824
0.960876313249
0.962110241983
0.963303309079
0.964446054127
0.965526956814
0.96653221666
0.967445615812
0.968248507497
0.96891996729
0.96943712418
0.969775647809
0.969910304637
0.969815413191
0.969464942868
0.968831944113
0.967887020657
0.966595721559
0.964915109353
0.962790399701
0.960153470044
0.956926102633
0.953031768424
0.948419984518
0.943101633439
0.937305862761
0
0
0
0
0
0
0
0
0
0.89493517011
0.898004611697
0.901484658697
0.904419859609
0.906748304041
0.90856964166
0.910016835964
0.911209733327
0.912242577686
0.913184520102
0.914084146638
0.914974476946
0.915877237089
0.9168061606
0.917769413213
0.918771325802
0.91981361438
0.920896232162
0.92201796239
0.923176830208
0.924370388752
0.925595917888
0.926850562215
0.928131426751
0.929435643007
0.930760414267
0.932103046151
0.933460966655
0.934831738573
0.936213066234
0.93760279785
0.938998924257
0.940399574455
0.94180300802
0.943207604214
0.944611847294
0.960084777354
0.961453878097
0.962806991946
0.964142263363
0.965457725433
0.966751227339
0.968020344713
0.96926226958
0.970473676607
0.971650562923
0.972788059986
0.973880218457
0.974919770953
0.975897883451
0.976803914135
0.977625208251
0.978346968179
0.978952246924
0.979422116717
0.979736056453
0.979872575174
0.979810036365
0.979527565377
0.979005813391
0.978227233023
0.977175429793
0.975833149435
0.974178622751
0.972180405743
0.969791604932
0.966945530894
0.963556393163
0.959530188204
0.954792922263
0.949386231825
0
0
0
0
0
0
0
0
0
0
0
0.903935881113
0.909287320686
0.913802711637
0.917089877154
0.919500285637
0.921325354771
0.92277897247
0.924009063111
0.925114617893
0.92616039465
0.927187896524
0.928223073033
0.9292815553
0.93037215995
0.931499218626
0.932664124474
0.933866360479
0.935104185491
0.936375093718
0.937676123654
0.93900406641
0.940355606382
0.941727416111
0.943116219852
0.944518835612
0.945932202173
0.947353395512
0.948779637535
0.950208299106
0.951636898585
0.953063096636
0.954484687647
0.955899587812
0.957305819628
0.958701492313
0.97610961734
0.977398462007
0.978657604022
0.979884700298
0.981077251765
0.982232524766
0.983347455672
0.984418535755
0.985441673682
0.986412033759
0.987323849857
0.988170218021
0.988942875659
0.989631982341
0.990225926731
0.990711195766
0.991072354575
0.991292196025
0.991352122512
0.991232812714
0.990915193747
0.990381675572
0.989617503633
0.988611950116
0.987358911579
0.985856350926
0.984103981101
0.982098727251
0.979827929167
0.977261063116
0.974342083835
0.97098646567
0.967088937276
0.962545766862
0
0
0
0
0
0
0
0
0
0
0
0
0
0.920344159242
0.926480706772
0.930606464529
0.933455721025
0.935526549119
0.937137732178
0.938488524765
0.939702045434
0.940853611137
0.941988655898
0.943133924346
0.94430444306
0.945507872405
0.946747237899
0.948022656756
0.949332437906
0.950673788385
0.952043270256
0.953437097888
0.954851332082
0.95628200683
0.95772521163
0.959177144128
0.960634142696
0.962092705239
0.963549498328
0.965001359384
0.96644529361
0.967878466781
0.969298194478
0.970701928023
0.972087237081
0.973451788626
0.974793321726
0.994051942513
0.995209418747
0.99632137893
0.997385034822
0.998397401285
0.999355212557
1.00025482247
1.00109208618
1.00186222139
1.00255964832
1.0031778099
1.00370897743
1.004144053
1.00447238806
1.00468164912
1.0047577744
1.00468508042
1.00444658873
1.00402464851
1.00340191875
1.00256273792
1.00149483527
1.0001912212
0.998651934244
0.996885137081
0.994906885982
0.992738817975
0.990403107574
0.987914461456
0.985269786856
0.98243768963
0.979352397674
0.975920010414
0.971754310614
0
0
0
0
0
0
0
0
0
0
0
0
0
0.935996676272
0.943085683043
0.94761366071
0.95057651278
0.952669635866
0.954289325363
0.955662213039
0.956918231567
0.958131572219
0.959343907168
0.960577733468
0.96184414436
0.963147415314
0.96448774536
0.965862915951
0.967269306202
0.968702520416
0.970157778936
0.971630162669
0.973114765936
0.974606791148
0.976101606056
0.977594776582
0.979082083427
0.980559527716
0.982023328978
0.983469917628
0.984895923235
0.98629815938
0.987673605485
0.989019385715
0.990332744816
0.991611020498
0.992851611792
1.01385162902
1.01482772252
1.01574050113
1.01658680452
1.01736323787
1.01806608406
1.01869120111
1.01923390275
1.01968882114
1.02004975192
1.02030948489
1.02045962792
1.02049043879
1.02039068909
1.02014759732
1.01974688366
1.01917301515
1.01840972469
1.01744089251
1.01625186819
1.01483127146
1.01317323034
1.01127988538
1.00916380962
1.00684978246
1.00437515444
1.00178792378
0.999141717069
0.996487250223
0.99386068846
0.991270844176
0.988689746945
0.986055047476
0
0
0
0
0
0
0
0
0
0
0
0
0
0
0
0.964185993961
0.968222128573
0.970788558521
0.972608582675
0.97406388982
0.975356937378
0.976595139139
0.977834589842
0.979103194297
0.980413172536
0.98176795925
0.983166078871
0.984603355924
0.986074192363
0.987572313263
0.989091204856
0.990624371891
0.992165487367
0.993708477243
0.995247565303
0.996777293222
0.998292524926
0.999788440818
1.00126052525
1.00270454938
1.00411655058
1.00549280932
1.00682982369
1.00812428182
1.00937303206
1.01057305063
1.01172140632
1.01281522157
1.03542608191
1.03617397966
1.0368388791
1.03741735546
1.0379057139
1.03829989894
1.0385953908
1.03878708716
1.03886917008
1.03883495959
1.03867675898
1.03838570172
1.03795161814
1.03736295069
1.03660676086
1.03566888846
1.03453434204
1.03318801603
1.03161583738
1.02980643471
1.02775338197
1.02545798535
1.02293244429
1.02020302554
1.01731265932
1.01432214267
1.01130899104
1.00836301833
1.00557805978
1.00303998195
1.00081231771
0.998922487748
0.997352401504
0
0
0
0
0
0
0
0
0
0
0
0
0
0
0
0.98963730756
0.992098798692
0.993708668318
0.994963953736
0.996103348576
0.997239801097
0.998424169132
0.999676184239
1.0009998647
1.00239135873
1.00384300639
1.0053454682
1.00688884665
1.00846327462
1.01005921834
1.01166762612
1.013279993
1.01488837955
1.01648540546
1.01806422928
1.01961852066
1.02114242832
1.02263054584
1.02407787598
1.02547979431
1.02683201221
1.02813053919
1.02937164466
1.03055181877
1.03166773202
1.03271619331
1.03369410577
1.03459841974
1.05867166161
1.05914964212
1.05952315579
1.05978865761
1.05994229689
1.05997982543
1.05989649467
1.05968694097
1.05934505968
1.05886387068
1.058235382
1.05745046409
1.05649875565
1.05536863445
1.05404730164
1.05252104751
1.05077578676
1.04879796999
1.04657598739
1.04410217224
1.04137547184
1.03840476854
1.03521269317
1.03183957456
1.02834693041
1.02481966803
1.02136600563
1.01811414312
1.01520500848
1.01278104009
1.01097190628
1.00987917968
1.00956309651
0
0
0
0
0
0
0
0
0
0
0
0
0
0
0
1.01832781815
1.01835610061
1.0186132627
1.01912496822
1.01987558075
1.02083583622
1.02197398971
1.02325998747
1.02466674972
1.02617030841
1.02774953775
1.02938578138
1.03106249233
1.03276492301
1.03447987044
1.03619547018
1.0379010297
1.03958689206
1.04124432244
1.04286541148
1.04444299099
1.04597055886
1.04744221048
1.04885257523
1.05019675656
1.0514702748
1.05266901198
1.05378915799
1.05482715756
1.05577965747
1.05664345352
1.05741543638
1.05809253572
1.08346566161
1.08363863038
1.08368399605
1.08359827358
1.08337763381
1.08301781208
1.08251400828
1.08186077822
1.08105191774
1.08008034337
1.07893797794
1.07761565547
1.07610306953
1.07438880169
1.07246048367
1.07030516688
1.06790999522
1.06526329668
1.06235622124
1.05918504515
1.05575422401
1.05208019301
1.04819577326
1.04415484403
1.04003670104
1.03594928169
1.03203027505
1.02844514258
1.02538134386
1.02303861311
1.0216158412
1.02129576266
1.02223020646
0
0
0
0
0
0
0
0
0
0
0
0
0
0
0
1.04816710958
1.04562855635
1.04451314102
1.04431127295
1.04472522806
1.04557083855
1.04672760395
1.04811248901
1.04966551761
1.05134150469
1.05310513203
1.05492791995
1.05678631051
1.05866042018
1.06053320562
1.06238988937
1.06421755195
1.06600483247
1.06774170073
1.06941927745
1.07102968726
1.0725659344
1.07402179451
1.07539171814
1.07667074287
1.07785441203
1.07893869852
1.07991993253
1.0807947323
1.08155993708
1.0822125415
1.08274963059
1.08316831442
1.10966870384
1.10950925761
1.10919756656
1.10873041785
1.10810420997
1.10731486379
1.1063577278
1.10522747819
1.10391801578
1.10242236501
1.10073258435
1.09883970478
1.09673372238
1.09440368466
1.09183792792
1.08902454346
1.08595217392
1.08261126162
1.0789958842
1.075106307
1.07095234621
1.06655755535
1.06196411129
1.05723808115
1.05247451451
1.04780156971
1.04338271809
1.03941606801
1.03613008449
1.03377542725
1.03261301559
1.03289809334
1.03485825679
0
0
0
0
0
0
0
0
0
0
0
0
0
0
0
1.07678664034
1.07241555876
1.07034205037
1.06969027536
1.06995575122
1.07083457717
1.07213455069
1.07372812628
1.07552668415
1.07746594794
1.07949744767
1.08158337202
1.08369337669
1.08580255045
1.08789008181
1.08993835829
1.09193233765
1.09385909343
1.09570747397
1.09746783693
1.09913183493
1.10069223674
1.10214277386
1.10347800566
1.10469319875
1.10578421721
1.10674742178
1.1075795761
1.10827775883
1.10883928054
1.10926160423
1.10954226865
1.10967881325
1.13712739714
1.1366163374
1.13592712353
1.13505705148
1.13400297454
1.13276121892
1.13132749667
1.12969681702
1.12786339905
1.12582059162
1.12356081133
1.12107551627
1.11835524352
1.11538975179
1.1121683286
1.10868034234
1.10491614283
1.10086843562
1.09653426846
1.09191776456
1.08703370301
1.08191196904
1.07660276459
1.07118228039
1.06575830001
1.06047497358
1.05551583165
1.05110409184
1.04749951123
1.04499142665
1.04388792965
1.04450069467
1.04712367396
1.05223117594
0
0
0
0
0
0
0
0
0
0
0
0
0
1.11160704976
1.10246848328
1.09750904391
1.09518205371
1.09451332497
1.09492307271
1.09605244545
1.0976700576
1.09962051627
1.10179523244
1.10411539719
1.10652179629
1.10896856655
1.11141927434
1.11384438935
1.11621961166
1.11852472997
1.120742816
1.12285963551
1.12486320167
1.12674342391
1.12849182259
1.13010129012
1.13156588626
1.13288065902
1.13404148569
1.13504493003
1.13588811278
1.13656859332
1.13708426075
1.137433233
1.13761376249
1.13762414722
1.1374626461
1.1656770888
1.16480334963
1.1637246231
1.16243896377
1.16094391689
1.15923644087
1.15731283037
1.15516864163
1.15279862339
1.1501966603
1.14735574033
1.14426796497
1.14092463102
1.13731642636
1.13343379961
1.12926758432
1.12480998111
1.12005602218
1.11500565589
1.10966658525
1.10405796176
1.09821496113
1.09219414019
1.08607929123
1.07998728526
1.07407316456
1.06853356906
1.06360753691
1.05957386768
1.05674455706
1.0554540774
1.05604386235
1.05884001138
1.06412109628
0
0
0
0
0
0
0
0
0
0
0
0
0
1.13239584985
1.12447674493
1.12023305079
1.11841918747
1.11822278206
1.1191161892
1.1207510504
1.1228913534
1.12537242746
1.12807579927
1.13091363801
1.13381901127
1.13673968414
1.13963409731
1.14246869861
1.14521612494
1.14785392545
1.15036363442
1.15273007412
1.15494081223
1.15698572568
1.1588566401
1.16054702468
1.16205172911
1.16336675357
1.16448904541
1.1654163182
1.16614688943
1.16667953451
1.16701335456
1.1671476563
1.16708184216
1.16681530913
1.16634735473
1.19514453007
1.1939045346
1.19243226901
1.19072679526
1.18878658409
1.18660944686
1.18419247147
1.18153196407
1.17862340078
1.17546139657
1.17203970357
1.16835125799
1.1643883047
1.16014264177
1.15560604382
1.15077094318
1.14563146924
1.14018496615
1.13443412121
1.12838983216
1.12207490997
1.11552864146
1.10881211415
1.10201402909
1.09525650883
1.08870017695
1.08254759723
1.07704407839
1.07247492457
1.06915841505
1.06743394233
1.06764443659
1.07011146209
1.07509994193
1.08251556745
0
0
0
0
0
0
0
0
0
0
0
1.15635414239
1.1485182095
1.14314286682
1.14048287511
1.13979243017
1.14050525989
1.14220918313
1.14460704898
1.1474830179
1.15067783445
1.15407170821
1.15757273266
1.16110910355
1.16462386966
1.16807134787
1.17141462694
1.17462378477
1.17767457667
1.18054743907
1.18322670811
1.18569998881
1.18795763258
1.18999229554
1.1917985594
1.19337260197
1.1947119088
1.19581501911
1.19668130138
1.19731075436
1.19770383041
1.19786127827
1.19778400274
1.19747293911
1.19692894015
1.19615267385
1.22535027449
1.22374678386
1.22188391092
1.21976195643
1.21738053105
1.21473849923
1.21183393033
1.2086640593
1.20522526114
1.20151304695
1.19752209397
1.1932463288
1.18867909255
1.18381342882
1.17864255145
1.1731605671
1.1673635478
1.16125106621
1.15482831686
1.14810894159
1.14111864586
1.13389962384
1.12651569277
1.11905786865
1.11164990394
1.10445307929
1.09766934183
1.09154176412
1.08635130266
1.08240893876
1.08004235561
1.07957608309
1.08130322551
1.08544519761
1.09209719671
1.10074466956
0
0
0
0
0
0
0
0
0
1.17094883513
1.16601375621
1.16158618355
1.15914681692
1.15851213807
1.15934040249
1.16129328329
1.16408243678
1.16747506535
1.1712866746
1.1753714218
1.17961347808
1.18392019434
1.18821695944
1.1924433993
1.19655056345
1.20049881322
1.2042562019
1.20779719987
1.21110166499
1.21415399126
1.21694239107
1.21945828095
1.22169575033
1.22365109886
1.22532243173
1.22670930497
1.22781241433
1.22863332248
1.22917421985
1.22943771519
1.22942665218
1.22914394887
1.22859245689
1.22777483788
1.2266934546
1.25611063647
1.25415120043
1.25190620789
1.24937739509
1.24656569184
1.24347118005
1.24009306258
1.23642964485
1.2324783339
1.22823566275
1.22369735232
1.21885843005
1.21371343255
1.20825673156
1.20248303652
1.19638814386
1.18997002064
1.18323032565
1.17617647941
1.16882438774
1.16120189311
1.15335296144
1.14534250163
1.13726155546
1.12923239463
1.12141283993
1.11399891363
1.10722479494
1.10135900535
1.09669579628
1.09354076313
1.09218962239
1.09289878425
1.09584636671
1.10108533196
1.10848753218
1.11753600465
1.12735523281
0
0
0
0
0
1.17551898583
1.17637468232
1.17528271197
1.1737795692
1.17298017329
1.17330046723
1.17479289493
1.17733440829
1.18074046496
1.18481947181
1.18939510821
1.19431340234
1.19944322216
1.20467429397
1.20991456366
1.21508762452
1.22013044503
1.22499142931
1.22962877205
1.23400905508
1.23810603808
1.24189960632
1.24537484831
1.24852124346
1.25133194543
1.25380314979
1.25593353715
1.25772378395
1.25917613406
1.26029402507
1.26108176328
1.26154424221
1.26168669943
1.26151450722
1.26103299274
1.26024728384
1.25916217699
1.25778202425
1.28723905813
1.2849342138
1.28231947744
1.27939816579
1.27617265625
1.27264436262
1.26881372385
1.26468020848
1.26024233957
1.25549774782
1.25044326523
1.24507507731
1.23938896
1.23338063771
1.22704631182
1.22038342319
1.21339172804
1.20607477867
1.19844190685
1.19051079981
1.18231072826
1.17388642354
1.1653024978
1.15664815338
1.14804174034
1.13963451279
1.13161273702
1.12419715751
1.11763876648
1.11220985584
1.10818942772
1.10584215797
1.10539031179
1.10697871818
1.11063475599
1.11622634757
1.12343832257
1.13189146278
1.14088335019
1.14981249309
1.15815552591
1.16539176706
1.17115238117
1.17526312462
1.17791663912
1.17980955439
1.18151095939
1.18358433109
1.18634434713
1.1898958008
1.19420888088
1.19918268243
1.20468636976
1.21058264666
1.21674000326
1.22303849653
1.22937200674
1.23564864895
1.24179025442
1.24773140633
1.25341828233
1.25880743587
1.26386458644
1.26856345735
1.27288468259
1.27681479516
1.2803453027
1.28347185246
1.28619348441
1.28851196923
1.29043122628
1.29195681589
1.29309549935
1.29385486023
1.29424298031
1.29426816394
1.29393870465
1.29326268883
1.29224783114
1.29090133736
1.28922979071
1.3185467687
1.3159081594
1.31293816486
1.30964176032
1.30602283465
1.30208418557
1.29782753035
1.2932535344
1.28836186279
1.28315126221
1.27761968529
1.2717644743
1.26558262855
1.25907118884
1.25222778348
1.24505139273
1.23754340138
1.2297090191
1.22155915195
1.21311279949
1.20440002246
1.195465468
1.18637234531
1.17720661024
1.1680809482
1.15913795555
1.15055173833
1.1425270106
1.13529472053
1.12910328294
1.12420466242
1.12083484591
1.11918876909
1.11939079904
1.12146384402
1.12530346995
1.13066995384
1.1372076513
1.14445086979
1.15193063528
1.15922368736
1.16597823434
1.17196771908
1.1771206432
1.18156914704
1.18565388893
1.18972415657
1.19409662471
1.19897690449
1.20445188663
1.21051526193
1.21709944359
1.22410237309
1.23140673295
1.23889257368
1.24644509588
1.25395911709
1.26134135026
1.26851126647
1.27540105741
1.28195503916
1.28812872569
1.29388772549
1.29920656558
1.30406751306
1.30845944039
1.31237676349
1.31581846944
1.31878724139
1.3212886824
1.32333063532
1.32492259321
1.32607519319
1.32679978574
1.32710807113
1.32701179517
1.32652249635
1.3256512976
1.32440873628
1.32280462665
1.32084795006
1.34984267317
1.34688127051
1.34357089297
1.33991817282
1.33592849871
1.33160603258
1.32695374372
1.32197346238
1.31666595802
1.31103104944
1.30506775815
1.29877452083
1.29214948317
1.28519090504
1.27789771669
1.27027027558
1.26231138394
1.25402763482
1.24543115577
1.23654180961
1.22738988399
1.21801924845
1.20849087332
1.19888648644
1.18931199408
1.17990012747
1.17081161763
1.16223408574
1.15437779982
1.1474675255
1.14172991757
1.1373762967
1.1345813156
1.13345909563
1.13404006045
1.13625377998
1.13992457477
1.1447832665
1.15050026901
1.15672910459
1.16315208707
1.16952055885
1.17568090704
1.18158566555
1.18730531458
1.19301312918
1.19890525642
1.20515705904
1.21188511635
1.21913491216
1.22688803544
1.23507798542
1.24360715121
1.25236147834
1.26122177716
1.27007177572
1.27880343749
1.28732014366
1.29553828647
1.30338772603
1.31081146809
1.31776483639
1.32421434386
1.33013641203
1.33551604426
1.34034552488
1.34462319117
1.34835230558
1.35154004251
1.35419659362
1.35633438959
1.35796743184
1.35911072528
1.35977980194
1.35999032513
1.3597577639
1.35909712816
1.3580227557
1.35654814341
1.35468581562
1.35244722388
1.38093247592
1.37765708372
1.37402009161
1.37002969923
1.36569270073
1.3610145251
1.3559992944
1.35064990272
1.3449681205
1.33895473152
1.33260971298
1.32593247347
1.31892216885
1.31157812273
1.30390038616
1.29589047915
1.28755236492
1.27889371305
1.26992750746
1.26067404513
1.25116334544
1.24143794311
1.23155596357
1.22159427716
1.21165140119
1.20184967829
1.19233612778
1.18328127521
1.17487524951
1.16732053422
1.16082100335
1.15556729937
1.15171926846
1.14938710713
1.14861406045
1.14936463032
1.15152253195
1.15490149514
1.15927214247
1.16438945646
1.17002642188
1.17600742643
1.18222356152
1.18863475956
1.19527007951
1.20221245215
1.20955925611
1.2173924805
1.22575639919
1.23464787744
1.24401822613
1.25378211431
1.26382922132
1.27403574118
1.28427422547
1.29442119618
1.30436251191
1.31399674789
1.32323695946
1.33201121208
1.34026222607
1.34794642911
1.35503264932
1.3615006258
1.36733946476
1.37254612965
1.37712402235
1.38108168882
1.38443166547
1.38718947013
1.38937273384
1.39100046434
1.3920924294
1.39266864701
1.39274896916
1.3923527464
1.39149856147
1.39020402123
1.38848559766
1.38635850978
1.38383663948
1.41161712695
1.40803332517
1.40408125756
1.39977050914
1.39510910009
1.39010355041
1.38475896264
1.37907912552
1.37306664309
1.36672309633
1.36004924702
1.35304529738
1.34571122329
1.33804720471
1.33005418282
1.3217345802
1.3130932261
1.30413853244
1.29488396477
1.28534984183
1.27556547451
1.26557161302
1.25542310834
1.24519160708
1.23496799252
1.22486416951
1.21501368462
1.20557060527
1.19670608287
1.18860213205
1.18144240042
1.17540010909
1.17062392864
1.16722330575
1.16525556581
1.16471770953
1.1655457974
1.16762404601
1.17080388635
1.17492405876
1.17983442265
1.18541894476
1.19160479684
1.19836072677
1.20569248169
1.2136297681
1.22220353317
1.23142691836
1.24128204643
1.25171456049
1.26263553869
1.27392854413
1.28545915083
1.29708477822
1.30866343143
1.32006063945
1.33115439252
1.34183819897
1.35202254914
1.3616351346
1.3706201657
1.37893708999
1.38655895864
1.39347063083
1.39966695411
1.40515101477
1.40993251739
1.41402632625
1.41745118236
1.42022859628
1.42238190864
1.42393550508
1.42491416968
1.42534256008
1.4252447878
1.42464408824
1.42356256635
1.4220210053
1.42003872741
1.41763349809
1.41482146513
1.4416907683
1.43780042033
1.43354195741
1.42892607668
1.42396176194
1.41865637275
1.41301575101
1.40704434783
1.40074537521
1.39412098942
1.38717251493
1.37990072123
1.37230616858
1.36438964278
1.35615270446
1.34759838285
1.33873204855
1.32956250147
1.32010330772
1.31037440939
1.30040401016
1.29023070423
1.27990576273
1.26949542032
1.25908291776
1.24876996404
1.23867719956
1.22894319388
1.21972152625
1.21117560403
1.20347109943
1.19676624469
1.19120071623
1.18688441514
1.18388799616
1.18223729559
1.18191362057
1.18286102978
1.18499974465
1.18824084764
1.19250218854
1.19772194608
1.20386230525
1.21090491971
1.21884336174
1.22767170808
1.23737019444
1.24789398284
1.25916696028
1.2710811779
1.28350128746
1.29627236286
1.3092292123
1.32220555627
1.33504196246
1.34759195967
1.35972617904
1.37133465843
1.38232760403
1.39263496383
1.40220516209
1.41100330278
1.41900909151
1.42621466591
1.43262246932
1.43824325649
1.44309428395
1.44719771037
1.45057921299
1.45326681343
1.45528989816
1.45667841447
1.45746222124
1.4576705734
1.45733172033
1.45647259987
1.45511861174
1.45329345621
1.4510190259
1.44831534073
1.44520051761
1.4709384477
1.46673984755
1.4621807519
1.457272612
1.45202503741
1.44644590861
1.44054150567
1.43431665588
1.42777490505
1.42091871864
1.4137497215
1.40626898696
1.39847738967
1.39037603941
1.38196681731
1.37325303922
1.36424027371
1.35493734315
1.34535753257
1.33552002241
1.32545154227
1.31518821323
1.30477750194
1.29428015172
1.28377188684
1.27334461378
1.2631067819
1.25318253502
1.24370930856
1.23483362983
1.22670508123
1.21946869688
1.2132564664
1.20817905924
1.20431924166
1.20172855674
1.20042849487
1.2004164649
1.20167524783
1.20418278034
1.20792087028
1.21288019622
1.21905794281
1.22644960998
1.23503914979
1.24478899378
1.25563151162
1.26746465524
1.28015248572
1.29353009172
1.30741170246
1.32160044673
1.33589824828
1.35011467649
1.36407402031
1.3776202835
1.39062013382
1.40296405533
1.41456606142
1.42536235368
1.43530928516
1.44438093197
1.45256651204
1.45986782579
1.46629683756
1.47187347019
1.47662365062
1.4805776181
1.48376848971
1.48623106644
1.48800085703
1.48911329393
1.48960311522
1.48950388758
1.48884764722
1.48766463825
1.48598313053
1.48382930176
1.48122717083
1.47819857196
1.47476316107
1.49913394625
1.49462262681
1.48976628273
1.48457668889
1.47906368
1.47323528451
1.46709787245
1.4606563204
1.45391419822
1.44687398356
1.43953731218
1.43190527405
1.42397876759
1.41575892704
1.40724764078
1.39844818062
1.38936596398
1.38000947023
1.37039132931
1.36052959174
1.35044917369
1.34018344523
1.32977589461
1.31928175451
1.30876942256
1.29832145341
1.28803485544
1.27802040826
1.26840074756
1.2593070625
1.25087443406
1.24323611498
1.23651739084
1.23083000198
1.22626832105
1.22290838824
1.22081033501
1.22002363806
1.22059327783
1.22256405871
1.22598142716
1.23088738687
1.23731081498
1.24525483444
1.25468563388
1.2655253219
1.27764988603
1.29089261919
1.30505204796
1.31990274429
1.33520731162
1.35072804844
1.36623716839
1.38152489398
1.39640515331
1.41071893735
1.42433559656
1.43715247406
1.44909330742
1.46010580846
1.47015877342
1.47923900526
1.48734825685
1.49450033934
1.50071848478
1.5060330104
1.51047929997
1.51409609657
1.51692408687
1.51900474931
1.52037943477
1.52108864778
1.52117149743
1.52066528982
1.51960523658
1.5180242575
1.51595285844
1.51341906873
1.51044842495
1.50706399073
1.5032864041
1.52603812468
1.52120828895
1.51605681247
1.51059530882
1.50483339231
1.49877882947
1.492437702
1.48581458447
1.47891274159
1.47173435083
1.46428075774
1.45655277319
1.4485510233
1.44027636483
1.43173038091
1.42291597305
1.4138380667
1.40450444598
1.39492672991
1.38512149469
1.37511153258
1.36492721781
1.35460792084
1.34420337598
1.33377486619
1.32339604848
1.31315321378
1.30314477064
1.29347978027
1.28427546955
1.27565382534
1.26773762823
1.26064659207
1.25449455262
1.24938872947
1.24543172274
1.24272589115
1.24137820657
1.24150239629
1.24321549701
1.24662812642
1.25182924534
1.25886773494
1.26773569737
1.27835894547
1.29059676165
1.30424976417
1.31907332525
1.33479364969
1.35112405525
1.36777972618
1.38448991858
1.40100716637
1.41711345757
1.43262363593
1.44738645333
1.46128377444
1.47422844012
1.48616125353
1.49704748204
1.50687318671
1.51564161
1.52336978007
1.53008542919
1.53582427652
1.54062769025
1.54454071964
1.54761047202
1.54988480075
1.55141126624
1.55223633139
1.55240475491
1.55195914833
1.55093966685
1.54938380771
1.54732629373
1.54479902333
1.54183107174
1.53844873079
1.53467557761
1.53053256455
1.55139822029
1.54624469788
1.54080053489
1.53507666777
1.52908202229
1.52282367753
1.51630703849
1.50953602119
1.50251325469
1.49524030593
1.48771793419
1.47994638336
1.47192572171
1.46365623993
1.4551389197
1.44637598561
1.43737155359
1.42813238712
1.41866876922
1.40899549093
1.3991329455
1.38910830097
1.37895670053
1.36872241259
1.35845982122
1.34823412009
1.3381215559
1.32820907514
1.31859327701
1.30937868548
1.30067554242
1.29259759804
1.28526069956
1.27878323825
1.27328943924
1.26891563988
1.26581773274
1.26417525296
1.26418628342
1.26605041177
1.26994304625
1.27598586718
1.28421922156
1.29458473653
1.30692510323
1.32099912651
1.33650525954
1.35310715095
1.37045699981
1.38821469791
1.40606220005
1.42371335236
1.44091976186
1.45747341155
1.47320673262
1.48799079878
1.50173223214
1.51436932085
1.52586775321
1.53621627988
1.54542252989
1.55350913177
1.56051022989
1.56646843808
1.57143223797
1.57545380425
1.57858722451
1.58088707187
1.58240728583
1.58320031621
1.58331648779
1.58280354671
1.58170635433
1.58006669863
1.57792319776
1.57531127474
1.57226318574
1.56880808814
1.56497213708
1.56077860208
1.55624799723
1.57494851195
1.56946908926
1.56373696874
1.55776189143
1.55155163017
1.54511215957
1.53844783208
1.5315615641
1.52445503663
1.51712891608
1.5095831016
1.50181700653
1.49382988216
1.48562119327
1.47719105536
1.46854074391
1.45967328537
1.45059413803
1.44131196725
1.4318395132
1.4221945398
1.4124008399
1.40248925379
1.39249863724
1.3824766932
1.37248056377
1.36257707419
1.35284254177
1.34336212893
1.33422885597
1.32554262353
1.31740994315
1.30994550004
1.303276991
1.29755440816
1.29296319761
1.28973664451
1.28815732256
1.28853604325
1.29116782631
1.29628164613
1.30399454941
1.31427803936
1.32694981121
1.34170008454
1.35813649717
1.37582934065
1.39434763445
1.41328403845
1.43227017124
1.45098477881
1.46915691993
1.48656578593
1.50303829546
1.51844526911
1.53269676736
1.54573702547
1.55753930989
1.56810093412
1.57743860032
1.58558417302
1.5925809421
1.59848039401
1.60333948155
1.60721836259
1.61017856605
1.61228153641
1.61358750646
1.61415464864
1.6140384587
1.61329132957
1.61196227847
1.61009679514
1.60773678405
1.60492057812
1.60168300534
1.59805549343
1.59406620078
1.5897401646
1.5850994594
1.58016336085
1.5964127105
1.59061063773
1.58459970516
1.57838796975
1.57198161961
1.56538514262
1.5586014989
1.5516323012
1.5444780077
1.53713813249
1.52961147983
1.52189640883
1.51399113593
1.50589408317
1.49760428038
1.48912182945
1.48044843807
1.47158802822
1.46254742152
1.45333709815
1.4439720177
1.43447247986
1.42486498875
1.4151830696
1.40546797186
1.39576918451
1.38614469622
1.37666097084
1.36739270193
1.35842259648
1.34984176773
1.34175183563
1.33427051442
1.327543025
1.32176119653
1.31718868744
1.31418198765
1.3131841106
1.31466560951
1.31902268978
1.32649434341
1.33710699927
1.350646305
1.36667929223
1.38464512226
1.40395035778
1.42403390586
1.44439988509
1.46462873239
1.48437662677
1.50336973643
1.52139669015
1.53830078704
1.55397251856
1.56834258191
1.58137542853
1.59306335943
1.60342117693
1.61248140211
1.62029006122
1.62690303365
1.63238294141
1.63679654814
1.64021262628
1.64270024478
1.64432742656
1.64516012477
1.64526146867
1.64469123346
1.64350549285
1.64175641784
1.63949219023
1.63675700433
1.6335911345
1.63003105032
1.62610956484
1.62185600432
1.61729639041
1.61245362825
1.60734769561
1.6019958298
1.6155083222
1.60939476964
1.60312069662
1.59669205094
1.59011306684
1.58338642434
1.57651341094
1.56949408952
1.56232747691
1.55501173814
1.54754440193
1.53992260339
1.53214336042
1.52420389064
1.51610197542
1.50783637758
1.49940731813
1.4908170154
1.48207028708
1.47317521075
1.46414383191
1.45499289991
1.44574460191
1.43642725424
1.42707590252
1.41773278191
1.40844760854
1.39927773212
1.39028831384
1.38155296526
1.37315578744
1.36519660298
1.35780241105
1.35114932598
1.34549881909
1.34124570701
1.33895622201
1.33934229257
1.34310888833
1.35071840161
1.36229416485
1.37759297101
1.39600383767
1.4166368666
1.43856805051
1.46099780836
1.48329993803
1.50501039261
1.52579642535
1.54542568092
1.5637414404
1.58064436891
1.59607933084
1.61002571325
1.62249006363
1.63350025004
1.64310066087
1.65134816501
1.65830867602
1.66405423072
1.66866052594
1.67220487077
1.67476451615
1.67641532337
1.67723073275
1.67728099293
1.67663261259
1.6753479979
1.67348524213
1.67109803713
1.66823567998
1.66494315208
1.66126125138
1.65722676183
1.65287264716
1.64822825883
1.64331955021
1.63816929116
1.63279727868
1.62722054085
1.62145353257
1.63195307877
1.62554930044
1.61903615374
1.61241714912
1.60569428912
1.59886821083
1.59193832985
1.58490298939
1.57775961897
1.57050490711
1.56313499314
1.55564568355
1.54803269843
1.54029195373
1.532419885
1.52441381752
1.5162723868
1.50799601154
1.49958741838
1.49105221359
1.48239949149
1.4736424628
1.46479907833
1.45589261701
1.44695220435
1.43801323605
1.42911771504
1.42031459645
1.41166042933
1.40322098867
1.39507539017
1.38732564506
1.38011698637
1.37367721255
1.36838397
1.36485828184
1.36404172276
1.36712915425
1.37517752363
1.38852672503
1.40686965919
1.42936154908
1.4546468192
1.48105236815
1.50724356381
1.53236726309
1.55594976129
1.57776070043
1.59771123725
1.61579107613
1.63203294649
1.64649350602
1.65924327384
1.67036125537
1.67993188935
1.68804308949
1.69478478173
1.70024767014
1.70452213153
1.70769721569
1.70985975843
1.71109362094
1.71147906521
1.71109226833
1.71000497104
1.70828425026
1.70599240189
1.70318691754
1.69992053893
1.6962413738
1.69219305854
1.68781495448
1.68314236646
1.67820677433
1.67303606968
1.66765479185
1.66208435875
1.65634328912
1.65044741435
1.64441007846
1.63824232609
1.64547333659
1.63881230617
1.63209396515
1.62531918504
1.61848757526
1.61159760195
1.60464670822
1.59763143934
1.59054757673
1.58339028496
1.57615427609
1.56883399638
1.56142383992
1.55391839419
1.54631272214
1.53860268463
1.53078530616
1.52285918503
1.51482494661
1.50668573476
1.49844773248
1.49012069719
1.48171849131
1.47325958513
1.46476751121
1.45627126641
1.44780570681
1.43941210214
1.43113929296
1.4230464973
1.41521008135
1.40773913101
1.40080923254
1.39473068641
1.39007268264
1.38785131453
1.38970731376
1.39777167004
1.41365335365
1.43683615673
1.46589200694
1.49887484128
1.53317584344
1.5657767769
1.59524048049
1.62121842519
1.64385538975
1.66345927404
1.68035864448
1.69485248968
1.70719857214
1.71761595443
1.72629162373
1.73338735955
1.73904554649
1.74339365425
1.74654749303
1.74861347536
1.74969012908
1.74986907712
1.74923565776
1.74786931673
1.74584386595
1.74322767391
1.74008382953
1.73647030515
1.73244013165
1.72804159144
1.7233184293
1.71831007862
1.71305189851
1.70757541725
1.70190857716
1.69607597685
1.69009910707
1.68399657755
1.67778433267
1.6714758545
1.66508235277
1.65861294142
1.65207480226
1.65581413633
1.64894144821
1.64206238522
1.63517512777
1.62827686562
1.621363888
1.61443167588
1.60747499946
1.6004880243
1.59346442971
1.58639754345
1.5792804966
1.57210640303
1.56486856732
1.55756072497
1.550177318
1.54271380808
1.5351670276
1.52753556714
1.51982019469
1.51202429876
1.50415434334
1.49622031964
1.48823617875
1.480220236
1.47219556269
1.4641904476
1.45623917419
1.44838374349
1.44067805175
1.43319799867
1.42606524019
1.41950085111
1.41394031449
1.41026052929
1.41016539853
1.41663702836
1.43378804453
1.46424252877
1.50390323192
1.54908456425
1.5963656308
1.64126207888
1.67806129085
1.70699704045
1.72959529861
1.74728601771
1.7611598972
1.77201055965
1.78041445592
1.78679588824
1.79147321458
1.79469078704
1.79664098167
1.79747940274
1.79733535434
1.7963190171
1.79452633414
1.79204231462
1.78894325485
1.78529822892
1.78117009476
1.77661618506
1.77168879887
1.76643557086
1.76089976851
1.7551205489
1.74913319407
1.74296933549
1.73665717283
1.73022168876
1.7236848596
1.71706586077
1.71038126536
1.70364523436
1.69686969724
1.69006452174
1.68323767241
1.67639535766
1.66954216537
1.66268118775
1.66275040221
1.6557242805
1.64873956391
1.64179185158
1.63487603146
1.62798633894
1.62111641893
1.61425939385
1.60740794042
1.60055437846
1.59369077492
1.58680906669
1.57990120561
1.57295932916
1.56597595992
1.5589442361
1.55185817491
1.54471296875
1.53750531264
1.5302337587
1.52289909103
1.5155047112
1.50805702318
1.50056580787
1.49304458801
1.48551101681
1.47798740889
1.47050174306
1.46308997979
1.45580176841
1.44871454579
1.44196783178
1.43584470628
1.430958717
1.42865851599
1.43181414896
1.44600470646
1.47993234822
1.53899189179
1.60500867106
1.67232905319
1.73711514323
1.79239072595
1.82481770054
1.84424928433
1.85607916151
1.86311087534
1.86690180399
1.86839151497
1.86818306926
1.86667949148
1.86415807517
1.86081475659
1.85679207102
1.85219720788
1.847113775
1.8416094675
1.83574104534
1.82955753849
1.82310228875
1.81641423406
1.80952870613
1.80247792158
1.79529128571
1.78799558668
1.78061512956
1.77317184121
1.76568536395
1.75817314807
1.75065054762
1.74313092095
1.73562573547
1.72814467499
1.72069574792
1.71328539425
1.70591858968
1.69859894547
1.69132880288
1.68410932165
1.67694056211
1.66982156114
1.6660985713
1.65898889909
1.6519633405
1.64501518521
1.63813727998
1.63132205572
1.62456155947
1.6178474933
1.6111712623
1.60452403436
1.59789681448
1.59128053642
1.58466617472
1.57804487975
1.57140813858
1.56474796324
1.55805710803
1.55132931537
1.54455958909
1.53774449122
1.53088245706
1.5239741207
1.51702264316
1.51003403832
1.50301750583
1.49598581955
1.48895592279
1.48195014155
1.47499907983
1.46814889959
1.46147980026
1.45515275555
1.44952659532
1.44544615552
1.4449281511
1.45269349146
1.47917480896
1.54441160812
1.66560029007
1.76733970742
1.85927238383
1.94186080773
2.00516105391
2.00618891129
2.00041075923
1.99222315221
1.98278821338
1.97266137845
1.9621930945
1.95160349309
1.94102114798
1.93051452015
1.92011542646
1.90983487486
1.89967306732
1.88962542648
1.87968605841
1.86984961003
1.86011214248
1.85047141662
1.84092684141
1.83147924386
1.82213055919
1.81288350146
1.80374124973
1.79470716867
1.78578457192
1.77697653006
1.76828572107
1.75971431909
1.75126391618
1.74293547152
1.73472928274
1.72664497444
1.7186814996
1.71083715017
1.70310957384
1.69549579465
1.68799223539
1.68059474081
1.67329860051
1.66572780359
1.65861416883
1.65162061064
1.64473852894
1.63795911899
1.63127336968
1.62467206801
1.61814581128
1.61168502876
1.60528001489
1.59892097619
1.59259809434
1.5863016077
1.58002191371
1.57374969425
1.56747606545
1.56119275311
1.55489229338
1.54856825768
1.54221549875
1.53583041348
1.52941121684
1.52295822149
1.51647412262
1.50996430355
1.50343722241
1.49690505786
1.49038509397
1.48390310806
1.47750206599
1.47126479893
1.46537354111
1.46026676569
1.45705164814
1.45857564516
1.47212786927
1.51601148536
1.63800079342
1.7609315634
1.87639684589
1.98347515527
2.0800784146
2.1576661031
2.19268632893
2.15175852327
2.11975239224
2.09178052571
2.06655613568
2.04355189851
2.02241618193
2.00286349469
1.98465432088
1.96758852902
1.95150002893
1.9362516208
1.9217303084
1.90784322496
1.8945141663
1.88168066552
1.86929153321
1.8573047939
1.84568595966
1.83440659101
1.82344310239
1.81277577575
1.80238795037
1.79226536138
1.78239560294
1.77276769525
1.76337173749
1.75419863139
1.74523986215
1.73648732583
1.72793319388
1.71956980705
1.71138959235
1.70338499792
1.69554844158
1.68787226986
1.68034872484
1.67296991715
1.6615698553
1.65453870107
1.64765552103
1.64091036475
1.63429326938
1.62779423421
1.62140320242
1.61511005098
1.60890459012
1.60277657374
1.59671572281
1.59071176342
1.58475448168
1.57883379722
1.57293985713
1.56706315177
1.56119465302
1.55532597526
1.5494495578
1.54355886673
1.5376486126
1.53171497996
1.52575586554
1.51977112769
1.51376286699
1.5077358062
1.50169796402
1.49566214877
1.48964967517
1.48370005925
1.47789685939
1.47243762709
1.46782615567
1.46540852775
1.46887717102
1.48836342892
1.54953069243
1.68926312073
1.81944052571
1.94262293656
2.05833348632
2.16386655051
2.2514030395
2.30094161406
2.26205427925
2.21590639798
2.17316139729
2.13531436718
2.10187189543
2.07207208977
2.04524679501
2.02086448414
1.99850914858
1.97785363223
1.95863821993
1.94065480721
1.92373528351
1.90774289149
1.89256568467
1.8781114919
1.86430398809
1.85107959544
1.83838501956
1.82617527859
1.81441211988
1.80306274425
1.7920987759
1.78149542974
1.77123083761
1.76128550285
1.75164185829
1.74228390786
1.73319693544
1.72436726778
1.71578208076
1.70742924026
1.69929717064
1.69137474508
1.68365119335
1.6761160233
1.66875895361
1.65362671856
1.64676777485
1.64007576226
1.63353999909
1.62714992569
1.62089506249
1.61476497528
1.6087492487
1.60283746871
1.59701921541
1.59128406745
1.58562161988
1.58002151673
1.57447350032
1.56896747846
1.56349361099
1.55804241626
1.5526048977
1.54717268983
1.54173822204
1.53629489761
1.53083728533
1.52536132214
1.51986453149
1.51434627983
1.50880814227
1.50325457671
1.49769444573
1.49214483559
1.48664109985
1.48126394356
1.47621400063
1.47202229747
1.4701653408
1.4749693539
1.50015565741
1.595864842
1.71930157542
1.84713425573
1.97225191936
2.09141835587
2.20091735923
2.2931052531
2.35104162031
2.34229794425
2.26925704941
2.21374554094
2.16785291021
2.12836232738
2.0936342354
2.06265499559
2.03471646684
2.00929027538
1.98596815234
1.96442813351
1.94441282136
1.92571428424
1.90816308363
1.89162007675
1.8759701761
1.86111753164
1.84698177006
1.8334950324
1.82059962348
1.80824613507
1.79639193982
1.78499997757
1.77403777359
1.7634766421
1.75329103806
1.74345802799
1.73395685687
1.72476859209
1.71587582982
1.70726245136
1.69891342006
1.69081461061
1.68295266451
1.67531486661
1.66788903861
1.66066344637
1.64197524743
1.63537749866
1.62895632413
1.62270096081
1.61660083908
1.61064553204
1.60482471168
1.59912811243
1.59354550272
1.5880666657
1.58268139015
1.57737947294
1.57215073452
1.56698504881
1.5618723887
1.55680288846
1.55176692367
1.54675520897
1.5417589133
1.53676979146
1.5317803305
1.52678390896
1.52177496907
1.51674920746
1.51170380741
1.50663778204
1.50155262024
1.49645375263
1.49135422665
1.48628435338
1.48131765567
1.47664193192
1.47275711212
1.47103405146
1.47529934291
1.49617167076
1.56061215941
1.70585612582
1.83965292972
1.9663896075
2.08590341864
2.19492428874
2.28544021416
2.33871995838
2.29884720113
2.24854863493
2.20040364969
2.15696489034
2.11821008238
2.08354869623
2.0523490056
2.02406120022
1.99823216748
1.97449382898
1.95254744426
1.9321495608
1.91310061325
1.89523594977
1.87841882281
1.86253490821
1.84748799946
1.83319660529
1.81959124462
1.80661228369
1.79420819726
1.78233416432
1.7709509288
1.76002387196
1.74952225404
1.73941859242
1.72968814961
1.7203085102
1.71125922984
1.70252154253
1.69407811514
1.6859128404
1.67801066083
1.67035741794
1.66293972181
1.65574483736
1.64876058415
1.62676819875
1.6205156958
1.61444024345
1.60853162629
1.60277983147
1.59717499747
1.59170736833
1.5863672538
1.58114499616
1.57603094436
1.57101543679
1.56608879358
1.56124131993
1.55646332155
1.55174513349
1.54707716346
1.54244995041
1.5378542387
1.533281068
1.52872187814
1.52416862804
1.51961392778
1.51505118451
1.51047476833
1.50588022011
1.50126456489
1.49662690531
1.49196976013
1.48730238793
1.48264941799
1.4780737651
1.47373827517
1.47007294071
1.46822944335
1.47130524745
1.48754074256
1.53820203167
1.67728679441
1.8049796891
1.92752272061
2.0429890631
2.14663238798
2.22904414502
2.27447753895
2.22652717489
2.18294563672
2.1429953921
2.10653326461
2.07330300286
2.04296316277
2.01516204699
1.98957616487
1.96592268561
1.94395981747
1.92348270366
1.90431819019
1.88631977288
1.86936315124
1.85334246633
1.83816717234
1.82375945452
1.81005210369
1.7969867672
1.78451250802
1.77258461608
1.76116362576
1.75021450233
1.73970596666
1.72960993363
1.71990104379
1.7105562717
1.70155459727
1.69287672885
1.68450486882
1.67642251399
1.66861428453
1.66106577627
1.65376343198
1.64669442829
1.63984657532
1.63320822678
1.60823139927
1.60239924857
1.59673610104
1.59123284663
1.58588053256
1.58067031858
1.57559343562
1.57064114855
1.56580472349
1.56107540075
1.55644437422
1.55190277837
1.54744168406
1.5430521042
1.53872501066
1.5344513632
1.53022215152
1.52602845088
1.52186149145
1.5177127415
1.51357400355
1.50943752368
1.50529611479
1.50114330018
1.49697349676
1.49278229394
1.48856697752
1.48432769343
1.48007028825
1.4758135554
1.47160809152
1.46758580298
1.46409024344
1.46201909284
1.46372049553
1.47535644953
1.51356348632
1.62878859801
1.73685080508
1.85206923276
1.96007569505
2.05300232261
2.1166791285
2.15117891603
2.1095006838
2.07769524775
2.04984262043
2.02407009527
1.99980328455
1.97685515086
1.95513956473
1.93458876391
1.91513405921
1.8967043536
1.87922851807
1.86263775601
1.84686716512
1.83185654832
1.81755068954
1.80389929136
1.79085671741
1.7783816351
1.76643661858
1.75498774841
1.74400422877
1.73345803309
1.72332358287
1.71357746074
1.70419815644
1.69516584345
1.68646218317
1.67807015344
1.66997389833
1.66215859612
1.6546103428
1.64731604864
1.64026334566
1.63344050407
1.62683635629
1.620440227
1.61424186834
1.58665707787
1.58130792966
1.57611228669
1.57106258855
1.56615134547
1.56137110528
1.5567144214
1.55217382269
1.54774178577
1.54341071079
1.53917290168
1.5350205518
1.53094573629
1.52694041213
1.5229964271
1.51910553874
1.5152594441
1.51144982113
1.50766838204
1.50390693893
1.50015748155
1.4964122674
1.49266392567
1.48890558055
1.48513101056
1.48133489042
1.47751323752
1.47366438027
1.46979126615
1.46590721232
1.46205048861
1.45832145246
1.45497668056
1.4526644853
1.4529996969
1.45989921872
1.482290292
1.536300448
1.61034145943
1.73351233826
1.83225542019
1.90861967452
1.92682603062
1.94925253202
1.95027193956
1.94334993746
1.93283496588
1.92041646608
1.90693461323
1.89289621706
1.8786367114
1.8643840737
1.85029264047
1.83646496514
1.82296711643
1.80983958445
1.79710504586
1.78477386442
1.77284797
1.76132358514
1.75019313675
1.73944659342
1.72907239823
1.71905811696
1.70939088581
1.70005771818
1.6910457122
1.68234218837
1.67393477818
1.66581147822
1.65796068004
1.65037118287
1.6430321944
1.63593332284
1.62906456285
1.62241627688
1.61597917308
1.6097442805
1.60370292215
1.59784668624
1.59216739594
1.56239373709
1.55757504881
1.5528883216
1.54832784536
1.54388786942
1.53956258407
1.53534610089
1.53123243251
1.52721547284
1.5232889787
1.51944655377
1.51568163612
1.51198749024
1.50835720471
1.50478369681
1.50125972489
1.49777790957
1.49433076462
1.49091073808
1.48751026405
1.48412182546
1.48073802832
1.47735168893
1.47395593889
1.47054436172
1.46711119781
1.46365171327
1.46016297545
1.45664564736
1.45310833235
1.44957826022
1.44612754255
1.4429368146
1.44044523145
1.43968581345
1.44295727948
1.45481663976
1.48186784733
1.52472229546
1.58879691452
1.65486216176
1.71333285238
1.75165870093
1.78064144965
1.79805961528
1.80696446045
1.81006488051
1.80919549374
1.80556612633
1.79999774912
1.79306715221
1.78519040145
1.77667272346
1.7677402568
1.75856145404
1.74926210917
1.73993618415
1.73065373262
1.7214667574
1.71241357183
1.70352206597
1.69481216539
1.68629769161
1.67798777644
1.66988794269
1.66200093369
1.65432735305
1.64686616021
1.63961505563
1.63257078145
1.62572935635
1.61908625952
1.6126365744
1.60637510078
1.60029644145
1.59439506854
1.58866537318
1.58310170156
1.57769837968
1.57244972866
1.56735007215
1.53583324079
1.53157551661
1.52742377541
1.52337429962
1.51942321339
1.51556647928
1.51179989163
1.5081190674
1.50451943556
1.50099622611
1.49754445966
1.49415893864
1.49083424126
1.48756471935
1.48434450103
1.48116749937
1.47802742796
1.47491782434
1.47183208187
1.46876349081
1.46570528898
1.46265072275
1.45959311976
1.45652597757
1.45344307887
1.45033866165
1.44720771579
1.44404658415
1.44085430592
1.4376357642
1.43440916825
1.43122373397
1.42820053926
1.42562300773
1.42412246152
1.42500414398
1.43062472969
1.44416672573
1.46748721686
1.50212903861
1.54267265941
1.58327513724
1.61789547661
1.64655838694
1.66854083992
1.68438692822
1.69513443792
1.701821039
1.70532511396
1.7063496076
1.70544758755
1.70305308497
1.69950743255
1.69507989645
1.68998351044
1.68438722979
1.67842531101
1.67220459182
1.66581016826
1.65930983911
1.65275759752
1.64619638312
1.63966025868
1.63317613756
1.6267651597
1.6204437915
1.61422470847
1.60811750592
1.6021292732
1.59626505922
1.59052825063
1.58492087994
1.57944387662
1.57409727203
1.56888036633
1.56379186413
1.5588299842
1.55399254759
1.54927704756
1.54468070418
1.54020050602
1.50739602809
1.50371213944
1.50010550971
1.49657439873
1.49311680119
1.48973045677
1.48641285531
1.48316123816
1.47997259657
1.47684366829
1.47377093333
1.47075060981
1.46777865117
1.46485074549
1.46196231815
1.45910853876
1.4562843333
1.45348440237
1.45070324629
1.44793519785
1.44517446314
1.44241517142
1.43965143524
1.43687742419
1.43408746052
1.43127615751
1.42843865243
1.42557105963
1.42267144474
1.41974202669
1.41679422532
1.41386011926
1.41101769301
1.40844355087
1.40651309675
1.40595942849
1.40803157697
1.41439857583
1.42647441986
1.44512929597
1.46890963886
1.49516354558
1.52084079584
1.54439271305
1.56478614187
1.58163676778
1.59502868227
1.605284989
1.6128126025
1.61802058103
1.62128428129
1.62293327434
1.62325028737
1.62247474072
1.62080785626
1.61841798436
1.61544558012
1.61200762112
1.60820142294
1.60410788189
1.59979420351
1.59531618433
1.59072011278
1.58604434962
1.58132064075
1.5765752078
1.57182965446
1.56710172067
1.56240591069
1.557754017
1.55315555764
1.54861814177
1.5441477753
1.53974911653
1.53542568972
1.53118006338
1.52701399868
1.52292857252
1.51892427897
1.51500111235
1.51115863441
1.47751550017
1.47440108867
1.47133410129
1.46831461904
1.46534237611
1.46241677991
1.4595369256
1.45670160577
1.45390931645
1.45115826047
1.44844634883
1.44577120137
1.44313014736
1.44052022722
1.43793819611
1.43538053039
1.43284343783
1.43032287245
1.42781455455
1.42531399698
1.42281653795
1.42031738137
1.41781164582
1.41529442481
1.41276086446
1.41020627356
1.40762630239
1.40501727609
1.40237688254
1.3997056693
1.39701034935
1.39431101266
1.39165631746
1.38915357817
1.38702247486
1.38567429133
1.38578593893
1.38827031586
1.3940377476
1.40372244239
1.41708791988
1.43312013034
1.45037111554
1.46762386682
1.48392807159
1.49866303077
1.51151347155
1.52239097261
1.5313513269
1.53853034029
1.54410085728
1.54824651831
1.55114685854
1.5529695221
1.55386673887
1.55397426673
1.55341170454
1.55228352104
1.55068041341
1.54868077131
1.5463521204
1.54375247832
1.54093159143
1.53793204151
1.53479022319
1.53153719974
1.52819944748
1.52479950061
1.52135650782
1.5178867118
1.51440386143
1.51091956572
1.50744359718
1.50398415167
1.50054807039
1.49714102931
1.4937677003
1.49043188788
1.48713664455
1.48388436782
1.48067688102
1.44662265273
1.4440575178
1.44151033314
1.43898273163
1.43647595276
1.43399086834
1.43152800254
1.42908754721
1.42666937323
1.42427303885
1.42189779566
1.41954259317
1.41720608267
1.41488662124
1.41258227676
1.41029083455
1.40800980665
1.40573644421
1.4034677539
1.40120051888
1.39893132491
1.39665659243
1.39437261555
1.39207560983
1.3897617736
1.38742737307
1.38506887607
1.38268319155
1.38026814395
1.3778234668
1.37535291764
1.37286871938
1.37040053906
1.36801248139
1.36583197129
1.36409043452
1.3631612287
1.3635552238
1.36583162149
1.37044812006
1.37752133211
1.38675746446
1.39754379333
1.40918258159
1.42101438723
1.43249829446
1.44324451495
1.45300797246
1.46166179649
1.46916603675
1.47553968232
1.48083872136
1.48514021515
1.48853132739
1.49110207984
1.49294076876
1.4941312198
1.4947512826
1.49487214285
1.49455815993
1.49386703137
1.49285014994
1.49155306454
1.49001598652
1.48827430429
1.48635908321
1.48429753733
1.48211346571
1.47982765043
1.47745821578
1.4750209498
1.47252959031
1.46999607803
1.46743077953
1.46484268284
1.46223956843
1.45962815799
1.45701424348
1.45440279851
1.45179807392
1.44920367941
1.41513194374
1.4130822357
1.41102258909
1.40895584206
1.40688443289
1.40481042659
1.40273553674
1.40066114313
1.3985883059
1.39651777672
1.3944500078
1.39238515925
1.39032310539
1.38826344081
1.38620548657
1.38414829741
1.38209067042
1.38003115586
1.37796807054
1.37589951454
1.37382339157
1.3717374336
1.36963923071
1.3675262674
1.36539596874
1.36324576344
1.3610731804
1.35887601575
1.35665265203
1.3544027036
1.3521283437
1.34983699565
1.34754657827
1.34529506442
1.3431561387
1.34126068417
1.33981747955
1.33911653775
1.3394959725
1.34127069089
1.34462519843
1.3495463268
1.35582610331
1.36313405741
1.37108965545
1.37932237446
1.38751155873
1.39540489729
1.40282052641
1.40963954268
1.41579449277
1.42125734956
1.42602874901
1.43012913811
1.4335918776
1.4364580711
1.4387728077
1.44058250964
1.4419331182
1.44286890088
1.44343171077
1.44366056921
1.44359147531
1.44325737112
1.44268821058
1.44191109474
1.44095044652
1.43982820612
1.4385640342
1.43717551386
1.43567834566
1.43408653209
1.43241254929
1.43066750505
1.42886128276
1.42700267137
1.42509948213
1.42315865241
1.42118633783
1.41918799314
1.41716844306
1.38342921116
1.38185019405
1.38023585984
1.37858986681
1.37691550666
1.37521572799
1.37349315629
1.37175011091
1.36998861937
1.36821042942
1.36641701931
1.36460960666
1.36278915635
1.36095638786
1.35911178252
1.35725559113
1.35538784224
1.35350835166
1.35161673349
1.34971241305
1.34779464215
1.34586251697
1.34391499935
1.34195094228
1.33996912201
1.33796828143
1.33594719561
1.33390478308
1.33184031357
1.32975381692
1.3276469004
1.32552435734
1.3233972072
1.32128806889
1.31923973339
1.31732679408
1.3156673888
1.3144278963
1.31381157815
1.31402694029
1.31523797005
1.31752046147
1.32084408864
1.32508659247
1.33006308045
1.33555893079
1.34135843106
1.34726501149
1.35311252252
1.35876922333
1.36413686511
1.36914703196
1.37375632478
1.37794138838
1.38169432788
1.38501875674
1.38792653798
1.39043518268
1.39256582661
1.39434169182
1.39578694228
1.3969258526
1.3977822208
1.39837896842
1.39873788236
1.39887946243
1.39882284645
1.39858579116
1.39818469237
1.39763463178
1.39694944104
1.39614177609
1.3952231966
1.39420424689
1.39309453563
1.39190281259
1.39063704124
1.38930446636
1.38791167642
1.38646466038
1.38496885907
1.35186221459
1.35070133763
1.3494828844
1.34821094669
1.34688931829
1.34552151211
1.34411077568
1.34266010491
1.34117225657
1.33964975942
1.33809492423
1.33650985303
1.3348964476
1.33325641753
1.33159128811
1.32990240804
1.3281909575
1.32645795647
1.32470427359
1.32293063588
1.3211376392
1.31932575992
1.31749536806
1.31564674252
1.31378008992
1.31189557016
1.30999333567
1.30807359918
1.30613676113
1.30418365904
1.30221605858
1.30023760053
1.29825554935
1.29628381446
1.29434768712
1.29249025921
1.29077923693
1.2893109927
1.28820753999
1.28760336019
1.28762237886
1.28835307153
1.28983131266
1.29203670017
1.29489990199
1.2983164553
1.30216248255
1.30630889553
1.31063223751
1.31502171509
1.31938285912
1.3236386317
1.3277288306
1.33160850377
1.3352458987
1.33862029502
1.34171993038
1.34454013108
1.34708169414
1.34934952759
1.3513515341
1.35309771156
1.3545994409
1.35586893107
1.35691879362
1.35776172247
1.35841025794
1.35887661742
1.3591725782
1.35930940073
1.35929778263
1.35914783601
1.35886908195
1.35847045745
1.35796033114
1.35734652489
1.35663633916
1.35583658029
1.3549535887
1.35399326686
1.35296110651
)
;

boundaryField
{
    left
    {
        type            cyclic;
    }
    right
    {
        type            cyclic;
    }
    bottom
    {
        type            cyclic;
    }
    top
    {
        type            cyclic;
    }
    frontAndBack
    {
        type            empty;
    }
}


// ************************************************************************* //
