/*--------------------------------*- C++ -*----------------------------------*\
| =========                 |                                                 |
| \\      /  F ield         | OpenFOAM: The Open Source CFD Toolbox           |
|  \\    /   O peration     | Version:  v2106                                 |
|   \\  /    A nd           | Website:  www.openfoam.com                      |
|    \\/     M anipulation  |                                                 |
\*---------------------------------------------------------------------------*/
FoamFile
{
    version     2.0;
    format      ascii;
    arch        "LSB;label=32;scalar=64";
    class       volScalarField;
    location    "200.12193263222102";
    object      T;
}
// * * * * * * * * * * * * * * * * * * * * * * * * * * * * * * * * * * * * * //

dimensions      [0 0 0 1 0 0 0];

internalField   nonuniform List<scalar> 
6561
(
1.7343913971
1.73359188606
1.7327159528
1.7317677638
1.73075128352
1.72967028344
1.72852835131
1.72732890033
1.72607517826
1.72477027642
1.72341713854
1.72201856939
1.7205772433
1.7190957124
1.71757641476
1.71602168222
1.71443374803
1.71281475417
1.71116675835
1.70949174058
1.70779160937
1.70606820738
1.70432331682
1.70255866478
1.70077592947
1.69897674929
1.69716273917
1.69533552356
1.69349680471
1.69164850353
1.68979304171
1.68793388521
1.68607653735
1.68423023297
1.68241057171
1.68064310884
1.67896735627
1.67743978778
1.67613377297
1.67513459179
1.67452910018
1.67439255339
1.67477676514
1.67570315977
1.67716160388
1.6791140591
1.68150123477
1.68425032936
1.68728236621
1.6905182355
1.69388310752
1.69730926513
1.70073760864
1.70411815605
1.70740984961
1.71057992833
1.71360306458
1.71646040491
1.71913860763
1.72162893388
1.72392642292
1.72602916516
1.72793767506
1.72965435955
1.7311830737
1.73252875387
1.7336971182
1.73469442454
1.73552727685
1.73620247199
1.73672687987
1.73710735096
1.73735064602
1.73746338375
1.73745200285
1.73732273552
1.73708158996
1.73673433994
1.73628651985
1.73574342393
1.73511010858
1.70389502336
1.70339739974
1.70280794743
1.70213060796
1.70136923465
1.70052759325
1.69960936442
1.69861814768
1.69755746666
1.69643077533
1.69524146511
1.6939928725
1.69268828718
1.69133096018
1.68992411205
1.6884709407
1.68697462863
1.68543834931
1.68386527241
1.6822585675
1.68062140606
1.67895696148
1.67726840686
1.67555891074
1.67383163113
1.67208970911
1.67033626467
1.66857440071
1.66680722655
1.66503792309
1.66326988937
1.66150703818
1.6597543448
1.65801878583
1.65631080216
1.65464632069
1.65304911268
1.65155286368
1.65020195883
1.64904994858
1.64815518088
1.64757424648
1.64735488662
1.64753021855
1.64811541919
1.64910712401
1.65048512006
1.65221555721
1.65425484736
1.65655356863
1.65905992137
1.66172250745
1.66449237632
1.66732439107
1.6701780234
1.6730177034
1.67581284481
1.67853764894
1.68117076978
1.68369490268
1.68609634131
1.68836453354
1.69049165599
1.69247221904
1.6943027084
1.69598126536
1.69750740548
1.69888177383
1.70010593388
1.70118218688
1.70211341848
1.70290296916
1.70355452562
1.7040720301
1.70445960537
1.70472149296
1.70486200271
1.70488547207
1.70479623352
1.70459858898
1.70429679008
1.67429762956
1.6740437567
1.67368594662
1.67322768289
1.67267248243
1.67202388857
1.67128546737
1.67046080673
1.66955351789
1.66856723911
1.667505641
1.66637243315
1.66517137179
1.66390626793
1.66258099556
1.66119949949
1.65976580236
1.65828401013
1.65675831567
1.65519299982
1.65359242938
1.65196105153
1.65030338433
1.64862400301
1.6469275221
1.64521857428
1.64350178735
1.64178176327
1.64006306612
1.63835023248
1.63664782747
1.63496058513
1.63329369181
1.63165328921
1.63004727519
1.62848643725
1.62698583643
1.62556616838
1.62425462742
1.62308471657
1.62209460712
1.62132410379
1.62081078402
1.6205861643
1.62067265529
1.62108175838
1.62181360346
1.62285764957
1.62419421451
1.62579646236
1.62763252323
1.62966750515
1.63186525014
1.63418976496
1.6366063145
1.63908220199
1.64158727909
1.64409423597
1.64657872022
1.64901932876
1.65139750969
1.65369740411
1.65590565103
1.65801117297
1.66000495506
1.66187982648
1.66363025042
1.6652521265
1.6667426077
1.66809993305
1.66932327629
1.6704126101
1.6713685854
1.67219242457
1.67288582792
1.67345089196
1.67389003874
1.67420595502
1.67440154043
1.67447986359
1.67444412555
1.64575809383
1.6456928077
1.64551445849
1.64522591397
1.64483019523
1.64433046404
1.64373001443
1.64303226808
1.64224077303
1.64135920542
1.64039137359
1.63934122418
1.63821284962
1.63701049648
1.635738574
1.63440166216
1.63300451851
1.63155208305
1.63004948034
1.62850201798
1.62691518078
1.62529461972
1.62364613519
1.62197565396
1.62028919972
1.61859285753
1.61689273313
1.61519490959
1.61350540581
1.61183014519
1.61017494861
1.60854557447
1.60694783977
1.60538786654
1.60387250094
1.60240993406
1.60101050098
1.59968754291
1.59845811082
1.59734321944
1.5963673923
1.59555740321
1.59494035903
1.59454146474
1.59438187576
1.59447697934
1.59483531008
1.59545815427
1.59633977506
1.59746811651
1.59882581776
1.60039137795
1.60214034171
1.60404641282
1.60608243831
1.60822123514
1.61043625284
1.61270207977
1.61499480895
1.61729228338
1.6195742415
1.62182238252
1.62402036945
1.62615378525
1.62821005489
1.63017834405
1.63204944274
1.63381564063
1.63547059925
1.63700922476
1.63842754426
1.63972258767
1.64089227651
1.64193532042
1.64285112208
1.64363969044
1.64430156259
1.64483773379
1.64524959556
1.64553888141
1.64570761977
1.61839135337
1.6184640618
1.61841716415
1.61825282797
1.61797348491
1.61758181478
1.61708073441
1.61647339104
1.61576315958
1.61495364351
1.61404867871
1.61305233975
1.61196894782
1.6108030798
1.60955957749
1.60824355616
1.60686041162
1.60541582455
1.60391576132
1.60236647001
1.60077447077
1.59914653939
1.59748968328
1.59581110919
1.59411818216
1.59241837594
1.59071921535
1.58902821236
1.58735279903
1.58570026276
1.58407769307
1.58249195386
1.58094970181
1.57945747768
1.57802190029
1.57664998601
1.575349593
1.574129946
1.57300214133
1.57197948463
1.57107750605
1.57031354929
1.56970593278
1.56927279044
1.5690307724
1.56899380273
1.56917205947
1.56957128105
1.57019243684
1.57103174208
1.57208095948
1.57332791125
1.57475712262
1.57635052611
1.57808816993
1.57994888865
1.58191090919
1.58395237675
1.58605179487
1.58818838032
1.59034233778
1.59249506227
1.59462927803
1.59672912352
1.5987801913
1.60076953161
1.60268562707
1.60451834534
1.60625887556
1.60789965339
1.60943427887
1.61085743046
1.61216477785
1.6133528958
1.61441918068
1.61536177092
1.6161794723
1.6168716888
1.6174383593
1.61787990059
1.61819715648
1.59227321145
1.59243896689
1.59248072835
1.59239994463
1.59219842464
1.59187832084
1.59144211776
1.59089262518
1.59023297573
1.58946662622
1.58859736242
1.58762930639
1.58656692573
1.58541504391
1.58417885075
1.58286391184
1.58147617601
1.58002197941
1.57850804507
1.5769414765
1.57532974423
1.57368066384
1.57200236463
1.57030324794
1.56859193454
1.56687720114
1.5651679063
1.5634729072
1.56180096968
1.56016067559
1.55856033382
1.55700790459
1.55551095021
1.55407662965
1.55271175653
1.55142293818
1.55021680288
1.54910030201
1.54808104453
1.54716759198
1.5463696266
1.54569791518
1.54516402916
1.54477983432
1.54455681221
1.54450530615
1.54463379069
1.5449482498
1.54545172202
1.54614404051
1.54702176821
1.54807830759
1.54930415199
1.55068724009
1.5522133756
1.553866678
1.55563003636
1.55748554451
1.55941490235
1.56139977339
1.56342209329
1.56546432779
1.56750968089
1.56954225612
1.57154717501
1.57351065734
1.57542006828
1.57726393753
1.57903195507
1.58071494835
1.58230484475
1.58379462326
1.58517825841
1.58645065929
1.58760760604
1.58864568579
1.5895622295
1.59035525127
1.59102339081
1.59156586019
1.59198239512
1.56744595806
1.56766604856
1.56775950299
1.56772708718
1.56757000513
1.56728988441
1.56688876652
1.5663691019
1.56573374942
1.56498597979
1.56412948226
1.56316837418
1.56210721233
1.56095100518
1.55970522505
1.55837581882
1.55696921605
1.55549233281
1.55395257002
1.55235780456
1.55071637166
1.54903703733
1.54732895932
1.54560163579
1.54386484107
1.54212854819
1.5404028388
1.53869780155
1.53702342126
1.53538946214
1.53380535031
1.53228006255
1.53082203085
1.52943907489
1.5281383762
1.52692650763
1.52580952736
1.52479313699
1.52388288801
1.52308440384
1.52240357071
1.52184664749
1.5214202549
1.52113122634
1.52098632902
1.52099188766
1.5211533574
1.52147489732
1.52195899064
1.52260614689
1.52341470689
1.52438075823
1.52549815703
1.52675864347
1.52815203373
1.52966646842
1.53128869794
1.53300438655
1.53479841959
1.53665520119
1.53855893264
1.54049386481
1.54244452011
1.54439588185
1.54633355069
1.54824386884
1.55011401417
1.55193206662
1.55368705008
1.55536895282
1.55696872991
1.55847829062
1.55989047404
1.56119901555
1.56239850679
1.5634843512
1.56445271736
1.56530049151
1.56602523089
1.56662511893
1.5670989234
1.54392432967
1.54416646457
1.54428070995
1.54426722552
1.54412666814
1.54386018138
1.54346938973
1.54295639718
1.54232379016
1.54157464423
1.54071253407
1.539741546
1.53866629218
1.53749192541
1.53622415342
1.53486925103
1.53343406899
1.53192603762
1.53035316363
1.5287240184
1.52704771601
1.52533387934
1.52359259302
1.52183434208
1.52006993558
1.51831041531
1.51656694986
1.5148507156
1.51317276671
1.51154389744
1.5099745014
1.50847443356
1.50705288273
1.50571826365
1.50447813921
1.50333918352
1.50230719492
1.50138716299
1.50058338641
1.49989962764
1.49933928134
1.49890552653
1.49860143267
1.4984299966
1.4983940989
1.49849638203
1.49873906478
1.49912371624
1.49965101614
1.50032052803
1.50113050744
1.50207776134
1.50315756812
1.50436366119
1.50568827344
1.50712223606
1.50865512219
1.51027542466
1.51197075667
1.5137280647
1.51553384411
1.51737434927
1.51923579173
1.52110452134
1.52296718724
1.52481087644
1.52662322946
1.5283925332
1.53010779191
1.53175877815
1.53333606538
1.53483104471
1.536235928
1.53754373963
1.53874829945
1.53984419874
1.54082677146
1.5416920624
1.54243679396
1.5430583328
1.54355465773
1.52170142162
1.5219396058
1.52204975157
1.52203151686
1.52188509737
1.52161122199
1.52121115226
1.52068668606
1.52004016513
1.51927448621
1.51839311515
1.51740010319
1.5163001046
1.51509839443
1.51380088503
1.51241413989
1.51094538294
1.50940250171
1.50779404226
1.50612919401
1.50441776268
1.50267012947
1.50089719519
1.49911030826
1.49732117587
1.49554175862
1.49378414919
1.49206043682
1.49038256005
1.48876215111
1.48721037664
1.48573778007
1.48435413246
1.48306829932
1.48188813198
1.48082039217
1.47987071768
1.47904363477
1.47834261865
1.47777019748
1.47732808899
1.47701735268
1.4768385377
1.47679180649
1.47687701791
1.47709376049
1.47744133335
1.47791868026
1.47852428749
1.47925606004
1.48011119195
1.48108604555
1.4821760524
1.483375645
1.4846782251
1.48607617072
1.48756088062
1.48912285283
1.49075179179
1.49243673752
1.49416620996
1.49592836158
1.49771113185
1.49950239812
1.50129011814
1.50306246083
1.50480792266
1.50651542823
1.50817441425
1.50977489711
1.51130752459
1.51276361293
1.51413517069
1.51541491098
1.51659625396
1.51767332131
1.51864092452
1.51949454864
1.52023033304
1.52084505076
1.52133608751
1.50075426861
1.50096846382
1.50105537407
1.5010142751
1.50084500469
1.50054796482
1.5001241276
1.49957504486
1.4989028612
1.49811033028
1.49720083363
1.49617840121
1.49504773277
1.49381421862
1.49248395846
1.4910637765
1.48956123093
1.48798461596
1.48634295408
1.48464597656
1.48290409028
1.48112832899
1.47933028764
1.47752203887
1.47571603121
1.47392496949
1.47216167862
1.47043895279
1.46876939309
1.46716523754
1.46563818802
1.46419923985
1.46285851996
1.46162514055
1.4605070752
1.4595110645
1.45864255784
1.45790569641
1.45730334034
1.4568371392
1.45650764101
1.45631443057
1.45625628415
1.45633132605
1.45653717188
1.45687104634
1.45732986623
1.45791028458
1.45860869639
1.45942121064
1.4603435968
1.46137121541
1.4624989437
1.46372110588
1.46503141679
1.46642294532
1.46788810155
1.4694186496
1.47100574537
1.47263999735
1.47431154675
1.47601016265
1.47772534746
1.47944644783
1.48116276665
1.4828636721
1.48453870053
1.48617765065
1.48777066722
1.48930831318
1.49078162983
1.49218218504
1.49350211023
1.49473412684
1.49587156366
1.49690836605
1.49783909871
1.4986589433
1.49936369234
1.49994974068
1.50041407589
1.48104891156
1.48122457672
1.48127449152
1.48119767393
1.48099371451
1.48066278589
1.48020565556
1.47962370181
1.4789189328
1.4780940083
1.47715226342
1.4760977336
1.47493517964
1.4736701113
1.47230880802
1.47085833478
1.46932655098
1.46772211034
1.46605444938
1.46433376232
1.46257096045
1.46077761406
1.45896587576
1.45714838442
1.45533814979
1.45354841867
1.45179252446
1.45008372282
1.44843501709
1.44685897789
1.44536756217
1.44397193704
1.44268231451
1.44150780296
1.44045628115
1.43953430041
1.43874701985
1.43809817848
1.43759010681
1.43722377821
1.43699889795
1.43691402468
1.43696671663
1.43715369218
1.43747099345
1.43791414138
1.43847827193
1.43915824564
1.43994872544
1.4408442215
1.44183910476
1.44292759395
1.4441037226
1.44536129389
1.44669383135
1.44809453279
1.44955623371
1.45107138495
1.45263204733
1.45422990464
1.4558562944
1.4575022549
1.45915858576
1.46081591886
1.46246479624
1.46409575129
1.46569939036
1.46726647167
1.46878797946
1.47025519156
1.47165973917
1.47299365832
1.47424943273
1.47542002833
1.47649891997
1.47748011121
1.47835814794
1.47912812721
1.47978570214
1.48032708422
1.48074904405
1.46254486071
1.46267244954
1.46267655488
1.46255605795
1.46231041255
1.46193966176
1.46144445752
1.46082608302
1.46008647764
1.4592282641
1.45825477707
1.45717009223
1.45597905449
1.45468730401
1.45330129796
1.45182832614
1.4502765181
1.44865483958
1.44697307556
1.44524179794
1.44347231567
1.44167660568
1.43986722361
1.43805719408
1.43625988105
1.43448883992
1.43275765402
1.43107975898
1.42946825974
1.42793574512
1.42649410561
1.42515436018
1.42392649735
1.42281933594
1.42184040949
1.42099587853
1.42029047323
1.41972746867
1.41930869393
1.41903457482
1.41890420918
1.41891547168
1.41906514348
1.41934906056
1.41976227258
1.42029920396
1.42095380803
1.42171970628
1.42259030584
1.42355889081
1.42461868507
1.42576288714
1.42698467977
1.42827721879
1.42963360712
1.43104686021
1.4325098692
1.43401536747
1.43555590498
1.43712383386
1.43871130691
1.44031028978
1.44191258615
1.44350987444
1.44509375411
1.44665579886
1.44818761437
1.44968089787
1.45112749755
1.4525194695
1.45384913107
1.45510910927
1.45629238361
1.45739232318
1.45840271786
1.45931780415
1.46013228607
1.4608413519
1.46144068762
1.46192648789
1.4622954656
1.44519893956
1.44527341468
1.44522741491
1.44505979644
1.44476998049
1.44435797668
1.44382440897
1.44317054399
1.44239832151
1.44151038654
1.44051012217
1.43940168212
1.43819002144
1.43688092382
1.43548102331
1.43399781829
1.4324396753
1.43081582004
1.42913631318
1.4274120086
1.42565449215
1.42387599954
1.42208931276
1.42030763537
1.41854444807
1.41681334719
1.41512786978
1.41350131009
1.41194653294
1.41047578998
1.40910054491
1.40783131321
1.40667752121
1.40564738836
1.4047478352
1.40398441828
1.40336129253
1.40288120056
1.40254548815
1.4023541448
1.4023058682
1.40239815087
1.40262738699
1.40298899628
1.40347756096
1.40408697056
1.40481056854
1.40564129427
1.4065718139
1.40759463463
1.40870219793
1.4098869494
1.41114138455
1.41245807198
1.41382965691
1.41524884934
1.41670840174
1.41820108142
1.41971964237
1.42125680071
1.42280521687
1.42435748674
1.42590614277
1.42744366517
1.42896250256
1.43045510065
1.43191393758
1.43333156365
1.43470064399
1.43601400211
1.43726466293
1.43844589406
1.43955124432
1.44057457904
1.44151011164
1.44235243168
1.44309652946
1.44373781763
1.44427215038
1.44469584083
1.44500567735
1.42896854676
1.42898894867
1.42889267657
1.42867866006
1.42834638137
1.42789590455
1.42732790691
1.42664371252
1.42584532746
1.424935476
1.42391763683
1.42279607799
1.42157588897
1.42026300785
1.41886424146
1.41738727597
1.41584067516
1.41423386398
1.41257709453
1.41088139236
1.4091584814
1.40742068644
1.40568081329
1.40395200782
1.40224759646
1.40058091195
1.39896510959
1.39741298012
1.39593676597
1.39454798765
1.39325728689
1.39207429153
1.39100750603
1.39006422936
1.38925050006
1.38857106673
1.38802938078
1.38762760809
1.38736665622
1.3872462146
1.38726480663
1.38741985315
1.38770774778
1.38812394467
1.38866305861
1.38931897622
1.39008497598
1.39095385279
1.39191804251
1.3929697407
1.39410101056
1.3953038754
1.39657039268
1.39789270799
1.39926308913
1.40067394205
1.40211781151
1.4035873704
1.40507540154
1.4065747764
1.40807843405
1.40957936358
1.41107059206
1.41254517941
1.41399622074
1.41541685605
1.4168002866
1.41813979688
1.41942878106
1.42066077234
1.42182947424
1.42292879238
1.42395286598
1.42489609835
1.42575318578
1.42651914473
1.42718933713
1.42775949412
1.42822573847
1.42858460604
1.42883306693
1.41381440479
1.41378349299
1.41364057316
1.41338473107
1.41301559009
1.41253334501
1.41193879797
1.4112333961
1.41041927041
1.40949927496
1.40847702522
1.40735693413
1.40614424385
1.40484505124
1.40346632433
1.40201590728
1.40050251086
1.39893568565
1.39732577543
1.39568384869
1.39402160681
1.39235126862
1.3906854323
1.38903691701
1.38741858828
1.38584317266
1.38432306871
1.38287016195
1.38149565208
1.38020990028
1.37902230287
1.37794119615
1.37697379389
1.37612615669
1.375403189
1.37480865779
1.37434522534
1.37401448884
1.37381702052
1.37375240463
1.37381927014
1.3740153209
1.37433736701
1.37478136231
1.37534245262
1.37601503822
1.37679285193
1.37766905182
1.37863632547
1.37968700072
1.38081315732
1.38200673329
1.38325962082
1.38456374741
1.3859111398
1.38729396972
1.38870458219
1.39013550839
1.39157946594
1.39302935016
1.39447821971
1.3959192801
1.39734586764
1.3987514364
1.40012954943
1.40147387522
1.40277818976
1.40403638391
1.4052424755
1.40639062556
1.40747515765
1.40849057944
1.40943160587
1.41029318295
1.41107051195
1.41175907348
1.41235465127
1.41285335578
1.41325164765
1.41354636124
1.4137347287
1.39970287495
1.39962683919
1.39944440252
1.39915487272
1.39875807903
1.39825440945
1.39764484981
1.39693102442
1.39611523719
1.39520051251
1.3941906342
1.39309018098
1.39190455615
1.39064000921
1.38930364638
1.38790342738
1.38644814515
1.38494738576
1.38341146599
1.38185134677
1.3802785216
1.37870488051
1.37714255172
1.37560372492
1.37410046213
1.37264450379
1.37124707904
1.36991873024
1.36866916135
1.36750711886
1.36644031155
1.36547537233
1.36461786089
1.36387230214
1.36324225107
1.36273037219
1.36233852027
1.36206781032
1.36191866743
1.36189085167
1.36198345831
1.36219489846
1.36252286887
1.36296432156
1.36351544386
1.36417165772
1.36492764375
1.36577739195
1.36671427753
1.36773115719
1.3688204792
1.36997439962
1.37118489721
1.37244388017
1.37374327966
1.37507512654
1.37643160993
1.37780511761
1.37918825991
1.38057387966
1.38195505119
1.38332507181
1.38467744891
1.38600588548
1.38730426628
1.38856664644
1.38978724358
1.39096043405
1.39208075349
1.39314290142
1.39414174976
1.39507235441
1.39592996962
1.39671006453
1.39740834138
1.39802075509
1.39854353401
1.3989732017
1.39930659973
1.39954091168
1.39967368841
1.38660791291
1.38649613593
1.38628456736
1.3859727853
1.38556087317
1.38504945905
1.38443975676
1.38373360788
1.38293352394
1.38204272718
1.38106518853
1.38000566051
1.37886970277
1.37766369744
1.37639485115
1.37507118062
1.37370147856
1.37229525688
1.37086266505
1.36941438195
1.3679614814
1.36651527285
1.36508712097
1.36368825019
1.36232954224
1.3610213371
1.35977324888
1.358594009
1.35749134804
1.35647192575
1.35554131502
1.35470404056
1.3539636673
1.35332292739
1.35278386966
1.35234801173
1.35201647454
1.35179008112
1.35166940718
1.35165477849
1.35174621815
1.35194335465
1.35224530679
1.35265056394
1.35315688009
1.35376119618
1.3544596009
1.35524733405
1.35611883155
1.3570678068
1.3580873601
1.35917010608
1.36030830914
1.36149401724
1.36271918639
1.36397579002
1.36525590952
1.36655180451
1.36785596316
1.3691611341
1.37046034272
1.37174689499
1.37301437203
1.37425661886
1.37546772995
1.37664203409
1.37777408028
1.37885862604
1.37989062901
1.38086524205
1.38177781222
1.38262388335
1.38339920206
1.38409972686
1.38472164006
1.38526136216
1.38571556866
1.38608120887
1.38635552692
1.38653608493
1.38662078821
1.37451272073
1.37437756116
1.37415025079
1.37383066889
1.37341918424
1.37291669537
1.37232467214
1.3716451979
1.3708810109
1.3700355435
1.36911295709
1.3681181705
1.36705687893
1.36593556054
1.36476146707
1.36354259513
1.36228763487
1.36100589297
1.35970718805
1.35840171755
1.35709989714
1.35581217561
1.35454883106
1.35331975671
1.35213424738
1.35100079994
1.34992694256
1.34891910759
1.34798256151
1.34712140208
1.34633862726
1.34563627346
1.34501561255
1.34447738878
1.34402206994
1.34365008324
1.34336200607
1.34315868714
1.34304128188
1.34301119857
1.34306996396
1.34321902798
1.3434595343
1.34379208638
1.3442165363
1.34473181838
1.34533584118
1.34602544352
1.34679641272
1.34764355734
1.34856082308
1.34954143849
1.35057807688
1.35166302195
1.3527883268
1.35394595806
1.35512792007
1.3563263561
1.35753362591
1.35874236088
1.35994549892
1.36113630227
1.3623083619
1.36345559177
1.36457221641
1.36565275477
1.36669200254
1.36768501511
1.3686270923
1.36951376598
1.3703407911
1.37110414039
1.37180000283
1.37242478585
1.37297512101
1.37344787318
1.37384015284
1.37414933156
1.3743730604
1.37450929133
1.37455630155
1.36341112552
1.36326768065
1.36304074051
1.36273049903
1.36233762435
1.3618632986
1.36130925872
1.36067783721
1.35997200127
1.35919538852
1.35835233701
1.35744790676
1.35648788986
1.35547880535
1.35442787552
1.35334297965
1.35223258186
1.35110563034
1.34997142612
1.34883946156
1.34771923062
1.34662001592
1.34555066062
1.34451933642
1.34353332207
1.34259880953
1.34172075577
1.34090279846
1.3401472509
1.3394551867
1.33882661725
1.33826075482
1.33775634355
1.33731202902
1.33692672876
1.33659996095
1.33633209038
1.33612445857
1.33597937972
1.33590000216
1.33589005364
1.33595350348
1.33609418354
1.33631541177
1.33661965753
1.33700827759
1.33748133961
1.33803753776
1.3386741956
1.33938734399
1.34017185729
1.34102162993
1.34192977514
1.34288883021
1.343890955
1.34492811392
1.3459922347
1.34707534038
1.34816965347
1.3492676731
1.35036222767
1.3514465062
1.35251407229
1.35355886441
1.35457518641
1.35555769152
1.35650136269
1.35740149171
1.35825365889
1.35905371477
1.3597977646
1.36048215652
1.3611034735
1.36165852938
1.36214436896
1.36255827207
1.36289776164
1.36316061553
1.36334488205
1.36344889921
1.36347131738
1.35330868563
1.35317448998
1.35296639522
1.35268490671
1.35233098878
1.35190610304
1.35141224703
1.35085199218
1.35022851896
1.34954564735
1.34880785989
1.34802031417
1.34718884134
1.34631992675
1.34542066869
1.34449871134
1.34356214837
1.34261939474
1.34167902545
1.34074958242
1.33983935312
1.33895612823
1.33810694906
1.33729785962
1.33653368161
1.33581783343
1.33515221561
1.33453718399
1.33397162848
1.33345316808
1.33297846275
1.33254362941
1.33214473444
1.33177832046
1.33144191375
1.33113445304
1.33085658418
1.33061077833
1.3304012533
1.33023370509
1.3301148828
1.33005205976
1.33005246357
1.33012272758
1.33026841632
1.3304936611
1.33080092288
1.33119088358
1.33166245429
1.33221288016
1.33283791806
1.3335320618
1.33428879197
1.33510083068
1.3359603856
1.33685937225
1.33778960746
1.3387429703
1.3397115299
1.34068764148
1.3416640136
1.34263375029
1.34359037249
1.34452782308
1.34544045949
1.3463230379
1.34717069195
1.34797890897
1.34874350565
1.34946060501
1.35012661579
1.35073821515
1.35129233535
1.35178615454
1.35221709202
1.35258280788
1.35288120713
1.35311044809
1.35326895508
1.3533554352
1.35336889911
1.34422349709
1.34411811375
1.34394922924
1.34371764104
1.34342459006
1.34307179625
1.34266149402
1.34219646576
1.3416800716
1.34111627273
1.34050964547
1.3398653824
1.33918927688
1.33848768657
1.33776747172
1.33703590404
1.33630054281
1.33556907591
1.3348491255
1.33414802057
1.33347254208
1.33282865045
1.33222120941
1.33165372504
1.33112812266
1.33064458743
1.33020149539
1.32979546034
1.32942151666
1.3290734492
1.32874426771
1.32842680602
1.32811440637
1.3278016299
1.32748491905
1.32716313139
1.32683787086
1.32651356283
1.32619725296
1.32589814892
1.32562696124
1.32539512467
1.32521399069
1.32509407692
1.32504444164
1.32507222474
1.32518236915
1.32537751562
1.32565804789
1.32602225645
1.32646658589
1.32698593216
1.32757396042
1.32822342015
1.32892644007
1.32967479173
1.33046011522
1.33127410477
1.33210865473
1.33295596877
1.33380863626
1.33465968049
1.33550258379
1.33633129426
1.33714021878
1.33792420609
1.33867852368
1.33939883124
1.34008115299
1.3407218509
1.34131759999
1.34186536691
1.34236239229
1.34280617755
1.34319447616
1.34352528975
1.34379686877
1.34400771802
1.3441566066
1.34424258237
1.34426499069
1.33618665048
1.33613111844
1.3360230784
1.33586358583
1.33565412308
1.33539663134
1.33509354153
1.33474780218
1.33436290211
1.33394288493
1.3334923521
1.33301645058
1.33252084092
1.33201164104
1.3314953412
1.33097868597
1.3304685198
1.32997159452
1.32949433941
1.32904259756
1.32862133657
1.32823434612
1.32788394023
1.32757068736
1.32729319575
1.32704798499
1.32682947558
1.32663012603
1.32644074075
1.32625096013
1.32604992737
1.32582710383
1.32557317872
1.32528099291
1.32494637616
1.32456878924
1.3241516728
1.32370243642
1.32323207033
1.32275441938
1.32228520972
1.32184094984
1.3214378337
1.32109076023
1.32081255389
1.32061342943
1.32050070584
1.32047874742
1.32054909187
1.32071071611
1.3209603901
1.3212930741
1.32170232316
1.3221806724
1.32271998552
1.32331175686
1.32394736313
1.32461826535
1.32531616416
1.32603311356
1.32676159866
1.32749458341
1.3282255341
1.32894842395
1.32965772356
1.33034838139
1.33101579787
1.33165579596
1.33226459063
1.33283875904
1.33337521284
1.33387117367
1.33432415256
1.33473193371
1.33509256296
1.33540434113
1.33566582216
1.33587581618
1.33603339723
1.33613791559
1.33618901442
1.32924227383
1.32925838599
1.32923330667
1.32916830197
1.32906504665
1.3289256515
1.32875268856
1.32854921216
1.32831877298
1.32806542208
1.32779370117
1.3275086147
1.32721557924
1.32692034521
1.32662888608
1.32634725084
1.3260813767
1.32583686097
1.32561869382
1.32543095774
1.32527650391
1.32515662152
1.32507072169
1.32501606376
1.32498755635
1.32497766968
1.32497649597
1.32497199282
1.32495043602
1.32489709524
1.32479712396
1.32463662697
1.3244038338
1.32409027114
1.32369179908
1.32320936473
1.32264934309
1.32202338218
1.32134774214
1.32064220022
1.3199286624
1.31922965954
1.31856690424
1.31796005637
1.31742579826
1.31697725859
1.31662377221
1.31637093061
1.31622085716
1.31617263309
1.31622280413
1.31636590991
1.31659499315
1.31690206105
1.31727848405
1.31771532691
1.31820361389
1.31873453325
1.31929958875
1.31989070592
1.32050030121
1.32112132114
1.32174725804
1.32237214792
1.3229905555
1.32359755018
1.32418867656
1.32475992207
1.325307684
1.32582873748
1.32632020587
1.32677953441
1.32720446783
1.32759303236
1.32794352252
1.32825449262
1.32852475329
1.32875337269
1.32893968252
1.32908328849
1.32918408501
1.32344709342
1.32355649626
1.3236360182
1.32368707747
1.32371148039
1.3237114433
1.3236896111
1.32364907017
1.32359335259
1.32352642814
1.32345268004
1.32337685972
1.3233040156
1.32323939069
1.32318828401
1.32315587173
1.32314698536
1.32316584683
1.32321576366
1.3232987919
1.32341538002
1.32356401313
1.32374088313
1.32393961729
1.32415110255
1.32436344743
1.32456212403
1.32473033058
1.32484960658
1.32490071698
1.32486479653
1.32472470905
1.32446653071
1.32408101662
1.32356486957
1.32292161222
1.32216188809
1.32130308638
1.32036829526
1.31938470647
1.31838168408
1.31738875338
1.31643374833
1.31554130381
1.31473180871
1.3140208457
1.31341907565
1.31293248863
1.31256291708
1.31230870034
1.31216540235
1.31212650833
1.31218405243
1.3123291521
1.31255244275
1.31284441772
1.31319568467
1.31359715178
1.31404015678
1.3145165507
1.3150187464
1.31553974032
1.31607311406
1.31661302146
1.31715416554
1.31769176879
1.3182215397
1.31873963785
1.3192426392
1.31972750302
1.32019154161
1.32063239336
1.32104799995
1.32143658778
1.32179665421
1.32212695829
1.32242651638
1.32269460234
1.3229307522
1.3231347731
1.32330675627
1.3188694533
1.31909257922
1.31929675552
1.31948348547
1.31965463692
1.31981245789
1.31995958767
1.32009906042
1.32023429837
1.32036909049
1.32050755225
1.32065406159
1.32081316545
1.32098945183
1.321187382
1.32141107928
1.32166407213
1.32194899262
1.32226723497
1.32261858446
1.32300083237
1.32340939997
1.32383700106
1.32427337949
1.32470516362
1.32511588441
1.32548620556
1.3257944128
1.32601720224
1.32613079151
1.32611234866
1.32594168818
1.32560312243
1.32508728594
1.32439268821
1.32352672275
1.32250589186
1.3213551119
1.32010612928
1.31879525374
1.31746072154
1.31614005048
1.31486770472
1.31367329725
1.31258045934
1.31160637809
1.31076191849
1.31005220874
1.30947752382
1.30903429782
1.30871612613
1.30851466437
1.30842037643
1.30842312092
1.30851258832
1.30867861265
1.30891138394
1.30920158581
1.30954047811
1.3099199401
1.31033248575
1.31077125947
1.31123001845
1.31170310601
1.31218541932
1.31267237387
1.31315986684
1.31364424064
1.31412224791
1.31459101898
1.31504803227
1.31549108839
1.31591828818
1.31632801495
1.31671892112
1.31708991928
1.3174401776
1.31776911962
1.31807642805
1.31836205253
1.31862622087
1.31558775456
1.31594262027
1.31628868916
1.31662747671
1.31696083592
1.31729096598
1.31762041489
1.31795207302
1.31828915417
1.3186351598
1.31899382175
1.31936901815
1.31976465678
1.32018452054
1.32063207009
1.32111020009
1.32162094799
1.32216515757
1.32274210405
1.32334909315
1.32398105316
1.32463014568
1.32528542797
1.3259326064
1.32655392628
1.32712824851
1.32763136713
1.32803662322
1.32831586671
1.32844080399
1.32838473832
1.32812465442
1.32764351559
1.32693253882
1.32599311621
1.32483800211
1.32349142688
1.32198795356
1.32037015109
1.31868543415
1.31698251413
1.31530795994
1.31370328731
1.31220284717
1.31083265945
1.30961015502
1.30854469728
1.30763870897
1.30688913023
1.30628893804
1.30582852539
1.30549682813
1.30528216843
1.30517283858
1.3051574757
1.30522528279
1.30536614483
1.30557067753
1.30583023495
1.30613689331
1.30648342166
1.30686324567
1.30727040824
1.30769952899
1.30814576394
1.30860476612
1.30907264789
1.3095459452
1.31002158458
1.31049685297
1.31096937079
1.31143706861
1.31189816747
1.31235116312
1.31279481418
1.31322813424
1.31365038791
1.31406109055
1.3144600117
1.31484718175
1.31522290159
1.313688307
1.31418923395
1.31469033514
1.31519306262
1.31569917497
1.31621073837
1.31673012018
1.31725997157
1.31780319568
1.31836289661
1.31894230428
1.31954466966
1.3201731244
1.32083049977
1.32151909995
1.32224042712
1.32299485821
1.32378127729
1.32459667247
1.32543571243
1.32629032391
1.32714929884
1.32799796544
1.32881796441
1.32958717628
1.33027985229
1.33086700762
1.33131714245
1.33159736033
1.3316749463
1.33151943853
1.33110516111
1.3304140725
1.32943863164
1.32818422764
1.32667062979
1.32493196684
1.3230149714
1.3209756228
1.3188748082
1.3167736065
1.31472885162
1.31278951069
1.31099419588
1.30936999527
1.30793253712
1.30668715018
1.30563087867
1.30475485252
1.30404655613
1.30349169598
1.30307554905
1.30278381797
1.30260309632
1.30252106511
1.30252652621
1.30260934973
1.30276038517
1.30297136447
1.30323481089
1.30354395876
1.30389268486
1.30427544995
1.30468724858
1.30512356535
1.3055803361
1.30605391323
1.30654103437
1.30703879424
1.30754461938
1.30805624608
1.30857170116
1.30908928613
1.30960756444
1.31012535206
1.31064171137
1.31115594824
1.31166761227
1.31217649988
1.31268266012
1.31318640256
1.31326262446
1.31391895772
1.31458287059
1.31525567604
1.31593895837
1.31663456624
1.31734459651
1.31807136551
1.31881736367
1.31958518884
1.32037745292
1.32119665619
1.3220450236
1.32292429778
1.32383548477
1.32477855062
1.32575207032
1.32675283514
1.32777542948
1.32881179494
1.3298508054
1.33087788259
1.33187468694
1.33281892262
1.33368430053
1.33444070961
1.3350546582
1.33549006292
1.33570948015
1.33567588359
1.33535507179
1.33471871476
1.33374789732
1.33243678686
1.33079579884
1.3288534687
1.32665630235
1.32426621063
1.32175570657
1.31920202565
1.31668095823
1.31426117621
1.31199967463
1.30993872535
1.30810464774
1.30650826669
1.30514709597
1.30400887746
1.30307545773
1.30232618782
1.3017403937
1.30129884966
1.3009844408
1.30078228544
1.30067956176
1.30066521331
1.3007296376
1.30086440941
1.30106205699
1.30131589081
1.30161987713
1.30196854593
1.30235692383
1.30278048424
1.3032351091
1.30371705821
1.30422294359
1.30474970729
1.30529460189
1.30585517312
1.30642924461
1.30701490473
1.30761049558
1.30821460432
1.30882605681
1.3094439138
1.31006746937
1.31069625176
1.31133002637
1.31196880052
1.31261282968
1.31440423779
1.31521915533
1.31604715008
1.31688932281
1.31774700614
1.31862174912
1.31951529104
1.32042952092
1.32136641841
1.32232797127
1.3233160639
1.32433233133
1.32537797305
1.32645352212
1.32755856608
1.32869141969
1.32984875244
1.33102517959
1.33221283044
1.33340091403
1.33457530743
1.3357181959
1.33680779652
1.3378181981
1.33871935273
1.3394772621
1.34005441899
1.34041059431
1.34050410052
1.34029369777
1.33974131225
1.33881566104
1.33749667813
1.33578029394
1.33368269862
1.33124291074
1.3285225525
1.32560226808
1.32257486956
1.31953743799
1.31658347965
1.31379583449
1.31124077558
1.30896390313
1.30698848582
1.30531614362
1.30393078218
1.30280490615
1.30190611147
1.30120222991
1.30066444887
1.30026858609
1.29999511277
1.29982852859
1.29975652314
1.29976917078
1.29985826655
1.30001682707
1.30023873955
1.30051852738
1.30085120041
1.30123216281
1.3016571581
1.30212223687
1.30262373759
1.30315827442
1.30372272847
1.30431424049
1.30493020409
1.30556825918
1.30622628568
1.30690239773
1.30759493864
1.3083024768
1.30902380296
1.30975792871
1.3105040866
1.31126173152
1.31203054344
1.31281043108
1.31360153621
1.31720514079
1.31817465315
1.31916055175
1.32016365656
1.32118497586
1.3222256821
1.32328707552
1.32437053176
1.32547742913
1.32660905048
1.3277664543
1.32895030953
1.33016068893
1.33139681706
1.3326567711
1.33393713588
1.33523261907
1.33653563769
1.33783589313
1.33911995677
1.34037089223
1.34156794066
1.34268629373
1.34369697489
1.34456684807
1.34525878068
1.34573201293
1.3459428356
1.34584575244
1.3453953845
1.34454942115
1.34327286518
1.34154357126
1.33935857598
1.33674002019
1.33373886204
1.33043465273
1.32693078296
1.32334481757
1.31979774123
1.3164045658
1.31326612121
1.31046107045
1.30803943848
1.30601919382
1.30438611387
1.30310122542
1.30211238839
1.30136562657
1.3008130067
1.30041614497
1.30014641227
1.29998340844
1.29991290814
1.29992494521
1.30001229929
1.30016941846
1.30039171118
1.30067511388
1.30101584718
1.30141029302
1.30185494431
1.3023463947
1.30288134839
1.30345663779
1.30406924249
1.30471630607
1.30539514966
1.30610328187
1.3068384056
1.30759842242
1.30838143504
1.3091857488
1.31000987254
1.31085251935
1.31171260765
1.31258926252
1.31348181767
1.31438981762
1.31531302009
1.31625139805
1.32175201941
1.32286425875
1.32399379889
1.32514111655
1.32630682971
1.32749166456
1.32869640902
1.32992184862
1.33116868051
1.33243740057
1.33372815817
1.33504057377
1.33637351456
1.33772482574
1.33909101705
1.3404669088
1.34184524607
1.34321629625
1.34456745002
1.34588285052
1.3471430758
1.3483248959
1.34940111707
1.3503405137
1.35110784045
1.35166392243
1.35196585559
1.35196742439
1.35161996567
1.35087405719
1.34968253421
1.34800533451
1.3458163942
1.34311211567
1.33991980011
1.33630323278
1.33236234701
1.32822703873
1.32404482471
1.31996444244
1.31612648904
1.31265646031
1.30965314881
1.30717668841
1.30523931998
1.30380018801
1.30278182133
1.3020914883
1.30164241217
1.30136587109
1.30121374862
1.30115553009
1.3011734875
1.30125814963
1.30140483126
1.30161128441
1.30187625678
1.30219869003
1.30257732953
1.30301057894
1.30349648864
1.30403280938
1.30461707099
1.3052466644
1.30591891645
1.30663115309
1.30738075028
1.30816517346
1.30898200738
1.309828978
1.31070396825
1.3116050293
1.31253038846
1.31347845481
1.31444782326
1.31543727768
1.31644579337
1.31747253901
1.31851687812
1.31957836972
1.32065676788
1.32812243988
1.32935732565
1.33060790758
1.33187426432
1.3331565659
1.33445503201
1.33576987551
1.33710122714
1.33844903701
1.33981294805
1.34119213638
1.34258511419
1.34398949157
1.34540169647
1.34681665471
1.34822743746
1.34962488896
1.35099725367
1.35232982732
1.35360465851
1.35480032448
1.35589179418
1.35685037338
1.3576437034
1.35823576574
1.35858684517
1.35865344492
1.3583882524
1.35774043565
1.35665679564
1.35508454723
1.35297661508
1.35030008097
1.34704750592
1.34324912731
1.33898172468
1.33436729934
1.32956202103
1.32475099498
1.3201110284
1.31580962884
1.31200947368
1.30884797136
1.30641368076
1.3047207728
1.30368100437
1.30315123981
1.30296844024
1.3029951011
1.30313682252
1.30333909788
1.3035761562
1.30383979812
1.30413103957
1.30445475611
1.304816639
1.30522167971
1.30567356498
1.30617456548
1.30672566283
1.30732676984
1.307976968
1.30867472633
1.30941808762
1.31020481965
1.31103253392
1.31189877692
1.31280109874
1.31373710414
1.31470448982
1.31570107152
1.3167248033
1.31777379138
1.31884630371
1.31994077678
1.32105582013
1.32219021935
1.32334293755
1.32451311559
1.32570007069
1.32690329306
1.33638118192
1.33771052869
1.3390514024
1.34040343776
1.34176630933
1.34313968141
1.34452314197
1.34591611694
1.34731776027
1.3487268154
1.35014144352
1.35155901518
1.35297586311
1.35438699736
1.35578578818
1.35716362746
1.35850958681
1.35981009668
1.36104867562
1.3622057392
1.36325850942
1.36418102721
1.36494423916
1.36551609116
1.36586152627
1.36594227312
1.3657163555
1.36513738814
1.36415397413
1.36270988565
1.36074613219
1.35820634327
1.35504679769
1.35125135341
1.34684900638
1.34192969425
1.33664328012
1.33114603534
1.32568447482
1.3204503721
1.31562466458
1.31143273118
1.30809305415
1.30577205096
1.30452278419
1.30415810381
1.30442528912
1.30502718649
1.30574676782
1.30646312684
1.30712739008
1.30773281054
1.30829269346
1.30882716181
1.30935630812
1.30989722613
1.31046313957
1.31106353807
1.31170471679
1.31239041471
1.3131224133
1.31390104466
1.3147255999
1.31559464658
1.31650627008
1.31745825423
1.31844821492
1.319473698
1.3205322504
1.32162147142
1.32273904938
1.32388278762
1.32505062273
1.32624063698
1.32745106669
1.32868030732
1.32992691614
1.33118961261
1.33246727677
1.33375894528
1.3350638048
1.34657690009
1.34796500243
1.34935792203
1.35075481459
1.35215482387
1.35355702349
1.35496034209
1.35636346803
1.35776472959
1.35916194649
1.360552249
1.36193186225
1.36329585567
1.36463786115
1.36594976911
1.36722141836
1.36844030357
1.36959133132
1.37065665992
1.37161565554
1.37244498322
1.37311882236
1.37360914981
1.37388597516
1.37391735515
1.37366898499
1.37310320403
1.37217741109
1.37084220531
1.36904007098
1.36670607038
1.36377265552
1.3601810095
1.35590036323
1.35095210247
1.34543397814
1.33958103844
1.33368064725
0
0
0
0
0
1.30533460476
1.30460565662
1.30529691685
1.30682574118
1.30859726236
1.31027518508
1.31172923406
1.31294831592
1.31397231736
1.31485504394
1.31564736115
1.3163911267
1.3171182247
1.31785167051
1.3186073201
1.319395549
1.32022267451
1.32109207809
1.3220050573
1.32296145757
1.32396013394
1.32499928543
1.3260766956
1.32718990477
1.32833633284
1.32951336657
1.33071842121
1.33194898382
1.33320264334
1.33447711118
1.33577023479
1.33708000612
1.33840456616
1.33974220618
1.3410913663
1.34245063126
1.34381872341
1.34519449226
1.35873927782
1.36014396979
1.3615443066
1.36293894319
1.36432647194
1.36570535688
1.36707385085
1.36842989199
1.36977097579
1.37109399912
1.37239507356
1.37366930716
1.37491055666
1.37611115726
1.37726164338
1.37835048236
1.37936385171
1.38028549918
1.38109672778
1.38177654328
1.38230198092
1.38264858749
1.38279097139
1.3827032502
1.3823591399
1.38173137386
1.38079016451
1.37950058939
1.37781916396
1.37569050033
1.37304584622
1.36980635923
1.36589492731
1.36126069825
1.355914661
1.35008728303
0
0
0
0
0
0
0
0
0
1.30747250048
1.31055910189
1.31405810338
1.31700881013
1.31934907371
1.32117912067
1.32263265633
1.32383023635
1.32486667407
1.32581153344
1.32671368414
1.32760633709
1.32851134747
1.32944253625
1.33040812787
1.33141249155
1.33245736705
1.33354272099
1.33466734286
1.33582925927
1.33702602177
1.3382549068
1.33951305454
1.34079756517
1.34210556529
1.34343425352
1.34478093121
1.34614302263
1.34751808747
1.34890382768
1.35029808986
1.35169886405
1.35310427931
1.35451259615
1.3559221957
1.357331565
1.37287680788
1.37425095501
1.37560922348
1.37694976259
1.37827061082
1.37956962316
1.38084438136
1.38209208362
1.38330941053
1.38449236452
1.38563608115
1.38673461334
1.38778069322
1.3887654824
1.38967832942
1.39050656292
1.39123535963
1.39184773547
1.39232471141
1.39264569782
1.39278911446
1.39273321058
1.39245696707
1.39194085328
1.39116709294
1.39011900346
1.38877897027
1.38712478229
1.38512447247
1.38273055716
1.37987571243
1.37647348056
1.37242916372
1.36766842465
1.36223323854
0
0
0
0
0
0
0
0
0
0
0
1.31652338304
1.32190413217
1.32644374632
1.32974796808
1.33217032489
1.33400378177
1.33546343747
1.33669808536
1.33780729467
1.33885619367
1.33988652174
1.3409243815
1.34198550503
1.34307877581
1.34420856905
1.34537630518
1.34658148313
1.34782237
1.34909646311
1.35040080083
1.35173217222
1.3530872585
1.35446272854
1.35585530278
1.35726179551
1.3586791421
1.36010441552
1.36153483516
1.36296776991
1.36440073679
1.36583139576
1.3672575412
1.36867708996
1.37008806595
1.37148858048
1.38897529402
1.39026863622
1.39153235124
1.39276409893
1.39396138337
1.39512147423
1.39624131118
1.39731738852
1.39834561741
1.39932116367
1.40023826126
1.40109000421
1.401868125
1.40256277441
1.40316232725
1.40365325013
1.40402007974
1.40424557063
1.40431107501
1.4041972074
1.40388481446
1.40335620662
1.40259650674
1.40159483553
1.40034490034
1.39884442496
1.39709281906
1.39508662803
1.39281273082
1.39024006958
1.38731200713
1.38394335016
1.380028057
1.37546212631
0
0
0
0
0
0
0
0
0
0
0
0
0
1.33302090161
1.33919023975
1.34333743158
1.34620092705
1.34828136172
1.34989926825
1.3512550513
1.35247253818
1.35362747271
1.35476554772
1.35591366916
1.35708696715
1.35829316946
1.35953534509
1.36081363838
1.3621263742
1.36347076798
1.36484338525
1.36624044077
1.36765799389
1.3690920761
1.37053877391
1.37199428181
1.37345493509
1.37491722872
1.3763778267
1.3778335642
1.37928144463
1.3807186324
1.38214244223
1.38355032509
1.38493985078
1.38630868695
1.38765457382
1.4069971238
1.40815835399
1.40927410764
1.41034159723
1.41135783833
1.41231956576
1.41322313358
1.41406439663
1.41483857145
1.41554007586
1.41616234869
1.41669765488
1.4171368872
1.41746938404
1.41768279412
1.4177630322
1.41769438448
1.4174598344
1.41704168403
1.41642253558
1.41558666006
1.41452170758
1.41322059581
1.41168325316
1.40991770793
1.40793984723
1.40577109027
1.40343333063
1.40094092044
1.39829033705
1.39544969155
1.39235264172
1.38890467384
1.38471794435
0
0
0
0
0
0
0
0
0
0
0
0
0
1.34875656888
1.35588295798
1.36043428141
1.36341174359
1.36551435033
1.36714052611
1.36851817964
1.36977798057
1.37099454254
1.37220978347
1.37344634832
1.37471542266
1.37602134079
1.37736433898
1.37874222147
1.38015138038
1.38158742656
1.38304558276
1.3845209297
1.38600856007
1.38750367379
1.38900163576
1.39049800895
1.39198857113
1.39346932066
1.39493647453
1.3963864609
1.39781590737
1.39922162587
1.4006005945
1.40194993646
1.40326689584
1.40454881002
1.40579307799
1.42688131765
1.42786025537
1.42877587915
1.429625027
1.43040430215
1.43110998512
1.43173793091
1.43228344945
1.43274116792
1.43310487554
1.43336735377
1.43352019981
1.43355365777
1.4334564821
1.43321586998
1.43281751552
1.43224585453
1.43148458319
1.43051753966
1.42933002662
1.42791061294
1.42625337287
1.42436039084
1.42224418063
1.41992945567
1.41745348655
1.41486416624
1.41221497601
1.40955643009
1.40692442075
1.40432741651
1.4017370717
1.39909092227
0
0
0
0
0
0
0
0
0
0
0
0
0
0
0
1.37709199906
1.38114897536
1.38372763013
1.38555534739
1.38701587491
1.38831278378
1.3895540967
1.39079624553
1.39206732497
1.3933796655
1.3947367684
1.39613719903
1.39757680672
1.3990500077
1.40055053434
1.40207187562
1.40360753624
1.4051511875
1.40669675272
1.40823845263
1.40977082566
1.41128873251
1.41278735046
1.41426216087
1.41570893208
1.41712369889
1.41850273934
1.41984254931
1.42113981491
1.42239138263
1.42359422702
1.42474541529
1.42584206843
1.44854431669
1.44929402183
1.44996068889
1.45054088891
1.45103092229
1.45142672814
1.45172378035
1.45191696918
1.45200046786
1.45196758596
1.45181061423
1.45152067116
1.4510875693
1.45049973008
1.44974419053
1.4488067624
1.44767242282
1.44632603207
1.44475348153
1.44294336485
1.4408892244
1.43859234155
1.43606490121
1.43333316861
1.43044008637
1.42744647542
1.42442987978
1.42148013453
1.41869107047
1.41614850146
1.41391584754
1.41202040449
1.41044422736
0
0
0
0
0
0
0
0
0
0
0
0
0
0
0
1.40267143614
1.40514564988
1.40676261055
1.40802231168
1.40916478701
1.41030363798
1.41149005859
1.41274395857
1.41406945147
1.41546273712
1.41691618375
1.41842046702
1.41996569663
1.42154200778
1.42313986596
1.42475021692
1.42636455216
1.42797492822
1.42957396062
1.43115480379
1.43271112339
1.43423706432
1.43572721652
1.43717657928
1.43858052488
1.43993476151
1.44123529563
1.44247839367
1.44366054288
1.44477841085
1.44582880358
1.44680862126
1.44771481114
1.47188143334
1.47236010466
1.47273422665
1.47300024754
1.47315430906
1.47319215449
1.47310902559
1.47289954771
1.47255760358
1.47207619861
1.47144732418
1.47066183167
1.46970933804
1.46857819654
1.46725558107
1.46572775238
1.46398059426
1.46200052658
1.45977591151
1.45729906062
1.45456891045
1.45159434949
1.44839803809
1.44502036479
1.44152294294
1.43799081502
1.4345323731
1.43127602226
1.42836291115
1.4259356893
1.42412419451
1.42303009334
1.42271362763
0
0
0
0
0
0
0
0
0
0
0
0
0
0
0
1.43150348177
1.43153166414
1.43178885629
1.43230079814
1.43305185629
1.4340127457
1.43515169446
1.43643862257
1.43784642686
1.43935111881
1.44093155487
1.44256906319
1.44424708338
1.44595085625
1.44766716877
1.4493841478
1.45109109323
1.45277834142
1.45443715161
1.45605960904
1.45763854065
1.45916743977
1.46064039754
1.46205203929
1.46339746456
1.46467218988
1.46587209347
1.46699336142
1.46803243457
1.4689859557
1.46985071641
1.47062360296
1.47130154028
1.49676885662
1.49694137244
1.49698615805
1.49689971912
1.49667821614
1.49631737288
1.49581237629
1.49515776771
1.49434732664
1.49337395132
1.492229544
1.49090491576
1.48938973479
1.48767255494
1.48574097832
1.4835820258
1.48118281137
1.47853163627
1.47561963055
1.47244306249
1.46900639815
1.46532610991
1.46143509232
1.45738734498
1.45326234167
1.44916826501
1.44524312197
1.44165276219
1.43858509029
1.4362403161
1.43481778818
1.43450057571
1.4354403887
0
0
0
0
0
0
0
0
0
0
0
0
0
0
0
1.46148624306
1.4589344625
1.45781192939
1.45760611345
1.45801791014
1.45886243537
1.4600187883
1.46140369833
1.46295704528
1.46463355087
1.46639783268
1.46822136483
1.4700805552
1.4719554947
1.47382912075
1.47568664112
1.47751512488
1.47930320192
1.48104083444
1.48271913671
1.48433022767
1.48586710641
1.48732354381
1.48869398588
1.48997346578
1.49115752247
1.49224212439
1.49322359716
1.49409855422
1.49486382974
1.49551641295
1.49605338302
1.49647184368
1.52306607728
1.52290506159
1.52259162754
1.52212255059
1.52149421628
1.52070253104
1.51974282735
1.51860976358
1.51729722079
1.51579820147
1.51410473992
1.5122078406
1.51009747087
1.50776264771
1.50519167584
1.50237261541
1.49929408047
1.49594649081
1.49232391226
1.48842661556
1.48426444768
1.47986102866
1.47525864981
1.4705235546
1.4657510461
1.46106962791
1.45664321886
1.45267047805
1.44938050999
1.4470246703
1.44586458011
1.44615612924
1.44812717092
0
0
0
0
0
0
0
0
0
0
0
0
0
0
0
1.49023917182
1.48584616234
1.48376022494
1.48310123658
1.48336251848
1.48423893837
1.48553759288
1.48713052966
1.48892888512
1.49086822869
1.49289998692
1.49498627593
1.49709669942
1.49920630869
1.50129426517
1.50334293667
1.5053372664
1.50726431685
1.50911292768
1.51087344944
1.5125375287
1.51409792884
1.51554837641
1.51688342606
1.51809833973
1.5191889768
1.52015169313
1.52098324721
1.52168071221
1.52224139273
1.5226627453
1.52294230157
1.52307759317
1.55061857696
1.55010491119
1.54941286973
1.54853973472
1.54748234408
1.54623700697
1.5447994166
1.54316456134
1.54132663732
1.53927896818
1.53701394302
1.53452299022
1.53179661518
1.52882454365
1.52559602998
1.52210041102
1.51832800955
1.51427151266
1.5099279639
1.50530150411
1.50040696142
1.49527431348
1.48995391219
1.48452217247
1.47908719457
1.4737935561
1.46882533955
1.4644064411
1.46079740525
1.45828842506
1.45718846817
1.45781011314
1.46044821489
1.46557887437
0
0
0
0
0
0
0
0
0
0
0
0
0
1.52521705626
1.51603740856
1.51105311263
1.5087112231
1.50803360396
1.50843810692
1.50956442401
1.51118030811
1.51312985911
1.51530418191
1.5176242733
1.52003078858
1.52247777346
1.5249287297
1.52735408107
1.52972949527
1.53203473811
1.53425286502
1.53636962991
1.53837303702
1.54025298877
1.54200099969
1.54360995714
1.54507391623
1.54638792048
1.54754784271
1.54855024201
1.54939223416
1.55007137315
1.55058554218
1.55093285263
1.55111154963
1.5511199231
1.55095622289
1.57926061003
1.57838335572
1.57730084346
1.57601111214
1.57451168954
1.57279951473
1.570870861
1.56872126102
1.56634543775
1.56373724768
1.56088964839
1.55779470882
1.55444369155
1.55082724945
1.54693579665
1.54276013502
1.5382924396
1.53352772782
1.52846595046
1.5231148386
1.51749360796
1.51163754776
1.50560339306
1.49947519732
1.49337019571
1.48744391765
1.48189362823
1.47695913077
1.47292010986
1.47008952289
1.46880283389
1.46940251536
1.47221580811
1.47752174649
0
0
0
0
0
0
0
0
0
0
0
0
0
1.54609807413
1.53814248814
1.53387589796
1.53204772193
1.53184262405
1.53273092022
1.534362887
1.53650165789
1.5389820395
1.54168523427
1.54452320134
1.5474288655
1.55034989167
1.55324464958
1.55607953712
1.5588271565
1.56146503296
1.56397468436
1.56634092157
1.56855130407
1.57059570269
1.57246593823
1.57415547575
1.57565916119
1.57697299102
1.57809390875
1.57901962378
1.579748449
1.58027915455
1.58061083562
1.58074279213
1.58067441876
1.58040510373
1.5799341346
1.60881789752
1.60757364469
1.60609680196
1.60438641408
1.60244093257
1.6002581475
1.59783512322
1.59516814
1.59225264571
1.58908322465
1.58565359601
1.58195666106
1.57798462834
1.57372925914
1.56918229259
1.56433612926
1.55918487423
1.5537258599
1.54796178129
1.54190357233
1.5355741197
1.52901283913
1.52228101636
1.51546763858
1.50869522286
1.50212491578
1.49595994718
1.49044643579
1.48587061784
1.48255178187
1.48083035803
1.48105033113
1.48353435951
1.48854801698
1.49599670575
0
0
0
0
0
0
0
0
0
0
0
1.57015952865
1.5622892952
1.55688699014
1.55420914244
1.55350726983
1.55421319332
1.55591323688
1.55830916566
1.561184413
1.56437925398
1.5677735943
1.57127532443
1.57481249938
1.5783280681
1.58177627667
1.58512016431
1.58832977499
1.59138084133
1.59425378476
1.59693293166
1.59940588059
1.60166297857
1.60369687857
1.60550215972
1.60707499753
1.60841287511
1.60951432899
1.61037872442
1.61100605627
1.61139677221
1.61155161535
1.61147148382
1.61115730505
1.61060992271
1.60982999424
1.63911005098
1.63750175661
1.63563371204
1.63350619963
1.63111880943
1.62847038296
1.62555896427
1.62238176049
1.61893511629
1.61521450999
1.61121458378
1.60692922735
1.60235174366
1.59747513818
1.59229258839
1.58679816913
1.58098792904
1.57486143124
1.56842388175
1.56168896408
1.55468246691
1.54744672283
1.5400457587
1.53257088965
1.52514627643
1.51793373605
1.51113589292
1.50499663693
1.49979785903
1.49585154675
1.49348640913
1.49302798746
1.49477035501
1.49893563899
1.50561912545
1.51430469401
0
0
0
0
0
0
0
0
0
1.58481552078
1.5798591011
1.57540960771
1.57295363494
1.57230747701
1.5731284728
1.57507728358
1.57786462103
1.58125692933
1.58506916354
1.58915510233
1.59339865916
1.59770700617
1.60200540518
1.60623339085
1.61034194764
1.61429139167
1.61804974579
1.62159146074
1.62489638223
1.62794889714
1.63073721389
1.63325274702
1.63548958501
1.63744402702
1.63911417781
1.64049959268
1.6416009662
1.64241985912
1.64295845909
1.64321937106
1.64320543376
1.64291955898
1.64236459072
1.64154318149
1.64045768326
1.6699525524
1.6679879791
1.66573743595
1.66320263994
1.66038449921
1.65728307149
1.65389753287
1.65022615939
1.64626632611
1.64201453152
1.63746645982
1.63261709989
1.62746094879
1.62199233899
1.61620594287
1.61009752489
1.60366502922
1.59691010644
1.58984019063
1.58247123219
1.57483116031
1.56696408313
1.55893512257
1.55083562156
1.54278825917
1.53495138662
1.52752169034
1.52073414472
1.51485817444
1.51018899819
1.50703318938
1.50568740561
1.50640890091
1.50937640428
1.51464292482
1.52207989089
1.53116847081
1.54103059402
0
0
0
0
0
1.58940419969
1.59026368494
1.58916614626
1.58765342182
1.58684452195
1.58715728372
1.58864467189
1.5911835278
1.59458889163
1.59866866275
1.60324605174
1.60816671234
1.61329923552
1.61853314802
1.62377625142
1.62895203345
1.63399738558
1.63886065682
1.64350000386
1.64788198364
1.65198034066
1.65577495183
1.65925090187
1.66239766929
1.66520840852
1.66767931675
1.66980907647
1.67159836583
1.67304942997
1.67416570701
1.67495150293
1.67541170979
1.67555156247
1.67537642923
1.67489163166
1.67410229045
1.67301319315
1.67162868109
1.7011581373
1.69884803953
1.69622759545
1.69330010194
1.69006791396
1.6865324202
1.68269403175
1.67855218656
1.67410537437
1.66935119005
1.66428642749
1.6589072324
1.65320934004
1.64718843467
1.64084067995
1.63416348453
1.6271565818
1.61982351617
1.61217363354
1.60422466613
1.59600597124
1.58756242105
1.57895883721
1.57028471596
1.56165880188
1.55323285875
1.54519378591
1.53776308042
1.53119258439
1.52575549539
1.52173172388
1.5193868016
1.51894373122
1.52054784977
1.52422659771
1.52984744776
1.53709406205
1.54558597461
1.55461804033
1.56358620287
1.57196594429
1.5792336142
1.58501881773
1.58914643296
1.59180926854
1.5937061672
1.59540834538
1.59748137738
1.60024128293
1.6037934925
1.60810839075
1.61308498776
1.61859222664
1.62449255787
1.63065424361
1.63695715747
1.64329503902
1.64957589665
1.6557214812
1.66166631613
1.66735653626
1.672748666
1.67780840674
1.68250947186
1.68683249133
1.69076399802
1.69429550193
1.69742265398
1.70014449844
1.70246281029
1.70438151287
1.70590616978
1.70704354472
1.70780122252
1.70818728499
1.708210035
1.7078777631
1.70719855096
1.70618010669
1.70482962761
1.70315368639
1.73253746463
1.72989369549
1.7269180523
1.72361549009
1.71998987476
1.71604397827
1.71177948922
1.70719704155
1.70229626604
1.69707587251
1.6915337745
1.6856672735
1.67947332728
1.67294893576
1.66609168899
1.65890053454
1.65137683401
1.64352578867
1.6353583178
1.62689346418
1.6181613719
1.60920682335
1.60009322801
1.59090682118
1.5817606611
1.57279782251
1.56419300159
1.55615160992
1.5489053798
1.54270355893
1.53779894262
1.53442828956
1.53278718212
1.53300041584
1.53509097357
1.53895406992
1.54434905871
1.55091905744
1.55819670695
1.56571051558
1.57303585726
1.5798193571
1.58583318437
1.59100543072
1.59546841182
1.59956369846
1.60364181344
1.60802060325
1.6129065819
1.61838718846
1.62445638201
1.6310466402
1.63805584621
1.64536657063
1.65285874345
1.66041745751
1.6679374413
1.67532533656
1.68250055881
1.68939525779
1.69595371971
1.70213143903
1.70789401323
1.71321596495
1.71807956165
1.72247367933
1.72639273944
1.72983573552
1.73280535756
1.73530721525
1.73734915749
1.73894068256
1.74009243173
1.74081575832
1.74112236402
1.74102399439
1.74053218597
1.73965805787
1.73841214159
1.73680424343
1.73484333456
1.76389900994
1.76093273236
1.75761696482
1.75395831921
1.74996216089
1.74563262562
1.7409726535
1.73598404268
1.73066752764
1.72502288961
1.71904911028
1.71274458487
1.70610741688
1.69913582471
1.69182869982
1.68418636635
1.67621160256
1.66791099184
1.65929667282
1.65038854798
1.64121698263
1.63182597259
1.62227667507
1.61265107776
1.60305543211
1.59362290978
1.58451478233
1.57591930697
1.56804746483
1.56112477826
1.55537865596
1.55102111546
1.5482273875
1.54711197753
1.54770541279
1.54993702769
1.55363045546
1.55851550854
1.56426131353
1.57051960382
1.57697135005
1.58336669982
1.58955112346
1.59547676817
1.60121407208
1.60693670685
1.61284144813
1.61910430608
1.62584243226
1.63310171754
1.64086399494
1.64906287516
1.65760076776
1.66636358828
1.67523209678
1.684089968
1.69282911662
1.70135288223
1.70957762328
1.71743317419
1.72486252294
1.73182098278
1.73827506248
1.74420118441
1.74958435637
1.75441686964
1.75869706982
1.76242822836
1.76561752868
1.76827517108
1.77041359414
1.77204680617
1.77318981774
1.7738581651
1.77406751421
1.773833335
1.77317063636
1.77209375308
1.77061617685
1.7687504246
1.76650793806
1.7950481873
1.79176836906
1.78812641941
1.78413051758
1.77978743431
1.77510257215
1.77008002369
1.76472265053
1.75903218774
1.75300938104
1.74665416737
1.73996591339
1.73294373232
1.72558690584
1.71789544566
1.70987083773
1.70151702015
1.69284165093
1.68385772201
1.6745855651
1.66505526964
1.65530948538
1.64540650829
1.63542344571
1.62545912887
1.61563629952
1.60610246499
1.59702872346
1.58860584539
1.58103699606
1.57452673102
1.56926632525
1.56541615379
1.56308677851
1.56232158654
1.56308494924
1.56526010857
1.56866001135
1.57305432068
1.57819676287
1.58385914527
1.58986487969
1.59610432457
1.60253694439
1.60919159011
1.6161513103
1.6235137409
1.63136119418
1.63973827274
1.64864210789
1.65802419313
1.66779930317
1.67785716434
1.68807398022
1.69832229205
1.70847860313
1.71842875125
1.72807129206
1.73731926435
1.74610072119
1.75435837541
1.76204865205
1.769140381
1.77561330674
1.78145654352
1.78666706454
1.79124828238
1.79520875404
1.79856102672
1.80132062851
1.80350519981
1.80513375654
1.80622607336
1.80680217359
1.80688191285
1.80648464347
1.80562894794
1.80433243082
1.8026115595
1.80048154604
1.79795626293
1.82578578826
1.82219813942
1.8182416879
1.81392599837
1.80925906761
1.80424738914
1.79889603591
1.793208764
1.78718814191
1.78083571236
1.77415219663
1.76713775474
1.75979231969
1.75211602911
1.74410978433
1.73577597302
1.72711939785
1.71814845686
1.70887661977
1.69932423422
1.68952067228
1.67950678638
1.66933758006
1.65908491227
1.64883994739
1.63871494701
1.62884389307
1.61938136324
1.61049908115
1.60237967175
1.59520739708
1.58915605478
1.58437480745
1.58097346116
1.57900952306
1.57847995671
1.57932051735
1.58141485812
1.58461371858
1.58875492381
1.59368737039
1.59929421318
1.60550198819
1.61227894039
1.61963049639
1.62758629474
1.6361773197
1.64541682372
1.65528708032
1.66573387611
1.6766684011
1.68797429361
1.69951717155
1.71115447583
1.72274421908
1.73415193009
1.74525559516
1.75594871751
1.76614178305
1.77576248088
1.78475502172
1.79307885669
1.80070704348
1.80762445029
1.81382593551
1.81931459741
1.82410015308
1.82819747933
1.8316253293
1.83440522492
1.83656051722
1.838115601
1.83909526806
1.83952418215
1.83942645913
1.83882533683
1.83774292058
1.83619999172
1.83421586846
1.83180830967
1.82899345404
1.85590591591
1.85201239234
1.84775022336
1.8431300859
1.83816094051
1.83285012036
1.82720343786
1.82122531148
1.81491891775
1.80828637467
1.80132896619
1.7940474196
1.7864422521
1.77851420694
1.77026480438
1.76169703783
1.75281624972
1.74363122337
1.73415552484
1.72440911857
1.7144202599
1.70422763162
1.69388263861
1.68345170266
1.67301831267
1.66268449263
1.65257126724
1.64281765676
1.63357774711
1.62501548906
1.61729710698
1.61058135916
1.60500838294
1.60068843591
1.59769238824
1.59604611568
1.595730754
1.59668998757
1.59884354112
1.60210182134
1.60638192241
1.61162134796
1.61778171612
1.62484418679
1.63280196035
1.6416489213
1.65136520549
1.66190594577
1.67319505153
1.68512461796
1.69755934152
1.71034433216
1.72331442383
1.73630335401
1.74915170105
1.76171300023
1.77385788668
1.78547640109
1.79647875257
1.8067948931
1.81637325278
1.82517894347
1.83319168074
1.84040361388
1.84681719906
1.85244320458
1.85729890068
1.86140645955
1.86479157137
1.86748226988
1.86950795256
1.87089857643
1.87168400858
1.87189351056
1.87155533651
1.87069642713
1.86934218289
1.86751630259
1.86524067507
1.86253531403
1.85941832756
1.8851936823
1.88099263179
1.87643057351
1.87151893878
1.86626731415
1.86068355398
1.85477390907
1.84854317441
1.8419948605
1.83513139482
1.82795436188
1.82046479296
1.81266351972
1.80455160924
1.79613090185
1.78740467665
1.77837847235
1.76906109188
1.7594658157
1.74961183982
1.73952593562
1.72924429891
1.71881451122
1.70829747806
1.69776913972
1.68732167755
1.67706387684
1.66712027621
1.65762875659
1.64873632631
1.64059306178
1.63334447571
1.62712298869
1.62203962088
1.61817737784
1.61558790111
1.61429261368
1.61428869575
1.61555857876
1.61807970514
1.62183330368
1.62680949854
1.63300497436
1.64041477112
1.64902245902
1.65879020705
1.66965020074
1.68150027144
1.69420441258
1.70759768041
1.72149429125
1.73569737085
1.75000884473
1.76423828632
1.77820998962
1.79176796374
1.8047788819
1.8171332338
1.82874503917
1.83955050702
1.84950599936
1.85858560287
1.86677854753
1.87408664706
1.88052187982
1.8861041831
1.89085949822
1.89481807845
1.89801305423
1.90047923897
1.9022521527
1.90336723782
1.90385924087
1.90376173533
1.9031067624
1.90192456921
1.90024342662
1.89808951108
1.89548683791
1.89245723534
1.8890203507
1.91342301704
1.90890998898
1.9040514535
1.89885916594
1.89334293837
1.88751077356
1.88136901272
1.87492250058
1.86817477217
1.86112826759
1.85378458272
1.84614476581
1.83820967254
1.82998039447
1.82145877885
1.81264805988
1.80355362339
1.79418392646
1.78455158988
1.77467467293
1.76457812366
1.75429537325
1.7438700064
1.73335739385
1.72282611861
1.71235897232
1.70205325402
1.69202008618
1.68238249335
1.6732720876
1.66482438912
1.65717308327
1.65044385525
1.64474878473
1.64018249668
1.63682117166
1.63472495057
1.63394318878
1.63452063256
1.63650173327
1.63993150307
1.64485149977
1.65129017102
1.65925022724
1.66869749006
1.67955377582
1.69169484106
1.7049538017
1.71912905665
1.73399509012
1.74931444725
1.7648493893
1.78037210757
1.79567281268
1.81056542788
1.82489094387
1.83851871388
1.85134608596
1.86329680444
1.87431858959
1.88438024784
1.89346859383
1.90158539348
1.90874447188
1.91496907566
1.92028953676
1.92474125355
1.9283629832
1.93119542577
1.93328007213
1.93465828443
1.93537057713
1.93545606777
1.93495206925
1.9338937982
1.93231417751
1.93024371409
1.92771043615
1.92473987686
1.92135509403
1.91757671735
1.9403549932
1.9355241733
1.93037126962
1.92490787667
1.91914358668
1.91308614111
1.90674159345
1.9001144871
1.89320805265
1.8860244307
1.87856492758
1.87083031302
1.86282117084
1.85453831534
1.8459832883
1.83715895289
1.8280702014
1.81872479281
1.8091343326
1.79931539899
1.78929080662
1.77909097763
1.7687553613
1.75833380716
1.74788775469
1.73749106256
1.72723027038
1.71720408164
1.70752189397
1.69830130313
1.68966468324
1.68173520234
1.67463294038
1.668472055
1.66336002063
1.65939960408
1.65669322711
1.65534781777
1.65547695981
1.65719744789
1.66061958317
1.66583197829
1.67288315749
1.68176486495
1.69240257599
1.70465527824
1.71832333881
1.73316192222
1.748897069
1.76524197237
1.78191172554
1.79863552054
1.81516584822
1.8312846693
1.84680681168
1.86158101953
1.87548915543
1.88844406233
1.9003865486
1.91128188941
1.92111615575
1.92989260177
1.93762826861
1.94435090248
1.95009623698
1.95490565485
1.95882421971
1.96189905277
1.96417802052
1.96570869552
1.96653755175
1.96670935763
1.96626673296
1.9652498396
1.96369617971
1.96164047915
1.95911463741
1.95614772865
1.95276604143
1.94899314726
1.94484999038
1.9657371037
1.96058327565
1.95513841243
1.94941343203
1.94341723891
1.93715688781
1.93063775639
1.92386373038
1.91683740564
1.9095603132
1.90203317398
1.89425619157
1.8862293926
1.8779530257
1.86942803125
1.86065659491
1.85164279803
1.84239337639
1.83291859521
1.82323324125
1.81335772107
1.80331923815
1.79315299798
1.78290336277
1.77262484631
1.76238281121
1.75225371424
1.74232475272
1.73269281401
1.72346274062
1.71474511247
1.70665402281
1.69930564944
1.69281868267
1.68731759579
1.68293890556
1.67983860202
1.67819623118
1.67820980244
1.68007874906
1.6839782591
1.69002975189
1.69827328908
1.70865019688
1.72100286641
1.73508982183
1.75060926337
1.76722461995
1.78458790778
1.80235887282
1.82021935806
1.837883127
1.85510172794
1.87166710394
1.88741166049
1.90220645607
1.91595810537
1.92860489481
1.94011251539
1.95046972384
1.95968415794
1.96777845705
1.97478677781
1.98075174738
1.98572186121
1.98974930803
1.99288818925
1.99519309137
1.99671796658
1.99751527645
1.99763535642
1.99712596205
1.99603196269
1.99439515275
1.99225415516
1.9896443959
1.98659813218
1.9831445204
1.97930971255
1.97511697276
1.97058680731
1.98930390699
1.98382478871
1.97809263329
1.97211716411
1.96590613354
1.95946549283
1.95279956815
1.94591124673
1.9388021775
1.93147299212
1.92392355257
1.91615323292
1.90816124375
1.89994700843
1.89151060141
1.88285325891
1.87397797163
1.86489016787
1.85559849134
1.84611567205
1.83645947886
1.82665372848
1.81672930814
1.80672514771
1.79668905515
1.78667831152
1.77675991677
1.76701039866
1.7575151634
1.74836750318
1.73966761019
1.73152229565
1.72404653853
1.71736830757
1.71163782877
1.70704072897
1.70381040987
1.7022294928
1.70260876897
1.70524317344
1.71036154004
1.71808073183
1.72837203435
1.74105289776
1.75581328193
1.77226056709
1.7899648019
1.80849478726
1.82744299521
1.8464408899
1.86516709525
1.88335057696
1.90077045782
1.91725360776
1.93267081417
1.9469321162
1.95998173682
1.97179293705
1.98236303024
1.99170872252
1.99986188549
2.0068658185
2.01277201915
2.01763745253
2.0215222895
2.02448807216
2.0265962581
2.02790709283
2.02847876088
2.02836676923
2.02762352102
2.02629804251
2.02443583109
2.02207879744
2.01926527909
2.0160301069
2.01240470965
2.00841724485
2.00409274675
1.99945328472
1.99451812708
2.01077940022
2.00497815754
1.99896777577
1.99275629513
1.98634988433
1.97975300904
1.97296860435
1.96599825514
1.95884238891
1.9515004864
1.94397131608
1.93625319912
1.92834431241
1.92024303748
1.91194836363
1.90346035347
1.89478067808
1.88591322747
1.87686479826
1.8676458552
1.85827135517
1.84876161119
1.83914316032
1.82944958387
1.81972221384
1.81001065089
1.80037302625
1.79087597744
1.78159440125
1.77261123348
1.76401783527
1.75591608444
1.74842395163
1.74168689959
1.73589697101
1.73131799715
1.72830659112
1.72730583685
1.72878630721
1.73314417936
1.74061837197
1.75123519844
1.76478015038
1.78082006568
1.79879388479
1.81810793909
1.83820090964
1.8585767066
1.87881558424
1.89857356847
1.91757670412
1.93561352382
1.95252725404
1.96820833301
1.98258742026
1.99562894181
2.00732518278
2.01769093707
2.02675872311
2.03457456901
2.04119435951
2.04668072455
2.05110043759
2.05452228219
2.05701533921
2.05864764381
2.05948516142
2.05959103326
2.05902504595
2.05784328389
2.05609792776
2.05383716801
2.05110520629
2.04794232293
2.04438499198
2.04046602933
2.03621476234
2.03165721191
2.02681628051
2.02171194115
2.01636142423
2.0298813685
2.0237690779
2.01749605018
2.01106821747
2.0044897958
1.9977634443
1.99089042688
1.98387078003
1.97670349149
1.96938669458
1.96191788383
1.95429415794
1.9465124967
1.93857007839
1.93046464465
1.92219491929
1.91376108621
1.90516533027
1.89641244128
1.88751047678
1.87847147279
1.86931218257
1.86005481362
1.8507277222
1.8413660162
1.83201201788
1.82271555693
1.81353412349
1.80453304511
1.79578612268
1.78737766455
1.7794077113
1.77200348146
1.76534129911
1.75968282419
1.75542303055
1.75312827026
1.75351055446
1.75727490309
1.76488372838
1.77646034802
1.7917614993
1.81017609748
1.83081409413
1.85275129439
1.87518791122
1.8974975365
1.91921593108
1.94001017823
1.95964777872
1.9779718962
1.99488310285
2.01032619148
2.02428049552
2.03675252344
2.04777011612
2.05737764411
2.06563196596
2.07259899075
2.07835075552
2.08296296085
2.08651292238
2.08907789955
2.09073376358
2.09155396561
2.09160876556
2.0909646835
2.0896841368
2.08782522949
2.08544166349
2.08258274513
2.07929346402
2.0756146252
2.07158301837
2.06723161163
2.06258975927
2.0576834159
2.05253535085
2.04716535875
2.04159046342
2.03582511338
2.04632780399
2.03992562235
2.0334139188
2.02679618933
2.02007441959
2.01324922725
2.00632000584
1.99928507389
1.99214183359
1.98488694354
1.97751651067
1.97002630688
1.96241201574
1.95466951533
1.94679520257
1.93878636427
1.93064159875
1.92236129019
1.91394813504
1.90540771566
1.89674911102
1.8879855275
1.87913492517
1.87022060849
1.86127174726
1.85232380239
1.84341886441
1.83460599914
1.82594188874
1.81749246164
1.80933700345
1.8015777058
1.79435998497
1.787911816
1.78261100522
1.77907871084
1.77825661537
1.78133966732
1.78938489099
1.8027322462
1.82107467196
1.84356738702
1.86885475742
1.89526356353
1.92145900956
1.94658776781
1.97017594875
1.99199302255
2.01194999429
2.03003643964
2.04628498221
2.06075219499
2.0735085309
2.08463294487
2.09420983822
2.10232709791
2.10907463182
2.11454313299
2.11882297286
2.12200320035
2.12417065394
2.12540920018
2.1257991085
2.12541656485
2.1243333198
2.12261646065
2.12032829386
2.11752632152
2.11426329547
2.11058733298
2.10654207923
2.10216690344
2.09749711725
2.09256420612
2.08739606596
2.08201723901
2.07644914456
2.07071030112
2.06481653813
2.05878119583
2.05261531318
2.05984529785
2.05318610357
2.04646950686
2.03969636606
2.03286627513
2.02597768229
2.0190280103
2.01201378153
2.00493075196
1.99777405816
1.99053838181
1.98321813651
1.97580768169
1.96830156862
1.96069482298
1.95298326807
1.94516389149
1.93723525643
1.92919795634
1.9210551081
1.91281287441
1.9044810013
1.89607335086
1.88760840638
1.87910972894
1.87060636133
1.86213322437
1.85373167205
1.84545064842
1.83734949271
1.82950470687
1.82202552237
1.81508767396
1.80900160498
1.80433663344
1.80210895925
1.80395940187
1.81201903776
1.82789694485
1.8510770319
1.88013131261
1.91311376092
1.9474155343
1.98001829406
2.00948472633
2.0354661341
2.05810713333
2.077715476
2.09461959951
2.10911838329
2.12146949973
2.1318919386
2.14057262955
2.14767330758
2.1533363238
2.15768912358
2.16084750039
2.1629178563
2.1639987138
2.16418169462
2.16355213913
2.16218949772
2.16016758897
2.15755478941
2.15441419702
2.15080379373
2.1467766203
2.14238096898
2.13766059411
2.13265493815
2.1273993686
2.12192542131
2.11626104522
2.11043084443
2.10445631402
2.09835606671
2.09214604847
2.08583974149
2.07944835399
2.07298099674
2.06644484654
2.07017909596
2.06330839428
2.05643128453
2.04954593525
2.04264952219
2.0357383183
2.02880778593
2.02185267424
2.0148671253
2.00784479253
2.00077897536
1.99366277431
1.98648927062
1.97925173451
1.97194386582
1.96456007024
1.95709577317
1.94954777179
1.94191462367
1.9341970674
1.92639846729
1.91852527006
1.91058745847
1.90259898592
1.89457818268
1.88654814928
1.87853721933
1.87057973742
1.86271778199
1.85500534179
1.84751842169
1.84037879111
1.83380764037
1.82824056146
1.82455454613
1.82445356839
1.83091979351
1.84806593309
1.87851622527
1.91817360094
1.96335259049
2.01063236231
2.0555285602
2.09232846002
2.12126567788
2.1438660305
2.16155933201
2.1754361612
2.1862900373
2.19469732412
2.2010822519
2.20576312002
2.20898423384
2.21093793284
2.21177979348
2.21163909946
2.21062601733
2.20883648139
2.20635549639
2.20325935781
2.19961714192
2.19549171105
2.19094040416
2.18601552788
2.18076472538
2.1752312732
2.16945433777
2.16346921046
2.15730753187
2.15099751033
2.1445641366
2.13802939434
2.13141246541
2.12472992833
2.11799594847
2.11122245842
2.10441932776
2.09759452152
2.09075424709
2.08390308977
2.07704413754
2.07710429747
2.07008023266
2.06309759388
2.05615196972
2.04923823558
2.0423506122
2.03548272761
2.02862768509
2.02177813989
2.01492638803
2.00806447032
2.00118429524
1.99427778416
1.98733704224
1.98035455819
1.97332343538
1.96623765574
1.9590923768
1.95188426005
1.94461182659
1.93727583325
1.92987965968
1.92242969474
1.91493571272
1.90741123982
1.89987394431
1.89234616854
1.88485593254
1.87743925156
1.87014584233
1.86305321969
1.85630098798
1.85017231166
1.84528081351
1.84297519962
1.84612554275
1.86031095375
1.89423368378
1.95328879775
2.01930188046
2.08661941325
2.15140357557
2.20667817746
2.23910498743
2.25853703732
2.27036787299
2.27740092796
2.2811934892
2.28268504765
2.2824786003
2.28097711879
2.2784578533
2.27511670518
2.27109618219
2.26650345276
2.26142210932
2.25591983652
2.25005338805
2.24387179116
2.23741838793
2.23073211904
2.22384832095
2.21679921656
2.20961421863
2.20232012357
2.19494124523
2.18749951948
2.18001459764
2.17250393878
2.16498290536
2.15746486358
2.149961288
2.14248186878
2.13503461975
2.12762598529
2.12026094441
2.11294311049
2.1056748256
2.09845724898
2.091290439
2.08417342903
2.080437486
2.0733298727
2.06630644243
2.05936047561
2.05248480785
2.045671857
2.03891365497
2.03220188656
2.02552793738
2.01888295363
2.01225791635
2.00564373313
1.99903135025
1.99241188789
1.98577680123
1.97911806918
1.97242841204
1.96570153814
1.95893241776
1.95211758097
1.94525543371
1.93834658456
1.93139417416
1.92440420254
1.91738586341
1.91035193383
1.90331937055
1.89631052394
1.88935603339
1.88250210672
1.8758289976
1.86949773847
1.8638672152
1.85978230549
1.85925973659
1.8670203924
1.8934968775
1.95872882028
2.07991302984
2.18164861066
2.27357813773
2.35616419458
2.41946295004
2.42049006221
2.41471162333
2.40652407108
2.39708945102
2.38696313759
2.37649552809
2.36590671305
2.35532523226
2.34481951863
2.33442136623
2.32414176496
2.31398090311
2.30393419358
2.29399573619
2.28416017473
2.27442357
2.26478368476
2.25523993187
2.24579314385
2.23644526265
2.22719900999
2.21805757327
2.20902432589
2.20010259037
2.19129544613
2.18260557977
2.17403517363
2.16558582748
2.15725850752
2.14905351768
2.14097048798
2.13300837589
2.1251654768
2.11743944079
2.10982729307
2.1023254564
2.09492977416
2.08763553317
2.0800479437
2.07293631395
2.06594487224
2.05906501042
2.05228791402
2.04560456035
2.03900572294
2.03248198362
2.02602375416
2.01962130935
2.01326483391
2.00694448559
2.00065047671
1.99437317672
1.98810323772
1.98183174459
1.9755503907
1.96925167921
1.96292914851
1.95657761907
1.95019345713
1.94377484962
1.93732208486
1.93083783857
1.92432748058
1.91779946268
1.91126596518
1.90474428257
1.89826021143
1.89185674524
1.88561674921
1.8797224939
1.87461248296
1.87139390219
1.87291417816
1.88646234177
1.93034148909
2.05232620832
2.17525269558
2.29071412201
2.39778909305
2.49438964611
2.57197539004
2.60699445368
2.56606590136
2.53405916679
2.50608682189
2.48086205456
2.45785752113
2.43672157206
2.41716870085
2.39895937831
2.38189346187
2.36580485262
2.35055634439
2.33603493702
2.32214776208
2.30881861582
2.29598503371
2.28359583038
2.27160903582
2.25999016873
2.24871079717
2.23774734381
2.22708009926
2.21669241171
2.20657002526
2.19670054289
2.18707299335
2.17767748398
2.16850492412
2.15954680593
2.15079503173
2.14224177842
2.1338793913
2.12570030101
2.11769695827
2.10986178245
2.10218712043
2.09466521349
2.08728817013
2.07586753
2.06883828371
2.06195715818
2.05521419606
2.04859942598
2.04210283709
2.03571436066
2.02942385992
2.02322112942
2.0170959054
2.01103788913
2.00503678494
1.99908235513
1.99316449356
1.98727331971
1.98139929466
1.97553335969
1.96966709756
1.96379291551
1.95790424761
1.95199577324
1.94606364735
1.94010573957
1.93412188461
1.9281141638
1.92208728606
1.91604926239
1.91001290026
1.90399952051
1.89804865178
1.89224386975
1.8867827435
1.88216907517
1.87974893038
1.88321466844
1.90269750421
1.96386077681
2.10358903173
2.23376243659
2.35694109877
2.47264825351
2.57817840548
2.66571262095
2.71524966613
2.67636124617
2.63021230881
2.58746623458
2.54961812633
2.5161745836
2.48637371972
2.45954738113
2.43516404067
2.41280768912
2.39215117012
2.37293476909
2.35495038322
2.33802990488
2.32203658086
2.30685847006
2.29240340767
2.27859507594
2.26536990512
2.25267460942
2.240464216
2.22870048145
2.21735061585
2.20638625259
2.19578261554
2.18551784516
2.17557245291
2.16592887921
2.15657113495
2.14748451025
2.1386553373
2.13007079663
2.12171875786
2.11358764814
2.10566634246
2.09794407132
2.09041034225
2.08305487238
2.06789832757
2.0610411639
2.05435110581
2.04781746563
2.04142967637
2.03517724959
2.02904974062
2.02303672192
2.01712776554
2.01131243575
2.00558029352
1.99992091421
1.99432392024
1.98877903033
1.98327612688
1.97780534255
1.97235716699
1.96692257373
1.96149316647
1.95606134338
1.95062047669
1.9451651049
1.93969113616
1.93419606746
1.92867924185
1.92314221499
1.91758942992
1.9120297396
1.906480226
1.90097624338
1.89559850066
1.89054763447
1.88635466323
1.88449605613
1.88929793882
1.91448146005
2.01018724506
2.13362030941
2.26144932485
2.38656343993
2.50572654717
2.61522257239
2.7074080035
2.76534255358
2.75659750926
2.68355524119
2.62804219796
2.58214794817
2.54265569526
2.50792590143
2.476944941
2.44900468242
2.42357675965
2.40025291065
2.37871117782
2.35869417042
2.33999396401
2.32244112781
2.30589652735
2.29024508396
2.27539095688
2.26125378241
2.24776571143
2.2348690587
2.2225144259
2.21065919547
2.19926631675
2.18830332418
2.17774154071
2.16755542945
2.15772206455
2.14822069791
2.13903240316
2.1301397819
2.12152672013
2.11317818502
2.10508005418
2.09721897115
2.08958222183
2.08215762795
2.07493345436
2.05621727491
2.04962115886
2.04320181203
2.03694846634
2.03085054582
2.02489761584
2.01907933923
2.01338543969
2.00780567331
2.00232980918
1.99694762024
1.99164888567
1.98642340639
1.98126103488
1.97615172076
1.97108557328
1.96605294137
1.96104451162
1.95605142375
1.95106540256
1.94607890473
1.9410852786
1.9360789369
1.93105554811
1.92601226944
1.92094809063
1.91586448055
1.91076685365
1.90566824523
1.90059895794
1.89563250828
1.89095668633
1.88707140287
1.88534746555
1.88961136496
1.910481621
1.97491928561
2.12016002697
2.25395357737
2.38068700743
2.50019767305
2.60921563653
2.69972906371
2.75300687855
2.71313247893
2.66283218166
2.61468531014
2.57124453612
2.53248761831
2.49782405367
2.46662213634
2.43833207235
2.41250076285
2.38876014168
2.36681147985
2.34641133593
2.32736015555
2.30949329784
2.29267402631
2.27678802796
2.26173910746
2.2474457847
2.23383858969
2.22085789955
2.2084521997
2.19657667941
2.1851920925
2.1742638296
2.16376115981
2.15365660874
2.14392544649
2.13454526457
2.12549562482
2.11675776665
2.10831436161
2.10014930627
2.09224754618
2.08459492499
2.07717805408
2.0699841987
2.06300117777
2.04097721372
2.03472618676
2.02865241872
2.02274568987
2.01699598187
2.01139342647
2.00592825968
2.00059078185
1.99537132435
1.99026022365
1.98524780403
1.98032436982
1.97548020864
1.97070560684
1.96599087832
1.96132640794
1.95670271009
1.95211050311
1.94754079927
1.94298500998
1.938435065
1.93388354492
1.92932382749
1.92475025409
1.92015833803
1.91554507862
1.91090955501
1.90625426527
1.90158845024
1.89693672419
1.89236198818
1.88802707228
1.88436194328
1.88251823226
1.88559330529
1.90182739224
1.95248645541
2.09156851628
2.21925859776
2.34179872209
2.45726217775
2.5609027731
2.64331209851
2.68874350573
2.64079130926
2.59720775064
2.55725532731
2.52079088663
2.48755820096
2.45721584847
2.42941215193
2.40382363889
2.38016749528
2.358201945
2.33772214615
2.3185549591
2.30055389361
2.28359466289
2.26757142139
2.25239363648
2.23798350623
2.22427383406
2.21120627946
2.19872991718
2.18680004841
2.17537721832
2.16442640234
2.15391633092
2.14381892787
2.13410884199
2.12476305538
2.11576055478
2.10708205464
2.09870976269
2.09062718032
2.08281893153
2.07527061515
2.06796867618
2.06090029267
2.05405327526
2.04741597734
2.02240406186
2.01657322957
2.0109116151
2.00541010467
2.00005974075
1.99485167722
1.98977713801
1.98482737968
1.97999365875
1.97526720449
1.97063919829
1.96610076052
1.96164294633
1.95725675127
1.95293312812
1.9486630159
1.94443738194
1.94024727755
1.93608390758
1.93193871371
1.92780347091
1.92367039705
1.91953227648
1.91538260404
1.91121576877
1.90702733323
1.90281455783
1.89857756506
1.89432218014
1.89006717707
1.88586313394
1.88184193665
1.87834711024
1.87627628601
1.87797752099
1.88961267165
1.9278181188
2.04304111562
2.1511009452
2.2663168046
2.37432068706
2.46724484443
2.53091934339
2.56541707266
2.52373683437
2.4919291822
2.46407418526
2.43829915821
2.41402972945
2.3910788784
2.36936049325
2.34880682971
2.32934921636
2.31091657363
2.29343778955
2.27684408406
2.261070571
2.24605706891
2.23174837693
2.2180942123
2.20504895282
2.1925712795
2.18062377951
2.16917254581
2.15818679432
2.14763850954
2.13750212333
2.12775422796
2.11837332207
2.10933958733
2.10063469254
2.09224162221
2.08414452636
2.07632858843
2.06877990886
2.06148540163
2.05443270167
2.04761008142
2.04100637471
2.03461090689
2.02841342995
2.00079015078
1.9954421694
1.99024790757
1.98519980163
1.98029035764
1.9755121183
1.97085763086
1.9663194169
1.96188994456
1.95756160429
1.95332668891
1.94917737932
1.94510573668
1.94110370248
1.93716310743
1.93327569043
1.92943312829
1.92562707723
1.92184922631
1.91809136313
1.91434545186
1.9106037235
1.90685878015
1.9031037186
1.89933229008
1.89553914249
1.89172026726
1.88787396809
1.88400316923
1.88012116591
1.87626620669
1.87253862622
1.86919497235
1.86688351395
1.86721901049
1.87411825954
1.89650839924
1.95051704408
2.0245560645
2.14772471304
2.24646556547
2.32282765961
2.34103185415
2.36345617227
2.3644734047
2.35754910321
2.34703169055
2.3346106144
2.3211260625
2.30708485974
2.2928224567
2.27856684856
2.26447239005
2.25064165286
2.23714072385
2.22401011096
2.2112725082
2.19893829618
2.18700942102
2.17548212088
2.1643488376
2.153599554
2.14322272663
2.13320593398
2.12353632417
2.11420092176
2.10518683518
2.09648139449
2.08807223991
2.07994737598
2.07209520141
2.06450452187
2.05716455067
2.05006490097
2.04319557161
2.03654692854
2.03010968268
2.02387486518
2.01783380039
2.01197807721
2.00629951873
1.97648410122
1.97166643944
1.9669809464
1.96242190914
1.95798357327
1.95366012457
1.94944566916
1.94533421327
1.94131964334
1.93739570761
1.93355600004
1.92979394766
1.92610280262
1.92247563981
1.91890536135
1.91538470899
1.9119062853
1.90846258456
1.9050460339
1.90164904525
1.89826407818
1.89488371432
1.89150074481
1.88810827559
1.88469986423
1.88126972531
1.87781309952
1.87432702956
1.87081215471
1.86727705559
1.86374893968
1.86029989529
1.85711053022
1.8546199623
1.85386115715
1.8571327583
1.86899170274
1.89604194692
1.93889493333
2.00296775348
2.06903104898
2.12749973553
2.16582352323
2.19480413142
2.21222009099
2.22112262279
2.22422060248
2.22334864636
2.21971658809
2.214145411
2.20721192041
2.19933219907
2.19081149139
2.18187595415
2.17269405821
2.16339161564
2.15406260614
2.14477710055
2.13558711825
2.12653098846
2.11763661634
2.1089239418
2.1004067998
2.0920943348
2.08399208136
2.07610279372
2.06842708553
2.06096392542
2.05371102224
2.04666512568
2.03982226119
2.03317791397
2.02672717275
2.02046484184
2.0143855279
2.00848370625
2.00275377053
1.99719006881
1.9917869283
1.98653867071
1.98143961962
1.94987791404
1.94562109089
1.94147044594
1.93742225899
1.93347265087
1.92961758011
1.92585283619
1.92217403042
1.91857658519
1.91505572298
1.91160645584
1.90822357654
1.9049016525
1.9016350235
1.89841780439
1.89524389363
1.89210698893
1.88900061057
1.88591813342
1.88285282796
1.87979791113
1.87674660734
1.87369222148
1.87062822764
1.86754838464
1.86444690642
1.86131875896
1.85816026158
1.85497043054
1.85175412668
1.84852953734
1.84534585598
1.84232413545
1.83974776819
1.83824803458
1.8391301243
1.84475065822
1.85829212172
1.88161161716
1.91625206571
1.95679405559
1.99739473911
2.0320131593
2.060674034
2.08265434593
2.09849818032
2.10924331629
2.1159274235
2.11942889039
2.1204506722
2.11954585006
2.1171484706
2.11359988317
2.10916937123
2.10406998614
2.09847070065
2.09250578849
2.08628210412
2.07988475971
2.0733815695
2.06682654127
2.0602626285
2.05372390692
2.04723730202
2.04082396492
2.03450037235
2.02827920928
2.02217007963
2.01618008054
2.01031426787
2.00457603449
1.99896741836
1.99348935371
1.98814187596
1.98292428868
1.97783529925
1.9728731286
1.96803559937
1.96332020579
1.95872416835
1.95424447546
1.92139218621
1.91770909014
1.91410343039
1.91057346434
1.90711718364
1.90373232431
1.90041637186
1.89716656263
1.89397988208
1.89085306137
1.88778257304
1.88476462683
1.88179516678
1.87886987058
1.87598415209
1.8731331683
1.87031183142
1.8675148271
1.86473663959
1.86197158447
1.85921384958
1.85645754494
1.85369676304
1.8509256527
1.84813851488
1.84532994131
1.8424950476
1.83962992662
1.83673262288
1.83380533464
1.83085946138
1.82792706115
1.82508609638
1.82251314572
1.8205835813
1.82003046232
1.82210277995
1.82846954192
1.84054474236
1.85919860736
1.88297764075
1.90923001007
1.93490554385
1.95845559361
1.97884702345
1.99569552805
2.00908520379
2.01933915971
2.02686431799
2.03206974714
2.03533081631
2.03697711064
2.03729137252
2.03651303815
2.03484334561
2.03245066142
2.02947545669
2.02603472454
2.02222579557
2.0181295804
2.0138132982
2.0093327583
2.00473426108
2.00005617844
1.99533026653
1.99058275637
1.98583526022
1.98110552576
1.9764080642
1.9717546742
1.96715487925
1.96261629327
1.95814492626
1.95374543997
1.94942136151
1.94517526167
1.94100890334
1.93692336461
1.93291914021
1.92899622462
1.92515417927
1.89146049865
1.88834678909
1.88528065838
1.8822621852
1.87929110086
1.87636680946
1.87348840224
1.87065466733
1.86786409569
1.86511488439
1.86240493798
1.85973186907
1.85709299893
1.85448535909
1.85190569495
1.84935047216
1.84681588685
1.84429788038
1.84179215949
1.83929422248
1.83679939208
1.8343028559
1.83179971545
1.82928504655
1.82675397707
1.82420179726
1.82162413868
1.81901730781
1.81637897406
1.81370966683
1.81101608122
1.80831828932
1.8056649307
1.80316329916
1.80103305074
1.79968544132
1.7997973531
1.80228166123
1.80804868244
1.81773263922
1.8310970873
1.8471280228
1.8643775295
1.88162863147
1.89793104125
1.91266407773
1.92551248117
1.93638784117
1.94534596129
1.95252265863
1.95809078983
1.96223400836
1.96513186311
1.96695201236
1.96784670041
1.96795169948
1.96738662258
1.96625595223
1.96465039889
1.96264836489
1.96031738789
1.95771549677
1.95489244842
1.9518908343
1.94874705798
1.94549219084
1.94215271657
1.93875117599
1.93530672366
1.93183560746
1.9283515808
1.92486625657
1.9213894106
1.91792924145
1.91449259253
1.91108514147
1.90771156136
1.90437565743
1.90108048246
1.89782843381
1.8946213342
1.86051404877
1.85794954254
1.85540311434
1.85287639471
1.85037062045
1.84788666026
1.84542503477
1.84298593187
1.84056921798
1.83817444638
1.83580086314
1.83344741167
1.83111273651
1.82879518738
1.82649282405
1.82420342307
1.82192448692
1.81965325646
1.81738672729
1.81512167077
1.81285466012
1.8105821026
1.80830027846
1.80600538894
1.80369361759
1.80136121554
1.7990046354
1.79662077086
1.79420743126
1.79176433526
1.78929522575
1.78681231112
1.78434524354
1.78195811187
1.77977832335
1.77803728385
1.77710833014
1.77750231394
1.77977842635
1.78439436806
1.79146676843
1.80070186135
1.81148695337
1.82312433594
1.8349545921
1.84643682677
1.85718126858
1.86694285562
1.87559473016
1.88309695408
1.88946852844
1.89476545349
1.89906480271
1.90245375212
1.90502233575
1.906858862
1.90804716842
1.90866511617
1.90878390198
1.90846789576
1.90777480494
1.90675603158
1.90545713317
1.903918329
1.90217501468
1.90025826216
1.89819529133
1.8960099065
1.89372289436
1.89135238318
1.88891416445
1.88642197887
1.88388776954
1.88132190491
1.87873337446
1.87612995965
1.87351838277
1.87090443598
1.86829309272
1.86568860327
1.86309457645
1.82896751736
1.82691838074
1.82485940253
1.82279341854
1.82072286443
1.8186498023
1.81657594253
1.81450266136
1.81243101504
1.81036175099
1.80829531679
1.8062318675
1.80417127198
1.80211311884
1.80005672274
1.7980011315
1.7959451348
1.79388727492
1.79182586021
1.78975898176
1.78768453378
1.78560023833
1.78350367509
1.78139231785
1.77926358066
1.77711488103
1.77494373657
1.77274793209
1.77052583898
1.7682770606
1.76600375944
1.76371334818
1.76142373497
1.75917288147
1.75703446012
1.75513934061
1.75369628751
1.75299530066
1.75337448453
1.75514874408
1.75850259153
1.76342287328
1.76970163633
1.77700843159
1.78496274642
1.79319407712
1.80138178497
1.80927357389
1.81668759339
1.82350495212
1.829658208
1.83511934468
1.83988900852
1.84398765667
1.8474486597
1.85031313084
1.85262616839
1.85443420347
1.85578318577
1.85671739074
1.85727867892
1.85750607856
1.85743559512
1.85710017644
1.85652978172
1.85575151671
1.85478980846
1.85366660081
1.85240155757
1.85101226447
1.84951442427
1.84792204121
1.84624759279
1.84450218777
1.84269571011
1.84083694904
1.83893371571
1.83699294714
1.83502079823
1.83302272279
1.83100354429
1.7972069847
1.79562849535
1.79401475187
1.79236941014
1.79069575933
1.78899674527
1.78727499051
1.78553281125
1.78377223165
1.7819949959
1.78020257846
1.77839619293
1.77657679992
1.77474511439
1.7729016129
1.7710465412
1.76917992254
1.76730156715
1.7654110833
1.76350789021
1.76159123335
1.75966020238
1.75771375237
1.75575072946
1.75376990291
1.75177000858
1.74974981456
1.74770823246
1.74564452524
1.74355871614
1.74145240608
1.73933038213
1.73720365753
1.73509484475
1.7330467277
1.73113389201
1.72947446709
1.72823482353
1.72761821644
1.72783314892
1.72904361051
1.7313254028
1.73464821174
1.73888979276
1.74386526889
1.74936003374
1.75515838928
1.76106377881
1.76691006449
1.77256551601
1.77793189408
1.78294079146
1.78754881709
1.79173262329
1.79548432219
1.79880753388
1.8017141276
1.80422162023
1.80635115302
1.80812595301
1.80957018883
1.81070813931
1.81156360628
1.81215951468
1.81251765443
1.81265852796
1.81260127531
1.81236365507
1.81196206455
1.81141158662
1.81072605376
1.80991812244
1.80899935257
1.8079802884
1.80687053831
1.80567885151
1.80441319068
1.8030807996
1.80168826549
1.80024157589
1.79874617001
1.76558046992
1.76442008761
1.76320215533
1.76193076242
1.76060970014
1.75924247879
1.75783234315
1.7563822864
1.75489506245
1.75337319712
1.75181899824
1.7502345648
1.74862179553
1.7469823969
1.74531789107
1.74362962358
1.74191877146
1.7401863515
1.73843322922
1.73666012848
1.73486764208
1.73305624337
1.73122629942
1.72937808631
1.72751180792
1.7256276216
1.72372567738
1.72180618581
1.71986954534
1.7179165917
1.71594908898
1.71397067649
1.71198861723
1.71001681895
1.70808057085
1.70622296209
1.70451169559
1.70304314014
1.70193930604
1.70133467304
1.70135316754
1.70208326893
1.70356085842
1.70576554283
1.70862800033
1.71204377873
1.71588901085
1.7200346181
1.72435715235
1.72874582784
1.73310618198
1.73736118257
1.74145063229
1.74532958334
1.74896628693
1.75234002588
1.75543904065
1.75825866
1.76079968304
1.76306701964
1.76506857399
1.76681434529
1.7683157155
1.76958489435
1.77063449398
1.77147720867
1.77212557888
1.77259182193
1.77288771489
1.77302451774
1.77301292752
1.77286305554
1.77258442192
1.77218596255
1.77167604482
1.77106248918
1.77035259454
1.76955316558
1.76867054093
1.76771062112
1.76667889585
)
;

boundaryField
{
    left
    {
        type            cyclic;
    }
    right
    {
        type            cyclic;
    }
    bottom
    {
        type            cyclic;
    }
    top
    {
        type            cyclic;
    }
    frontAndBack
    {
        type            empty;
    }
}


// ************************************************************************* //
