# galilean_zeroFlux: content injected walls sweptDefect budgetError (from tutorials/scalar/galilean_zeroFlux/log.solver)
0.0024461793501 0.0024461793501 0 0 -1.77115266897e-15
0.0048923587002 0.0048923587002 0 3.02036116575e-22 -3.83287121813e-15
0.0073385380503 0.0073385380503 0 -7.26552375868e-22 -6.64399163954e-15
0.0097847174004 0.00978471740041 0 2.18476413551e-20 -1.0571383015e-14
0.0122308967505 0.0122308967505 0 1.53884823607e-20 -1.52863678818e-14
0.0146770761006 0.0146770761006 0 3.88849427331e-19 -1.90451401933e-14
0.0171232554507 0.0171232554507 0 6.58660145814e-19 -2.17111403652e-14
0.0195694348008 0.0195694348008 0 8.3272783089e-18 -2.59257886875e-14
0.0220156141509 0.0220156141509 0 5.32910349566e-18 -3.43977068721e-14
0.024461793501 0.024461793501 0 3.71093720132e-17 -4.9857007244e-14
0.026907972851 0.0269079728511 0 4.5633855904e-17 -7.50123815027e-14
0.0293541522011 0.0293541522012 0 3.03645737444e-16 -1.11742143576e-13
0.0318003315512 0.0318003315513 0 4.60753849005e-16 -1.60604851448e-13
0.0342465109012 0.0342465109014 0 6.57210829064e-16 -2.22795989558e-13
0.0366926902513 0.0366926902515 0 2.1270724459e-15 -2.3808355672e-13
0.0391388696014 0.0391388696016 0 2.56657658153e-15 -2.56129265944e-13
0.0415850489514 0.0415850489517 0 8.777607842e-15 -2.75814186733e-13
0.0440312283014 0.0440312283018 0 1.76374556736e-14 -4.1895774876e-13
0.0464774076513 0.0464774076519 0 2.11242008317e-14 -5.72595317162e-13
0.0489235870013 0.048923587002 0 2.55428605958e-14 -7.23489919649e-13
0.0513697663512 0.0513697663521 0 6.71363167745e-14 -8.61315443144e-13
0.0538159457012 0.0538159457022 0 9.12438976178e-14 -9.81453588775e-13
0.0562621250511 0.0562621250523 0 2.00571169905e-13 -1.08372094719e-12
0.0587083044011 0.0587083044024 0 1.28955062652e-13 -1.17003363173e-12
0.0611544837508 0.0611544837525 0 4.72028890131e-13 -1.24364038319e-12
0.0636006631011 0.0636006631026 0 2.72239572159e-13 -1.30695553586e-12
0.0660468424503 0.0660468424527 0 1.07606996877e-12 -1.36303450518e-12
0.0684930217999 0.0684930218028 0 1.51598737807e-12 -1.41396057285e-12
0.0709392011494 0.0709392011529 0 2.08127496814e-12 -1.46109975874e-12
0.0733853804998 0.073385380503 0 1.73503173857e-12 -1.5064031597e-12
0.0758315598475 0.0758315598531 0 4.05263262502e-12 -1.55085726929e-12
0.0782777391983 0.0782777392032 0 3.33528895797e-12 -1.59568333918e-12
0.0807239185454 0.0807239185534 0 6.29111409278e-12 -1.64176248507e-12
0.0831700978964 0.0831700979035 0 5.35886062668e-12 -1.68954290082e-12
0.085616277241 0.0856162772536 0 1.08275087729e-11 -1.73929993182e-12
0.0880624565919 0.0880624566037 0 9.96612058856e-12 -1.79148818692e-12
0.0905086359324 0.0905086359538 0 1.94783507682e-11 -1.8456334768e-12
0.09295481527 0.0929548153039 0 3.20008417453e-11 -1.90051220103e-12
0.0954009946195 0.095400994654 0 3.24889512153e-11 -1.95466341178e-12
0.0978471739652 0.0978471740041 0 3.68725028206e-11 -2.00591155616e-12
0.100293353302 0.100293353354 0 5.01459343827e-11 -2.05124275345e-12
0.102739532645 0.102739532704 0 5.73564287509e-11 -2.0885202124e-12
0.105185711985 0.105185712054 0 6.73315903171e-11 -2.11666238711e-12
0.107631891326 0.107631891404 0 7.6410358301e-11 -2.13531166709e-12
0.110078070643 0.110078070755 0 1.09403558861e-10 -2.14690444976e-12
0.112524249968 0.112524250105 0 1.34245768408e-10 -2.15388705138e-12
0.114970429271 0.114970429455 0 1.82104366452e-10 -2.15959874493e-12
0.117416608491 0.117416608805 0 3.12149107132e-10 -2.16598071438e-12
0.119862787888 0.119862788155 0 2.64346330797e-10 -2.17479381765e-12
0.122308967147 0.122308967505 0 3.55425573437e-10 -2.18636662404e-12
0.124755146508 0.124755146855 0 3.44526496506e-10 -2.20012313193e-12
0.127201325746 0.127201326205 0 4.571946349e-10 -2.21629106795e-12
0.129647505148 0.129647505555 0 4.05071687196e-10 -2.23425177999e-12
0.132093684327 0.132093684905 0 5.76088227929e-10 -2.25298032831e-12
0.134539863756 0.134539864256 0 4.96920037674e-10 -2.27301033477e-12
0.136986042905 0.136986043606 0 6.98762687842e-10 -2.29358075026e-12
0.139432222125 0.139432222956 0 8.28295556632e-10 -2.31383019392e-12
0.141878401324 0.141878402306 0 9.79827512529e-10 -2.33508871973e-12
0.144324580764 0.144324581656 0 8.89868617323e-10 -2.35559385711e-12
0.146770759894 0.146770761006 0 1.10933462666e-09 -2.37681846695e-12
0.149216939225 0.149216940356 0 1.12877004936e-09 -2.3975824237e-12
0.151663118269 0.151663119706 0 1.43490098395e-09 -2.41816863816e-12
0.154109297589 0.154109299056 0 1.46501407633e-09 -2.43924918742e-12
0.156555476588 0.156555478406 0 1.81620095228e-09 -2.46032484965e-12
0.159001655995 0.159001657757 0 1.75866722088e-09 -2.48089534721e-12
0.161447835028 0.161447837107 0 2.07660041316e-09 -2.5016440237e-12
0.163894013466 0.163894016457 0 2.98810020037e-09 -2.52310419005e-12
0.166340192634 0.166340195807 0 3.16995942327e-09 -2.54516909687e-12
0.168786372216 0.168786375157 0 2.93866425779e-09 -2.56666768765e-12
0.171232551176 0.171232554507 0 3.32895003733e-09 -2.58903506333e-12
0.173678729744 0.173678733857 0 4.11096788122e-09 -2.61212318581e-12
0.176124908804 0.176124913207 0 4.40048522114e-09 -2.63548023506e-12
0.178571087437 0.178571092557 0 5.11809993443e-09 -2.65938214474e-12
0.181017266691 0.181017271908 0 5.21364850574e-09 -2.68519257786e-12
0.183463444739 0.183463451258 0 6.51550458607e-09 -2.71196377817e-12
0.185909624342 0.185909630608 0 6.26332557778e-09 -2.73989426574e-12
0.18835580065 0.188355809958 0 9.30471191287e-09 -2.76804054936e-12
0.190801981082 0.190801989308 0 8.22319547635e-09 -2.79860400015e-12
0.193248159168 0.193248168658 0 9.48728605942e-09 -2.82999469227e-12
0.195694339255 0.195694348008 0 8.74997190297e-09 -2.86327590151e-12
0.198140516051 0.198140527358 0 1.13046068873e-08 -2.89765649864e-12
0.200586696752 0.200586706708 0 9.95313641938e-09 -2.9345760272e-12
0.203032874439 0.203032886058 0 1.16169442124e-08 -2.97253864875e-12
0.205479052476 0.205479065409 0 1.29297749521e-08 -3.01274973991e-12
0.207925229675 0.207925244759 0 1.5080497303e-08 -3.05543716907e-12
0.210371409874 0.210371424109 0 1.42316320199e-08 -3.09915168052e-12
0.212817583248 0.212817603459 0 2.02081517937e-08 -3.14561981815e-12
0.215263763021 0.215263782809 0 1.97845669209e-08 -3.19400891613e-12
0.217709941824 0.217709962159 0 2.03319386604e-08 -3.24426602133e-12
0.220156122104 0.220156141509 0 1.94014244184e-08 -3.29610651029e-12
0.22260229815 0.222602320859 0 2.27058212857e-08 -3.35072942741e-12
0.225048476555 0.225048500209 0 2.36507130554e-08 -3.40685736947e-12
0.227494654211 0.227494679559 0 2.53451593443e-08 -3.4655214763e-12
0.22994083069 0.22994085891 0 2.82160933036e-08 -3.5261431187e-12
0.232387006435 0.23238703826 0 3.18206576915e-08 -3.58904638928e-12
0.23483318276 0.23483321761 0 3.484585916e-08 -3.65342123703e-12
0.237279353753 0.23727939696 0 4.32035234615e-08 -3.71948865454e-12
0.239725531638 0.23972557631 0 4.46680048253e-08 -3.78888330481e-12
0.242171715418 0.24217175566 0 4.02380743977e-08 -3.85941531732e-12
0.244617888238 0.24461793501 0 4.6768693183e-08 -3.93139593724e-12
0.247064068818 0.24706411436 0 4.55378498863e-08 -4.00456794813e-12
0.249510244755 0.24951029371 0 4.89510475408e-08 -4.08024409736e-12
0.25195642824 0.25195647306 0 4.48165324899e-08 -4.15694779807e-12
0.254402589664 0.254402652411 0 6.27422456147e-08 -4.23534079791e-12
0.256848768087 0.256848831761 0 6.36698223244e-08 -4.31680360117e-12
0.259294938832 0.259295011111 0 7.2274451162e-08 -4.39885424065e-12
0.261741113825 0.261741190461 0 7.66310400987e-08 -4.48155216899e-12
0.264187283933 0.264187369811 0 8.58737818503e-08 -4.56680432455e-12
0.266633470463 0.266633549161 0 7.86934883782e-08 -4.65212610788e-12
0.269079641623 0.269079728511 0 8.68829694158e-08 -4.73911226781e-12
0.271525829013 0.271525907861 0 7.88438942845e-08 -4.82593513309e-12
0.273972000613 0.273972087211 0 8.65937571774e-08 -4.91627702161e-12
0.276418178649 0.276418266561 0 8.79077800159e-08 -5.00464725056e-12
0.278864337215 0.278864445912 0 1.08691878234e-07 -5.09629804925e-12
0.281310535096 0.281310625262 0 9.01602683653e-08 -5.19051166057e-12
0.283756696457 0.283756804612 0 1.08149624829e-07 -5.28242336212e-12
0.286202858297 0.286202983962 0 1.25659232197e-07 -5.37518919827e-12
0.288649037273 0.288649163312 0 1.26033469824e-07 -5.47101546644e-12
0.291095227921 0.291095342662 0 1.14735436917e-07 -5.5658372549e-12
0.293541393164 0.293541522012 0 1.28842706329e-07 -5.66098024782e-12
0.295987571525 0.295987701362 0 1.29831249571e-07 -5.75713050705e-12
0.298433743458 0.298433880712 0 1.37248118475e-07 -5.85376866012e-12
0.300879915263 0.300880060062 0 1.44793088266e-07 -5.95088216646e-12
0.3033260803 0.303326239413 0 1.59106117289e-07 -6.04843168049e-12
0.305772258073 0.305772418763 0 1.60683959992e-07 -6.14967041339e-12
0.308218429594 0.308218598113 0 1.68512611302e-07 -6.24789803034e-12
0.310664575392 0.310664777463 0 2.02064215524e-07 -6.34614848767e-12
0.313110779082 0.313110956813 0 1.77724493253e-07 -6.44782268222e-12
0.315556942022 0.315557136163 0 1.94134475819e-07 -6.5464950019e-12
0.318003124826 0.318003315513 0 1.90680127021e-07 -6.64618395617e-12
0.320449286883 0.320449494863 0 2.07973610018e-07 -6.74442048701e-12
0.322895485051 0.322895674213 0 1.89155534513e-07 -6.84463597679e-12
0.325341637719 0.325341853564 0 2.15837964136e-07 -6.94630903637e-12
0.327787837827 0.327788032914 0 1.95079319561e-07 -7.04971989166e-12
0.330234019491 0.330234212264 0 1.92765372021e-07 -7.15225577611e-12
0.332680196927 0.332680391614 0 1.94679561055e-07 -7.25222670709e-12
0.335126362426 0.335126570964 0 2.08530433131e-07 -7.35346365254e-12
0.337572556165 0.337572750314 0 1.94141632935e-07 -7.45559287308e-12
0.340018727742 0.340018929664 0 2.01914602715e-07 -7.55577905941e-12
0.342464918907 0.342465109014 0 1.90099240241e-07 -7.65615103207e-12
0.344911074955 0.344911288364 0 2.13401246155e-07 -7.75570430776e-12
0.347357247623 0.347357467714 0 2.20083193022e-07 -7.85719565619e-12
0.349803395937 0.349803647065 0 2.51119142642e-07 -7.96024862405e-12
0.352249622118 0.352249826415 0 2.04288778175e-07 -8.06632221232e-12
0.35469579203 0.354696005765 0 2.13726248672e-07 -8.17010262476e-12
0.357141943829 0.357142185115 0 2.41277210439e-07 -8.27082246357e-12
0.3595881101 0.359588364465 0 2.54357047423e-07 -8.37263704446e-12
0.36203430619 0.362034543815 0 2.37616330875e-07 -8.47401351939e-12
0.364480500931 0.364480723165 0 2.2222523989e-07 -8.57379495836e-12
0.366926645778 0.366926902515 0 2.5672817047e-07 -8.67414681285e-12
0.369372822397 0.369373081865 0 2.59459971428e-07 -8.77339538271e-12
0.371818976841 0.371819261215 0 2.84365420993e-07 -8.8755626436e-12
0.374265161722 0.374265440566 0 2.78834482636e-07 -8.97929612321e-12
0.376711341159 0.376711619916 0 2.78747321055e-07 -9.08834451025e-12
0.379157540713 0.379157799266 0 2.58543971657e-07 -9.19455288191e-12
0.381603658012 0.381603978616 0 3.20594747549e-07 -9.29287823863e-12
0.384049877649 0.384050157966 0 2.80307750447e-07 -9.39549257299e-12
0.386496048966 0.386496337316 0 2.88340149786e-07 -9.49915031695e-12
0.38894224033 0.388942516666 0 2.76326560062e-07 -9.59717215588e-12
0.391388398515 0.391388696016 0 2.97491907399e-07 -9.69645349024e-12
0.393834590458 0.393834875366 0 2.8489856949e-07 -9.79452218449e-12
0.39628079532 0.396281054716 0 2.5938663624e-07 -9.90178692217e-12
0.398726916232 0.398727234067 0 3.1782489234e-07 -1.00013974184e-11
0.401173086808 0.401173413417 0 3.26598310436e-07 -1.011198218e-11
0.403619309931 0.403619592767 0 2.82825817021e-07 -1.02197370905e-11
0.406065414324 0.406065772117 0 3.57782965717e-07 -1.03182279049e-11
0.408511587389 0.408511951467 0 3.64067949894e-07 -1.04218903046e-11
0.410957772301 0.410958130817 0 3.58505077461e-07 -1.05261876705e-11
0.413404004325 0.413404310167 0 3.05831110141e-07 -1.06249634997e-11
0.415850140762 0.415850489517 0 3.48744984409e-07 -1.07236819295e-11
0.418296275073 0.418296668867 0 3.93783097144e-07 -1.08218847768e-11
0.420742499547 0.420742848217 0 3.48659691813e-07 -1.09350574431e-11
0.423188583894 0.423189027568 0 4.43662210851e-07 -1.10334032791e-11
0.425634859892 0.425635206918 0 3.47014723275e-07 -1.11589771767e-11
0.428081007043 0.428081386268 0 3.79213441112e-07 -1.1269133704e-11
0.430527155624 0.430527565618 0 4.09982383734e-07 -1.13681587575e-11
0.432973288431 0.432973744968 0 4.56525592997e-07 -1.14728209708e-11
0.435419562143 0.435419924318 0 3.62163877355e-07 -1.15809910512e-11
0.437865697946 0.437866103668 0 4.05710266271e-07 -1.16795461654e-11
0.440311893987 0.440312283018 0 3.89019285007e-07 -1.17810206914e-11
0.44275806232 0.442758462368 0 4.00036548429e-07 -1.18850621328e-11
0.44520432753 0.445204641718 0 3.14176178883e-07 -1.19944281517e-11
0.447650318567 0.447650821069 0 5.02489079524e-07 -1.20938145204e-11
0.450096569342 0.450097000419 0 4.31064950336e-07 -1.22330020317e-11
0.452542740409 0.452543179769 0 4.3934705833e-07 -1.23491369464e-11
0.454988921729 0.454989359119 0 4.37377672461e-07 -1.24507698428e-11
0.457435007774 0.457435538469 0 5.3068274824e-07 -1.25576826133e-11
0.459881252706 0.459881717819 0 4.65100630342e-07 -1.26753060233e-11
0.462327425577 0.462327897169 0 4.71579086689e-07 -1.27774812131e-11
0.464773648052 0.464774076519 0 4.2845433766e-07 -1.28809334283e-11
0.467219815835 0.467220255869 0 4.40021853972e-07 -1.29939208732e-11
0.46966601502 0.469666435219 0 4.20186422537e-07 -1.31101322809e-11
0.472111942382 0.47211261457 0 6.72174763482e-07 -1.32146854905e-11
0.47455840387 0.47455879392 0 3.90036454237e-07 -1.33752536141e-11
0.477004504256 0.47700497327 0 4.69000539198e-07 -1.34828666269e-11
0.479450625751 0.47945115262 0 5.26855493616e-07 -1.35893571691e-11
0.481896849145 0.48189733197 0 4.82811763777e-07 -1.37137112085e-11
0.484343029437 0.48434351132 0 4.81869224135e-07 -1.38226641679e-11
0.486789244691 0.48678969067 0 4.45964999958e-07 -1.39321594637e-11
0.489235359767 0.48923587002 0 5.1023884941e-07 -1.40418066063e-11
0.491681585057 0.49168204937 0 4.642994025e-07 -1.41670371247e-11
0.49412774063 0.494128228721 0 4.88075984517e-07 -1.42968970927e-11
0.49657399297 0.496574408071 0 4.15086650065e-07 -1.44277236826e-11
0.499020247052 0.499020587421 0 3.40354237379e-07 -1.4581917451e-11
0.501466409843 0.501466766771 0 3.56913115169e-07 -1.4698469098e-11
0.503912448706 0.503912946121 0 4.97399754029e-07 -1.48159483179e-11
0.506358842194 0.506359125471 0 2.83262359964e-07 -1.49544190224e-11
0.508804950443 0.508805304821 0 3.54362552978e-07 -1.50761526008e-11
0.511251137801 0.511251484171 0 3.46354908705e-07 -1.51955596798e-11
0.513697273031 0.513697663521 0 3.90475241136e-07 -1.53180852553e-11
0.516143560879 0.516143842871 0 2.81977229706e-07 -1.54644896909e-11
0.518589684269 0.518590022222 0 3.3793721165e-07 -1.56140737973e-11
0.521036051917 0.521036201572 0 1.49638350248e-07 -1.57816162239e-11
0.523482346017 0.523482380922 0 3.48884414902e-08 -1.59460011834e-11
0.525928551855 0.525928560272 0 8.40100908424e-09 -1.60790533557e-11
0.528374660536 0.528374739622 0 7.90701161699e-08 -1.62182003906e-11
0.530820966511 0.530820918972 0 -4.7555215198e-08 -1.63725578104e-11
0.533267077109 0.533267098322 0 2.1196793649e-08 -1.65111304822e-11
0.535713357978 0.535713277672 0 -8.0321966033e-08 -1.66513016749e-11
0.538159422545 0.538159457022 0 3.44605934684e-08 -1.67934769571e-11
0.540605635821 0.540605636372 0 5.34328040174e-10 -1.69696340042e-11
0.543051750623 0.543051815723 0 6.50825261888e-08 -1.71474629792e-11
0.545498176456 0.545497995073 0 -1.8140035244e-07 -1.73639218146e-11
0.54794449095 0.547944174423 0 -3.16544637814e-07 -1.7559155441e-11
0.550390546878 0.550390353773 0 -1.93122501247e-07 -1.77168618613e-11
0.552836722058 0.552836533123 0 -1.88952630709e-07 -1.78789765838e-11
0.555282998021 0.555282712473 0 -2.85566259208e-07 -1.80692261237e-11
0.557729271961 0.557728891823 0 -3.80155664276e-07 -1.82337428381e-11
0.560175370314 0.560175071173 0 -2.99159211562e-07 -1.84021053996e-11
0.562621483746 0.562621250523 0 -2.33240988599e-07 -1.85715537593e-11
0.565067600701 0.565067429873 0 -1.70846700094e-07 -1.87932742395e-11
0.567513889531 0.567513609224 0 -2.8032669829e-07 -1.90098962822e-11
0.569960265873 0.569959788574 0 -4.77318513704e-07 -1.92907814847e-11
0.572406526955 0.572405967924 0 -5.59050375088e-07 -1.95340246849e-11
0.574852630424 0.574852147274 0 -4.83169718191e-07 -1.97225124109e-11
0.577298854094 0.577298326624 0 -5.27489558504e-07 -1.99245337233e-11
0.579745114375 0.579744505974 0 -6.08420708579e-07 -2.01581951498e-11
0.582191292222 0.582190685324 0 -6.06918061196e-07 -2.03591028535e-11
0.584637461551 0.584636864674 0 -5.96897069037e-07 -2.0569700083e-11
0.58708357769 0.587083044024 0 -5.33685968556e-07 -2.07780727827e-11
0.589529956375 0.589529223374 0 -7.33021442505e-07 -2.10800979718e-11
0.591976023653 0.591975402725 0 -6.20949698027e-07 -2.13056573654e-11
0.59442228659 0.594421582075 0 -7.04536701332e-07 -2.16526994351e-11
0.596868646171 0.596867761425 0 -8.84768451076e-07 -2.19556764885e-11
0.599314692372 0.599313940775 0 -7.51619586904e-07 -2.21929150783e-11
0.60176081025 0.601760120125 0 -6.90146965313e-07 -2.24428948366e-11
0.604207061343 0.604206299475 0 -7.61890381345e-07 -2.27413690744e-11
0.606653257497 0.606652478825 0 -7.78695133188e-07 -2.29931989306e-11
0.609099522051 0.609098658175 0 -8.6389918223e-07 -2.3255103278e-11
0.611545393874 0.611544837525 0 -5.56372400351e-07 -2.35188313526e-11
0.613991882046 0.613991016875 0 -8.65194482329e-07 -2.39152517454e-11
0.616437829368 0.616437196226 0 -6.33166159559e-07 -2.41951466392e-11
0.618884601216 0.618883375576 0 -1.22566532381e-06 -2.47800911951e-11
0.621330724855 0.621329554926 0 -1.16995455307e-06 -2.51251817631e-11
0.623776866849 0.623775734276 0 -1.13259852084e-06 -2.54242027203e-11
0.626222832761 0.626221913626 0 -9.19161203654e-07 -2.57378054664e-11
0.628669362835 0.628668092976 0 -1.26988531559e-06 -2.61209083968e-11
0.631115462439 0.631114272326 0 -1.19013936985e-06 -2.64420887684e-11
0.633561656725 0.633560451676 0 -1.20507534798e-06 -2.67703914808e-11
0.636007939051 0.636006631026 0 -1.30805206087e-06 -2.71520351722e-11
0.638454263537 0.638452810377 0 -1.45318801621e-06 -2.75411512444e-11
0.640900079079 0.640898989727 0 -1.08937984963e-06 -2.78938770377e-11
0.643346664053 0.643345169077 0 -1.49500505536e-06 -2.86204930529e-11
0.645792872382 0.645791348427 0 -1.52398427229e-06 -2.9050500204e-11
0.648239079842 0.648237527777 0 -1.55209422688e-06 -2.9431197777e-11
0.650685003513 0.650683707127 0 -1.29641555157e-06 -2.98269120535e-11
0.653131400834 0.653129886477 0 -1.51438755793e-06 -3.03161002875e-11
0.655577509513 0.655576065827 0 -1.44371607953e-06 -3.07209340504e-11
0.658023820977 0.658022245177 0 -1.5758308791e-06 -3.11375210658e-11
0.66047005696 0.660468424527 0 -1.63246462641e-06 -3.16253047816e-11
0.662916297002 0.662914603878 0 -1.69315702566e-06 -3.21220454476e-11
0.665361954218 0.665360783228 0 -1.17102254066e-06 -3.25628962417e-11
0.66780876275 0.667806962578 0 -1.80020571231e-06 -3.34509405905e-11
0.670255040685 0.670253141928 0 -1.89879152428e-06 -3.39264608732e-11
0.672701018233 0.672699321278 0 -1.69698992415e-06 -3.44034958903e-11
0.675147416152 0.675145500628 0 -1.91555907312e-06 -3.49494668211e-11
0.677593580947 0.677591679978 0 -1.90100446487e-06 -3.54476673937e-11
0.680039900709 0.680037859328 0 -2.04141681093e-06 -3.59555756606e-11
0.68248595748 0.682484038678 0 -1.91883862736e-06 -3.64776369748e-11
0.684932292044 0.684930218028 0 -2.07405297416e-06 -3.710700206e-11
0.687378408108 0.687376397379 0 -2.0107667399e-06 -3.77249478198e-11
0.689825039759 0.689822576729 0 -2.46306898201e-06 -3.8422061239e-11
0.692271443684 0.692268756079 0 -2.68764451113e-06 -3.92004954858e-11
0.694717592504 0.694714935429 0 -2.65711531827e-06 -3.97834548491e-11
0.697163644544 0.697161114779 0 -2.52980523486e-06 -4.03766003608e-11
0.699610132078 0.699607294129 0 -2.83799043106e-06 -4.10561144848e-11
0.702056265161 0.702053473479 0 -2.79172314685e-06 -4.16748554425e-11
0.704502429672 0.704499652829 0 -2.77688487451e-06 -4.23017429767e-11
0.706948542809 0.706945832179 0 -2.71067303204e-06 -4.29414307741e-11
0.709394934782 0.709392011529 0 -2.92329592285e-06 -4.37364224427e-11
0.711841058118 0.71183819088 0 -2.86728304757e-06 -4.44982068131e-11
0.714287825703 0.71428437023 0 -3.45551891473e-06 -4.54490370098e-11
0.716734216554 0.71673054958 0 -3.66702084418e-06 -4.63791043047e-11
0.719180523908 0.71917672893 0 -3.7950247645e-06 -4.70882808178e-11
0.721626588578 0.72162290828 0 -3.6803461991e-06 -4.78157216622e-11
0.72407299599 0.72406908763 0 -3.90840826754e-06 -4.86399393061e-11
0.726519077444 0.72651526698 0 -3.81051335591e-06 -4.93865521162e-11
0.728965271803 0.72896144633 0 -3.82552330052e-06 -5.01429365643e-11
0.731411470613 0.73140762568 0 -3.84498333185e-06 -5.09156163216e-11
0.733857631053 0.73385380503 0 -3.82607407739e-06 -5.19116327217e-11
0.736303862417 0.736299984381 0 -3.87808959241e-06 -5.2828692179e-11
0.738750648139 0.738746163731 0 -4.484462635e-06 -5.40930502244e-11
0.741197134709 0.741192343081 0 -4.79168388086e-06 -5.52033614768e-11
0.743643166997 0.743638522431 0 -4.64462241135e-06 -5.60400714769e-11
0.746089295408 0.746084701781 0 -4.59368374744e-06 -5.69049750753e-11
0.74853557957 0.748530881131 0 -4.69849635755e-06 -5.79000315558e-11
0.750982007304 0.750977060481 0 -4.94688173523e-06 -5.87764140312e-11
0.75342809183 0.753423239831 0 -4.8520580581e-06 -5.96661453545e-11
0.755874085012 0.755869419181 0 -4.66589129797e-06 -6.05675309067e-11
0.758320312726 0.758315598531 0 -4.71425678269e-06 -6.17807678185e-11
0.760766620613 0.760761777882 0 -4.84279454038e-06 -6.28613812962e-11
0.763213424132 0.763207957232 0 -5.46696344872e-06 -6.28255226265e-11
0.765659710684 0.765654136582 0 -5.5741658783e-06 -6.41390083634e-11
0.768105850027 0.768100315932 0 -5.53415973508e-06 -6.51039667818e-11
0.77055203056 0.770546495282 0 -5.53534428378e-06 -6.60941994638e-11
0.772998361617 0.772992674632 0 -5.68705241445e-06 -6.72654298154e-11
0.775444606657 0.775438853982 0 -5.75274352621e-06 -6.82630641136e-11
0.777890695419 0.777885033332 0 -5.66215568245e-06 -6.9279824093e-11
0.780336772417 0.780331212682 0 -5.55980444037e-06 -7.03045224669e-11
0.782783347656 0.782777392032 0 -5.95569526148e-06 -7.1830835448e-11
0.785229366238 0.785223571383 0 -5.79492826782e-06 -7.28773897842e-11
0.787675887706 0.787669750733 0 -6.13704646652e-06 -7.28506727701e-11
0.79012213556 0.790115930083 0 -6.2055518397e-06 -7.4347732761e-11
0.792568404992 0.792562109433 0 -6.29563465881e-06 -7.54277701047e-11
0.795014294453 0.795008288783 0 -6.00574615285e-06 -7.65337940829e-11
0.797460751577 0.797454468133 0 -6.28352154466e-06 -7.78675149533e-11
0.799906932483 0.799900647483 0 -6.28507851709e-06 -7.89665094153e-11
0.802353301975 0.802346826833 0 -6.47522216884e-06 -8.00806575796e-11
0.804798997685 0.804793006183 0 -5.99158308169e-06 -8.11991668556e-11
0.807245694826 0.807239185534 0 -6.50937541348e-06 -8.29790854669e-11
0.809691507237 0.809685364884 0 -6.14243730579e-06 -8.4108608033e-11
0.812138929842 0.812131544234 0 -7.38569250252e-06 -8.40697968834e-11
0.814585064726 0.814577723584 0 -7.3412273878e-06 -8.54612195051e-11
0.817031193597 0.817023902934 0 -7.29074937912e-06 -8.6613289409e-11
0.819477140576 0.819470082284 0 -7.05838006893e-06 -8.77983805611e-11
0.821923687659 0.821916261634 0 -7.42611465769e-06 -8.92750758259e-11
0.824369854724 0.824362440984 0 -7.41383064667e-06 -9.04414875748e-11
0.826816023491 0.826808620334 0 -7.40324822557e-06 -9.16144934819e-11
0.829262418874 0.829254799684 0 -7.61928310488e-06 -9.30553331729e-11
0.831708746977 0.831700979035 0 -7.76803723243e-06 -9.44160067478e-11
0.834154448869 0.834147158385 0 -7.29058006251e-06 -9.55971577855e-11
0.836601506234 0.836593337735 0 -8.16859515053e-06 -9.55740116565e-11
0.839047617891 0.839039517085 0 -8.1009020422e-06 -9.56100965865e-11
0.841493924339 0.841485696435 0 -8.22799997985e-06 -9.56616421717e-11
0.843939770661 0.843931875785 0 -7.89497178805e-06 -9.57123896876e-11
0.846386232423 0.846378055135 0 -8.17738367714e-06 -9.57402466361e-11
0.848832327786 0.848824234485 0 -8.09339671657e-06 -9.57994605089e-11
0.851278515077 0.851270413835 0 -8.10133720951e-06 -9.58605277795e-11
0.853725055151 0.853716593185 0 -8.46206112574e-06 -9.58981003551e-11
0.856171136821 0.856162772536 0 -8.36438172507e-06 -9.59484055826e-11
0.858616802632 0.858608951886 0 -7.85084211464e-06 -9.60188708447e-11
0.861063910057 0.861055131236 0 -8.77891710283e-06 -9.60143159928e-11
0.863510311419 0.863501310586 0 -9.00092965929e-06 -9.60868173866e-11
0.865956294429 0.865947489936 0 -8.80458944381e-06 -9.61663652492e-11
0.868402705046 0.868393669286 0 -9.0358557741e-06 -9.62219613798e-11
0.870848795838 0.870839848636 0 -8.94729819346e-06 -9.63077464762e-11
0.873295249254 0.873286027986 0 -9.22136373523e-06 -9.63943005057e-11
0.875741292837 0.875732207336 0 -9.08559735204e-06 -9.64839493887e-11
0.878187673065 0.878178386686 0 -9.28647492798e-06 -9.65428306553e-11
0.8806338528 0.880624566037 0 -9.28686042852e-06 -9.66197874712e-11
0.883080676719 0.883070745387 0 -9.93142919514e-06 -9.66703334627e-11
0.88552727058 0.885516924737 0 -1.03459399628e-05 -9.67224878935e-11
0.887973395819 0.887963104087 0 -1.0291829282e-05 -9.68317209964e-11
0.890419482985 0.890409283437 0 -1.01996445965e-05 -9.694334775e-11
0.892865996106 0.892855462787 0 -1.05334162409e-05 -9.70313805924e-11
0.89531210562 0.895301642137 0 -1.04635795871e-05 -9.71544232326e-11
0.897758348992 0.897747821487 0 -1.05276017913e-05 -9.7277737357e-11
0.900204350418 0.900194000837 0 -1.03496784768e-05 -9.74073349768e-11
0.902650877944 0.902640180187 0 -1.06978543723e-05 -9.74971343487e-11
0.905097002735 0.905086359538 0 -1.0643294994e-05 -9.76090255833e-11
0.907543994277 0.907532538888 0 -1.14554868552e-05 -9.76804340217e-11
0.909990474544 0.909978718238 0 -1.17564042558e-05 -9.77775472435e-11
0.912436640273 0.912424897588 0 -1.17427827247e-05 -9.79296503864e-11
0.914882928809 0.914871076938 0 -1.18519694687e-05 -9.80826429292e-11
0.917329201766 0.917317256288 0 -1.19455762688e-05 -9.82178326012e-11
0.919775401747 0.919763435638 0 -1.19662069335e-05 -9.83858265735e-11
0.922221579234 0.922209614988 0 -1.19643444743e-05 -9.85515583918e-11
0.924667822498 0.924655794338 0 -1.20282580008e-05 -9.87278387908e-11
0.92711403322 0.927101973688 0 -1.20596307217e-05 -9.88584897977e-11
0.929560269855 0.929548153039 0 -1.21169151581e-05 -9.90218766121e-11
0.932007222563 0.931994332389 0 -1.28902734412e-05 -9.91307353333e-11
0.934453903521 0.934440511739 0 -1.33918812059e-05 -9.92789898905e-11
0.936899959908 0.936886691089 0 -1.32689186118e-05 -9.9474826676e-11
0.939346042283 0.939332870439 0 -1.31719441818e-05 -9.96732862245e-11
0.941792445456 0.941779049789 0 -1.33957670101e-05 -9.9862379142e-11
0.944238767089 0.944225229139 0 -1.35380497461e-05 -1.00069708986e-10
0.946684939158 0.946671408489 0 -1.35307686185e-05 -1.00281717944e-10
0.949130878366 0.949117587839 0 -1.32906267288e-05 -1.00497027079e-10
0.951577162629 0.951563767189 0 -1.33955403492e-05 -1.00685385464e-10
0.954023457281 0.95400994654 0 -1.35108426069e-05 -1.00901357875e-10
0.956470480893 0.95645612589 0 -1.43551045774e-05 -1.01070609808e-10
0.958916842259 0.95890230524 0 -1.45371207727e-05 -1.01287491876e-10
0.961362892917 0.96134848459 0 -1.44084290181e-05 -1.01516042224e-10
0.963809126317 0.96379466394 0 -1.44624788354e-05 -1.01746260341e-10
0.966255499556 0.96624084329 0 -1.46563683275e-05 -1.01990569144e-10
0.968701749561 0.96868702264 0 -1.47270230106e-05 -1.02228034685e-10
0.971147829913 0.97113320199 0 -1.4628024818e-05 -1.02470074963e-10
0.973593712681 0.97357938134 0 -1.43314430244e-05 -1.02710697061e-10
0.976040598648 0.976025560691 0 -1.50380603931e-05 -1.02960345634e-10
0.978486445109 0.978471740041 0 -1.47051712724e-05 -1.03211208243e-10
0.980933245299 0.980917919391 0 -1.53260115979e-05 -1.03462684553e-10
0.983379464659 0.983364098741 0 -1.53660219878e-05 -1.03750470837e-10
0.985825820154 0.985810278091 0 -1.55421667777e-05 -1.04003389837e-10
0.988271706346 0.988256457441 0 -1.52490093493e-05 -1.04256901821e-10
0.990718138719 0.990702636791 0 -1.55020326848e-05 -1.04546417767e-10
0.993164257325 0.993148816141 0 -1.54412882822e-05 -1.04800337066e-10
0.995610719698 0.995594995491 0 -1.57243115212e-05 -1.0506015788e-10
0.998056404545 0.998041174841 0 -1.52298086564e-05 -1.05317060872e-10
1.00050311344 1.00048735419 0 -1.57593564613e-05 -1.05648746506e-10
1.0029489724 1.00293353354 0 -1.54389615333e-05 -1.05906920728e-10
1.00539554726 1.00537971289 0 -1.58344720021e-05 -1.06263486308e-10
1.00784173148 1.00782589224 0 -1.58393425139e-05 -1.06616590925e-10
1.01028786403 1.01027207159 0 -1.57925414592e-05 -1.06881778384e-10
1.01273382316 1.01271825094 0 -1.55723295006e-05 -1.07148510635e-10
1.01518035027 1.01516443029 0 -1.59200902994e-05 -1.07475366822e-10
1.01762649095 1.01761060964 0 -1.58814151344e-05 -1.0774008225e-10
1.0200727383 1.02005678899 0 -1.59494141067e-05 -1.08009542513e-10
1.02251909293 1.02250296834 0 -1.61246961033e-05 -1.08335377771e-10
1.02496547757 1.02494914769 0 -1.63299815756e-05 -1.08637752338e-10
1.02741119984 1.02739532704 0 -1.58729029225e-05 -1.0890956102e-10
1.02985838997 1.02984150639 0 -1.6883688667e-05 -1.09348615249e-10
1.03230448366 1.03228768574 0 -1.67980246273e-05 -1.09668551194e-10
1.0347506272 1.03473386509 0 -1.67622191302e-05 -1.09942853544e-10
1.0371967009 1.03718004444 0 -1.66565669299e-05 -1.1022018565e-10
1.0396429939 1.03962622379 0 -1.67702209567e-05 -1.10576354554e-10
1.0420892242 1.04207240314 0 -1.68211720721e-05 -1.10852432932e-10
1.04453538056 1.04451858249 0 -1.67981821501e-05 -1.11130783781e-10
1.04698201416 1.04696476184 0 -1.7252423619e-05 -1.1149164763e-10
1.04942811047 1.04941094119 0 -1.71693921774e-05 -1.1180685397e-10
1.05187374202 1.05185712054 0 -1.66215849689e-05 -1.12089270452e-10
1.05432090627 1.05430329989 0 -1.76064916842e-05 -1.12646626554e-10
1.05676737842 1.05674947924 0 -1.78992848917e-05 -1.12942844181e-10
1.05921340861 1.05919565859 0 -1.77501274847e-05 -1.13226325902e-10
1.06165979152 1.06164183794 0 -1.79536940264e-05 -1.13566127914e-10
1.06410594644 1.06408801729 0 -1.7929263805e-05 -1.1384499158e-10
1.06655225264 1.06653419664 0 -1.80561117242e-05 -1.14139162274e-10
1.06899838654 1.06898037599 0 -1.80106613557e-05 -1.1442321176e-10
1.07144478149 1.07142655534 0 -1.82262622131e-05 -1.14819318776e-10
1.07389098368 1.07387273469 0 -1.82491006041e-05 -1.15154478726e-10
1.07633784027 1.07631891404 0 -1.89263370752e-05 -1.15619361141e-10
1.07878442486 1.07876509339 0 -1.93315860645e-05 -1.16117288348e-10
1.08123063114 1.08121127274 0 -1.93585080547e-05 -1.16412330005e-10
1.08367663524 1.08365745209 0 -1.91832634211e-05 -1.1670332647e-10
1.08612321155 1.08610363145 0 -1.95802228252e-05 -1.17060205266e-10
1.08856932685 1.0885498108 0 -1.95161734493e-05 -1.17351919286e-10
1.09101556135 1.09099599015 0 -1.95713182669e-05 -1.17654574153e-10
1.09346156349 1.0934421695 0 -1.93941144757e-05 -1.17951014827e-10
1.09590796381 1.09588834885 0 -1.96150856427e-05 -1.18386698082e-10
1.09835429046 1.0983345282 0 -1.97623838245e-05 -1.18750568383e-10
1.10080101419 1.10078070755 0 -2.0306759885e-05 -1.19296836234e-10
1.10324768919 1.1032268869 0 -2.0802416677e-05 -1.19790173793e-10
1.10569383303 1.10567306625 0 -2.07669040744e-05 -1.20097304565e-10
1.10814017164 1.1081192456 0 -2.09261603495e-05 -1.20407577311e-10
1.11058647087 1.11056542495 0 -2.10460453364e-05 -1.20788005655e-10
1.11303263262 1.1130116043 0 -2.10284492404e-05 -1.21095845347e-10
1.11547875848 1.11545778365 0 -2.09749512638e-05 -1.21419711027e-10
1.11792505984 1.117903963 0 -2.10969636904e-05 -1.21731722081e-10
1.12037133537 1.12035014235 0 -2.11931472217e-05 -1.2221704747e-10
1.12281753488 1.1227963217 0 -2.12133108796e-05 -1.22602507326e-10
1.12526456688 1.12524250105 0 -2.2065955143e-05 -1.23247098091e-10
1.12771112418 1.1276886804 0 -2.24439074173e-05 -1.23784611854e-10
1.13015728908 1.13013485975 0 -2.24294598289e-05 -1.24104598983e-10
1.13260335753 1.1325810391 0 -2.2318556486e-05 -1.24433066102e-10
1.13504978166 1.13502721845 0 -2.256333792e-05 -1.2484367235e-10
1.13749604479 1.1374733978 0 -2.26471149054e-05 -1.25177219444e-10
1.13994218816 1.13991957715 0 -2.26111368009e-05 -1.25532922189e-10
1.14238821438 1.1423657565 0 -2.24580129299e-05 -1.25861935376e-10
1.14483443626 1.14481193585 0 -2.25005378691e-05 -1.26398244146e-10
1.14728075866 1.1472581152 0 -2.26435853536e-05 -1.26827385653e-10
1.14972786774 1.14970429455 0 -2.35733241536e-05 -1.27719636408e-10
1.15217421916 1.1521504739 0 -2.37453907198e-05 -1.28366532231e-10
1.15462031692 1.15459665325 0 -2.36638042725e-05 -1.28379218311e-10
1.15706635774 1.1570428326 0 -2.35252728619e-05 -1.28740062322e-10
1.15951294025 1.15948901195 0 -2.39284360518e-05 -1.2937168467e-10
1.16195898501 1.1619351913 0 -2.37938396446e-05 -1.29385384097e-10
1.16440521158 1.16438137065 0 -2.38410580527e-05 -1.29405192166e-10
1.16685107954 1.16682755 0 -2.35296728164e-05 -1.29419385544e-10
1.16929796254 1.16927372935 0 -2.42333181193e-05 -1.30681254328e-10
1.17174386269 1.1717199087 0 -2.39541228593e-05 -1.30681766644e-10
1.17419070334 1.17416608805 0 -2.46154183958e-05 -1.30716974066e-10
1.17663685996 1.1766122674 0 -2.459269673e-05 -1.32172525532e-10
1.17908327161 1.17905844675 0 -2.48249895646e-05 -1.32187739186e-10
1.1815292211 1.1815046261 0 -2.45951379729e-05 -1.32202003468e-10
1.18397560564 1.18395080545 0 -2.4800327108e-05 -1.32209873308e-10
1.1864217819 1.1863969848 0 -2.47972342474e-05 -1.32220597396e-10
1.18886806144 1.18884316415 0 -2.48974232773e-05 -1.32236485644e-10
1.19131387674 1.1912893435 0 -2.45333681194e-05 -1.32247496225e-10
1.19376052795 1.19373552285 0 -2.50052343903e-05 -1.32794981181e-10
1.19620645661 1.1961817022 0 -2.47545457648e-05 -1.32810264946e-10
1.1986529959 1.19862788155 0 -2.51144813006e-05 -1.33383987964e-10
1.20109916035 1.2010740609 0 -2.50995874623e-05 -1.33395783182e-10
1.20354538459 1.20352024025 0 -2.51444735691e-05 -1.33406463573e-10
1.20599131157 1.2059664196 0 -2.48920988667e-05 -1.33420747239e-10
1.2084378153 1.20841259895 0 -2.52164786801e-05 -1.33428628399e-10
1.21088396488 1.2108587783 0 -2.51867092151e-05 -1.33440991818e-10
1.21333017958 1.21330495765 0 -2.5222062388e-05 -1.33452782757e-10
1.21577657044 1.215751137 0 -2.54335699876e-05 -1.33459230693e-10
1.21822270235 1.21819731635 0 -2.53861293619e-05 -1.33476892357e-10
1.22066870073 1.2206434957 0 -2.5205158159e-05 -1.33484233673e-10
1.2231156864 1.22308967505 0 -2.60114854397e-05 -1.34503636131e-10
1.22556198554 1.2255358544 0 -2.61312719796e-05 -1.34516636474e-10
1.22800810517 1.22798203375 0 -2.60715574044e-05 -1.34528678694e-10
1.23045422511 1.2304282131 0 -2.60121448447e-05 -1.34541436426e-10
1.23290054677 1.23287439245 0 -2.61544515095e-05 -1.34552235402e-10
1.23534672852 1.2353205718 0 -2.61568504326e-05 -1.34563155869e-10
1.23779283314 1.23776675115 0 -2.60821269645e-05 -1.3458047133e-10
1.24023946264 1.2402129305 0 -2.65322712695e-05 -1.34586715006e-10
1.24268560512 1.24265910985 0 -2.64954061488e-05 -1.34599380791e-10
1.2451313017 1.2451052892 0 -2.60126322143e-05 -1.3461526931e-10
1.24757840612 1.24755146855 0 -2.69377039715e-05 -1.35692396992e-10
1.25002469816 1.2499976479 0 -2.70503915754e-05 -1.35702200487e-10
1.25247083547 1.25244382725 0 -2.70083576846e-05 -1.35712635625e-10
1.25491670722 1.2548900066 0 -2.67007569102e-05 -1.35728870753e-10
1.25736313621 1.25733618595 0 -2.69503919348e-05 -1.35739010648e-10
1.2598092522 1.2597823653 0 -2.68870319395e-05 -1.35746906693e-10
1.26225546279 1.26222854465 0 -2.69182760524e-05 -1.35764974959e-10
1.26470189515 1.264674724 0 -2.71712849228e-05 -1.35772579916e-10
1.26714793898 1.26712090335 0 -2.70357662393e-05 -1.35784762147e-10
1.26959479274 1.2695670827 0 -2.77101760639e-05 -1.3579889151e-10
1.27204134988 1.27201326205 0 -2.80879668821e-05 -1.35811130225e-10
1.27448756203 1.2744594414 0 -2.81207639671e-05 -1.35823728065e-10
1.2769336356 1.27690562075 0 -2.80149789399e-05 -1.35839042431e-10
1.27937994049 1.2793518001 0 -2.81405263084e-05 -1.35849870781e-10
1.28182628544 1.28179797945 0 -2.83061181805e-05 -1.35865937902e-10
1.28427218157 1.2842441588 0 -2.80229074441e-05 -1.3587467876e-10
1.28671847508 1.28669033815 0 -2.81370634661e-05 -1.35890725976e-10
1.28916480941 1.2891365175 0 -2.82920456929e-05 -1.35901282662e-10
1.29161091995 1.29158269685 0 -2.82232288841e-05 -1.37177970961e-10
1.2940578753 1.2940288762 0 -2.89992355417e-05 -1.37190832852e-10
1.29650445221 1.29647505555 0 -2.93967937336e-05 -1.37205966163e-10
1.2989506254 1.2989212349 0 -2.93906322111e-05 -1.37216891038e-10
1.30139692514 1.30136741425 0 -2.95110238072e-05 -1.37231434488e-10
1.30384327407 1.3038135936 0 -2.96806046151e-05 -1.37247659174e-10
1.30628928419 1.30625977295 0 -2.95113710843e-05 -1.37255609513e-10
1.30873547218 1.3087059523 0 -2.952001011e-05 -1.37268895611e-10
1.311181677 1.31115213165 0 -2.95454779892e-05 -1.37285663123e-10
1.31362787371 1.313598311 0 -2.95628474532e-05 -1.3729870037e-10
1.3160739862 1.31604449035 0 -2.94959835585e-05 -1.38603168182e-10
1.31852121418 1.3184906697 0 -3.05446186579e-05 -1.38615946697e-10
1.32096759688 1.32093684905 0 -3.07479634721e-05 -1.38626561768e-10
1.32341379679 1.3233830284 0 -3.07685251594e-05 -1.3864104969e-10
1.3258599087 1.32582920776 0 -3.07010852405e-05 -1.38658879944e-10
1.32830631457 1.32827538711 0 -3.09276041351e-05 -1.38667812184e-10
1.3307523248 1.33072156646 0 -3.07584828634e-05 -1.38679044532e-10
1.33319851517 1.33316774581 0 -3.07695071759e-05 -1.40020631422e-10
1.33564462128 1.33561392516 0 -3.06962683568e-05 -1.40037884819e-10
1.33809081599 1.33806010451 0 -3.07116227315e-05 -1.40048266786e-10
1.34053675883 1.34050628386 0 -3.04751146067e-05 -1.4154522106e-10
1.34298423793 1.34295246321 0 -3.17748624053e-05 -1.41563510277e-10
1.34543015456 1.34539864256 0 -3.1512145555e-05 -1.42981461171e-10
1.34787668142 1.34784482191 0 -3.18596594038e-05 -1.42995908951e-10
1.35032261397 1.35029100126 0 -3.16128606256e-05 -1.43007558818e-10
1.35276918194 1.35273718061 0 -3.20014774596e-05 -1.4302503592e-10
1.35521518346 1.35518335996 0 -3.18236481939e-05 -1.43035927083e-10
1.35766130164 1.35762953931 0 -3.17624761447e-05 -1.4456405862e-10
1.36010736592 1.36007571866 0 -3.16474106678e-05 -1.44578252487e-10
1.36255389211 1.36252189801 0 -3.19942519214e-05 -1.46120533709e-10
1.36499989132 1.36496807736 0 -3.18141092671e-05 -1.47735455806e-10
1.36744685455 1.36741425671 0 -3.25979885725e-05 -1.47749794326e-10
1.36989293387 1.36986043606 0 -3.24979638739e-05 -1.49316978941e-10
1.37233926204 1.37230661541 0 -3.26467866228e-05 -1.49336616952e-10
1.37478530754 1.37475279476 0 -3.25129362344e-05 -1.49352093152e-10
1.37723164898 1.37719897411 0 -3.26750178215e-05 -1.49368320514e-10
1.37967779742 1.37964515346 0 -3.26441096216e-05 -1.49377811918e-10
1.38212378381 1.38209133281 0 -3.24511544432e-05 -1.51054094417e-10
1.38456980057 1.38453751216 0 -3.22885586019e-05 -1.51070028022e-10
1.38701626185 1.38698369151 0 -3.25704974304e-05 -1.52734701792e-10
1.38946223143 1.38942987086 0 -3.23607279773e-05 -1.5447107665e-10
1.39190843345 1.39187605021 0 -3.23833995666e-05 -1.56037700562e-10
1.39435478663 1.39432222956 0 -3.25572251927e-05 -1.56046330331e-10
1.3968010189 1.39676840891 0 -3.26101489979e-05 -1.56065027973e-10
1.39924713898 1.39921458826 0 -3.25508766786e-05 -1.56076076515e-10
1.40169323647 1.40166076761 0 -3.24690212556e-05 -1.56087514509e-10
1.40413954723 1.40410694696 0 -3.26004268138e-05 -1.57572603823e-10
1.40658534261 1.40655312631 0 -3.22164564149e-05 -1.59361708732e-10
1.40903215757 1.40899930566 0 -3.28520756727e-05 -1.59367360285e-10
1.41147792958 1.41144548501 0 -3.24447356057e-05 -1.61125121261e-10
1.41392398604 1.41389166436 0 -3.23218490511e-05 -1.62954884504e-10
1.41637086362 1.41633784371 0 -3.30200729877e-05 -1.64626110555e-10
1.41881720923 1.41878402306 0 -3.31863368174e-05 -1.64631314739e-10
1.42126346731 1.42123020241 0 -3.3265065283e-05 -1.64643386462e-10
1.42370942108 1.42367638176 0 -3.30394807588e-05 -1.64664716297e-10
1.42615580704 1.42612256111 0 -3.32460992194e-05 -1.64671348009e-10
1.42860185194 1.42856874046 0 -3.31116475625e-05 -1.66290958149e-10
1.43104791964 1.43101491981 0 -3.29999977991e-05 -1.68147345101e-10
1.43349444091 1.43346109916 0 -3.33419232005e-05 -1.68155139925e-10
1.43594044206 1.43590727851 0 -3.31637166752e-05 -1.69989945724e-10
1.43838612318 1.43835345786 0 -3.2665489958e-05 -1.71888243934e-10
1.4408332011 1.44079963721 0 -3.35640625157e-05 -1.7363752014e-10
1.44327930635 1.44324581656 0 -3.34899622186e-05 -1.75201261668e-10
1.44572547268 1.44569199591 0 -3.34769474795e-05 -1.75215256244e-10
1.44817132939 1.44813817526 0 -3.31543004149e-05 -1.75229400543e-10
1.45061786347 1.45058435461 0 -3.35090339716e-05 -1.75239203695e-10
1.45306301622 1.45303053396 0 -3.24824385633e-05 -1.77198628065e-10
1.45550975696 1.45547671331 0 -3.30438258393e-05 -1.77209740853e-10
1.45795615473 1.45792289266 0 -3.32622437926e-05 -1.7722380536e-10
1.46040180699 1.46036907201 0 -3.27351569453e-05 -1.79218377091e-10
1.46284848385 1.46281525136 0 -3.32326737061e-05 -1.80799471525e-10
1.4652952773 1.46526143071 0 -3.38467715036e-05 -1.82604223903e-10
1.46774120444 1.46770761006 0 -3.35945596547e-05 -1.84256744153e-10
1.47018764439 1.47015378941 0 -3.38551633495e-05 -1.84275598897e-10
1.47263363527 1.47259996876 0 -3.36666882154e-05 -1.84279162676e-10
1.47508002703 1.47504614811 0 -3.38791010624e-05 -1.84295794344e-10
1.47752543836 1.47749232746 0 -3.3111084568e-05 -1.86278399301e-10
1.47997203174 1.47993850681 0 -3.35251191839e-05 -1.86287674577e-10
1.48241861784 1.48238468616 0 -3.3931867792e-05 -1.86300721588e-10
1.48486332098 1.48483086551 0 -3.24556518918e-05 -1.8831886655e-10
1.48731115097 1.48727704486 0 -3.41062975666e-05 -1.88328421149e-10
1.48975756528 1.48972322421 0 -3.43412599236e-05 -1.90162621598e-10
1.49220391667 1.49216940356 0 -3.45133020439e-05 -1.91865001988e-10
1.49465000278 1.49461558291 0 -3.44200600936e-05 -1.91875524475e-10
1.49709630032 1.49706176226 0 -3.45382528818e-05 -1.91887325386e-10
1.49954181785 1.49950794161 0 -3.3876431369e-05 -1.93659288773e-10
1.50198793629 1.50195412096 0 -3.38155208511e-05 -1.9559542528e-10
1.50443416018 1.50440030031 0 -3.38600670262e-05 -1.95605976864e-10
1.50687992526 1.50684647966 0 -3.3445796408e-05 -1.97484314044e-10
1.50932557353 1.50929265901 0 -3.29147139932e-05 -1.99435962157e-10
1.5117737649 1.51173883836 0 -3.49267403328e-05 -1.99439322838e-10
1.514219534 1.51418501771 0 -3.4516485771e-05 -2.0127110351e-10
1.51666602633 1.51663119706 0 -3.48294728816e-05 -2.02994504046e-10
1.51911193249 1.51907737641 0 -3.4556283372e-05 -2.03002372507e-10
1.5215586074 1.52152355576 0 -3.50518445087e-05 -2.03007153764e-10
1.52400354331 1.52396973511 0 -3.38084048705e-05 -2.04775474457e-10
1.52644989028 1.52641591446 0 -3.39760247163e-05 -2.06681565485e-10
1.52889584739 1.52886209381 0 -3.37537858868e-05 -2.06691104133e-10
1.53134209694 1.53130827316 0 -3.38239807298e-05 -2.08534512886e-10
1.53378720367 1.53375445251 0 -3.27513684152e-05 -2.10443121669e-10
1.53623552984 1.53620063186 0 -3.48981903782e-05 -2.11295877035e-10
1.53868101014 1.53864681121 0 -3.41991420523e-05 -2.13142857869e-10
1.54112791135 1.54109299056 0 -3.49210037388e-05 -2.13153777459e-10
1.54357409832 1.54353916991 0 -3.49286199195e-05 -2.139448878e-10
1.54602020854 1.54598534926 0 -3.48594946988e-05 -2.13949892342e-10
1.5484658968 1.54843152861 0 -3.43684010344e-05 -2.15673199691e-10
1.550911667 1.55087770796 0 -3.39592510308e-05 -2.17518734043e-10
1.55335824031 1.55332388731 0 -3.43532080431e-05 -2.17528237698e-10
1.55580357968 1.55577006666 0 -3.35132313627e-05 -2.19323039981e-10
1.55824943853 1.55821624601 0 -3.31927362331e-05 -2.21149766882e-10
1.56069695908 1.56066242536 0 -3.45339389369e-05 -2.22012121523e-10
1.56314268632 1.56310860471 0 -3.40818319319e-05 -2.2377894008e-10
1.56558885836 1.56555478406 0 -3.40745163772e-05 -2.23783302578e-10
1.56803498982 1.56800096342 0 -3.40266250923e-05 -2.24648792339e-10
1.57048112243 1.57044714277 0 -3.39798930667e-05 -2.25276762183e-10
1.57292717844 1.57289332212 0 -3.38565546537e-05 -2.2692951326e-10
1.57537208946 1.57533950147 0 -3.25882194003e-05 -2.2867945991e-10
1.57781877337 1.57778568082 0 -3.30927864162e-05 -2.29186129913e-10
1.58026466697 1.58023186017 0 -3.28070383951e-05 -2.30888914033e-10
1.58271065381 1.58267803952 0 -3.26145267606e-05 -2.32609506641e-10
1.58515584613 1.58512421887 0 -3.16274967803e-05 -2.34245796839e-10
1.58760280691 1.58757039822 0 -3.24089306324e-05 -2.35810583584e-10
1.59004861483 1.59001657757 0 -3.20374982734e-05 -2.36336542947e-10
1.59249551933 1.59246275692 0 -3.27626472621e-05 -2.37250267351e-10
1.594940961 1.59490893627 0 -3.20249748597e-05 -2.37912939044e-10
1.59738712481 1.59735511562 0 -3.20094366415e-05 -2.39452267551e-10
1.59983269146 1.59980129497 0 -3.13967384276e-05 -2.41092975384e-10
1.60227974582 1.60224747432 0 -3.22717477735e-05 -2.41705220088e-10
1.604725463 1.60469365367 0 -3.180957699e-05 -2.43287363027e-10
1.60717059226 1.60713983302 0 -3.07594851242e-05 -2.44893311156e-10
1.60961719123 1.60958601237 0 -3.11791096705e-05 -2.46424377364e-10
1.61206374131 1.61203219172 0 -3.15498440327e-05 -2.47870702872e-10
1.61451013254 1.61447837107 0 -3.17617216207e-05 -2.48422097773e-10
1.61695578109 1.61692455042 0 -3.12309270118e-05 -2.49365629959e-10
1.61940195114 1.61937072977 0 -3.12216224214e-05 -2.50055484592e-10
1.62184774542 1.62181690912 0 -3.08365503892e-05 -2.51463289136e-10
1.62429347721 1.62426308847 0 -3.03889999504e-05 -2.52965849585e-10
1.62673981096 1.62670926782 0 -3.0543394046e-05 -2.53602708095e-10
1.62918558061 1.62915544717 0 -3.01336959902e-05 -2.55047511458e-10
1.63163056921 1.63160162652 0 -2.89429482953e-05 -2.56515585093e-10
1.63407795826 1.63404780587 0 -3.0152645686e-05 -2.57917436828e-10
1.63652333644 1.63649398522 0 -2.93514778327e-05 -2.59220219078e-10
1.63896966021 1.63894016457 0 -2.94958974174e-05 -2.59806861161e-10
1.64141501388 1.64138634392 0 -2.86702238612e-05 -2.60727652758e-10
1.64386200704 1.64383252327 0 -2.94840359858e-05 -2.61433077816e-10
1.64630472803 1.64627870262 0 -2.60256761498e-05 -2.62829381306e-10
1.64875278138 1.64872488197 0 -2.789967632e-05 -2.63419595832e-10
1.65119864617 1.65117106132 0 -2.75851151714e-05 -2.64066328174e-10
1.65364377371 1.65361724067 0 -2.6533303786e-05 -2.65438640841e-10
1.65609029087 1.65606342002 0 -2.68711145348e-05 -2.66608979546e-10
1.65853740249 1.65850959937 0 -2.78033907449e-05 -2.67832736685e-10
1.66098374465 1.66095577872 0 -2.79661982182e-05 -2.68982094349e-10
1.66342940489 1.66340195807 0 -2.74470930506e-05 -2.69581089934e-10
1.66587602676 1.66584813742 0 -2.78896088707e-05 -2.70458501389e-10
1.66832159903 1.66829431677 0 -2.72825288452e-05 -2.71068028084e-10
1.67076551276 1.67074049612 0 -2.50169135791e-05 -2.72307288941e-10
1.67321280671 1.67318667547 0 -2.61315132487e-05 -2.72905390408e-10
1.67565982162 1.67563285482 0 -2.69670734549e-05 -2.73549304892e-10
1.67810325988 1.67807903417 0 -2.42259874042e-05 -2.74750726693e-10
1.68055087726 1.68052521352 0 -2.5664012922e-05 -2.7578343964e-10
1.68299730767 1.68297139287 0 -2.59150813384e-05 -2.76873651474e-10
1.68544386551 1.68541757222 0 -2.62935645749e-05 -2.77873426946e-10
1.68788828596 1.68786375157 0 -2.45346687084e-05 -2.78473155159e-10
1.69033501991 1.69030993092 0 -2.50892642854e-05 -2.79265214544e-10
1.69277903102 1.69275611027 0 -2.29210287297e-05 -2.80237370181e-10
1.69522506222 1.69520228962 0 -2.2772882041e-05 -2.81295679871e-10
1.69767097405 1.69764846897 0 -2.25053640603e-05 -2.81886918704e-10
1.70011617552 1.70009464832 0 -2.15274791843e-05 -2.82884112629e-10
1.70256049726 1.70254082767 0 -1.96698717928e-05 -2.83911897532e-10
1.70501099868 1.70498700702 0 -2.39919478288e-05 -2.84568329316e-10
1.70745562214 1.70743318637 0 -2.2436055376e-05 -2.85524042845e-10
1.7099025367 1.70987936572 0 -2.31712690349e-05 -2.86392273486e-10
1.71234747412 1.71232554507 0 -2.1929334591e-05 -2.87082713741e-10
1.71479550782 1.71477172442 0 -2.37836882702e-05 -2.87681957859e-10
1.71723838667 1.71721790377 0 -2.04831832212e-05 -2.88523093844e-10
1.71968459448 1.71966408312 0 -2.05116466704e-05 -2.89436347478e-10
1.72213137841 1.72211026247 0 -2.11162306484e-05 -2.90009305592e-10
1.72457638676 1.72455644182 0 -1.99452335494e-05 -2.90889697621e-10
1.72702124053 1.72700262117 0 -1.86196478387e-05 -2.91792876902e-10
1.72947039821 1.72944880052 0 -2.15979757876e-05 -2.92390337135e-10
1.73191462049 1.73189497987 0 -1.96409151089e-05 -2.93282832251e-10
1.7343621904 1.73434115922 0 -2.10314668942e-05 -2.93844042801e-10
1.73680849594 1.73678733857 0 -2.11576578207e-05 -2.9446608502e-10
1.73925461217 1.73923351792 0 -2.10945426898e-05 -2.95016339523e-10
1.74169889109 1.74167969727 0 -1.91941120936e-05 -2.95759930049e-10
1.74414402483 1.74412587662 0 -1.81485005858e-05 -2.96560005401e-10
1.7465912225 1.74657205597 0 -1.91668271848e-05 -2.97101778309e-10
1.74903458578 1.74901823532 0 -1.63507549847e-05 -2.97925555991e-10
1.75148032342 1.75146441467 0 -1.59090419814e-05 -2.987366504e-10
1.75392862206 1.75391059402 0 -1.80283387179e-05 -2.99293756381e-10
1.75637359731 1.75635677337 0 -1.68242344005e-05 -3.00129008123e-10
1.75881916856 1.75880295272 0 -1.62161327369e-05 -3.0066604282e-10
1.76126567038 1.76124913207 0 -1.65386087855e-05 -3.01242759006e-10
1.7637113036 1.76369531142 0 -1.59924820793e-05 -3.01754809111e-10
1.76615714499 1.76614149077 0 -1.56545198128e-05 -3.02442005657e-10
1.76860011554 1.76858767012 0 -1.24457208324e-05 -3.03170440339e-10
1.77104791026 1.77103384947 0 -1.40610941157e-05 -3.03690117335e-10
1.77349223742 1.77348002882 0 -1.22088982821e-05 -3.04502213398e-10
1.77593878292 1.77592620817 0 -1.25750500042e-05 -3.05224785037e-10
1.77838246316 1.77837238752 0 -1.00759399215e-05 -3.06133052732e-10
1.78083001861 1.78081856687 0 -1.14520470092e-05 -3.06890782616e-10
1.78327641433 1.78326474622 0 -1.1668411631e-05 -3.0740687837e-10
1.78572251091 1.78571092557 0 -1.15856462012e-05 -3.0797220775e-10
1.78816886421 1.78815710492 0 -1.17595948434e-05 -3.08469885281e-10
1.79061361374 1.79060328427 0 -1.03297736365e-05 -3.0914321308e-10
1.79305815348 1.79304946362 0 -8.69016245044e-06 -3.0985871495e-10
1.79550592052 1.79549564297 0 -1.02778600623e-05 -3.10348132276e-10
1.79795108839 1.79794182232 0 -9.26637496978e-06 -3.11100473397e-10
1.8003952195 1.80038800167 0 -7.21813719239e-06 -3.11823891146e-10
1.80284091202 1.80283418102 0 -6.73131293818e-06 -3.13021853561e-10
1.80528770392 1.80528036037 0 -7.34385586815e-06 -3.13796824574e-10
1.80773420964 1.80772653973 0 -7.6702323358e-06 -3.14316652673e-10
1.81017866891 1.81017271908 0 -5.95014591234e-06 -3.14909787704e-10
1.81262533017 1.81261889843 0 -6.43206134058e-06 -3.15418730467e-10
1.81507005839 1.81506507778 0 -4.98092898556e-06 -3.16138302231e-10
1.81751539331 1.81751125713 0 -4.13650193795e-06 -3.16895706114e-10
1.81996132767 1.81995743648 0 -3.89151469183e-06 -3.17401004853e-10
1.82240704554 1.82240361583 0 -3.43002959156e-06 -3.1822531985e-10
1.82484998047 1.82484979518 0 -1.85614285157e-07 -3.19011810031e-10
1.82729877193 1.82729597453 0 -2.79772113657e-06 -3.20361987868e-10
1.82974270593 1.82974215388 0 -5.52377647746e-07 -3.21148564698e-10
1.83218932478 1.83218833323 0 -9.91873634194e-07 -3.2167032429e-10
1.83463265975 1.83463451258 0 1.85250532938e-06 -3.22317485169e-10
1.83708174601 1.83708069193 0 -1.05440875088e-06 -3.22866078824e-10
1.83952085498 1.83952687128 0 6.01597029668e-06 -3.23721630442e-10
1.8419705189 1.84197305063 0 2.53139993259e-06 -3.24241933191e-10
1.84441755631 1.84441922998 0 1.67334524842e-06 -3.24779922892e-10
1.84685969434 1.84686540933 0 5.7146633146e-06 -3.2575161048e-10
1.84930807351 1.84931158868 0 3.51483958587e-06 -3.26641561619e-10
1.85175480591 1.85175776803 0 2.96178440482e-06 -3.27796253335e-10
1.85420087616 1.85420394738 0 3.07088371176e-06 -3.28691081945e-10
1.85664528995 1.85665012673 0 4.83644420248e-06 -3.29216861502e-10
1.85909256961 1.85909630608 0 3.73613584269e-06 -3.2922510827e-10
1.86153826206 1.86154248543 0 4.22303832084e-06 -3.2978950583e-10
1.86397908551 1.86398866478 0 9.57893864292e-06 -3.30774324872e-10
1.86642731891 1.86643484413 0 7.52488942594e-06 -3.31294397443e-10
1.86887488496 1.86888102348 0 6.1381847337e-06 -3.31885092915e-10
1.87131549584 1.87132720283 0 1.17066587607e-05 -3.33019695709e-10
1.87376407358 1.87377338218 0 9.3082657649e-06 -3.34110011975e-10
1.87621053526 1.87621956153 0 9.02593005412e-06 -3.35462451808e-10
1.87865697855 1.87866574088 0 8.76198855199e-06 -3.36502431802e-10
1.88109914276 1.88111192023 0 1.27771313591e-05 -3.37024466466e-10
1.88354688295 1.88355809958 0 1.12162922038e-05 -3.37028980926e-10
1.88598882488 1.88600427893 0 1.54537132963e-05 -3.38129171343e-10
1.88843448119 1.88845045828 0 1.59767502751e-05 -3.39275572304e-10
1.8908797295 1.89089663763 0 1.69077910772e-05 -3.3977284303e-10
1.8933250851 1.89334281698 0 1.77315416112e-05 -3.41039029021e-10
1.89576612634 1.89578899633 0 2.28696479834e-05 -3.4235232524e-10
1.89822160319 1.89823517568 0 1.35721503864e-05 -3.43165353284e-10
1.90066523073 1.90068135503 0 1.6123957446e-05 -3.44578239894e-10
1.90311207014 1.90312753438 0 1.54638981243e-05 -3.45772869264e-10
1.9055579154 1.90557371373 0 1.57979820741e-05 -3.46646442091e-10
1.90800532044 1.90801989308 0 1.45722958743e-05 -3.47399302542e-10
1.91044810913 1.91046607243 0 1.79629494599e-05 -3.48653131858e-10
1.91289262773 1.91291225178 0 1.96236980774e-05 -3.49953863905e-10
1.91533936633 1.91535843113 0 1.90644463617e-05 -3.50430904872e-10
1.91778334082 1.91780461048 0 2.1269306126e-05 -3.51886153974e-10
1.92022703349 1.92025078983 0 2.3755988785e-05 -3.53390236548e-10
1.92267960816 1.92269696918 0 1.73606708924e-05 -3.53401293665e-10
1.92512155834 1.92514314853 0 2.15898379219e-05 -3.55017587397e-10
1.92756945528 1.92758932788 0 1.98722494612e-05 -3.5550927851e-10
1.93001606088 1.93003550723 0 1.94459975166e-05 -3.56490037444e-10
1.93246168855 1.93248168658 0 1.99976755287e-05 -3.57330576796e-10
1.93490527388 1.93492786593 0 2.25916959121e-05 -3.58741130958e-10
1.93734913921 1.93737404528 0 2.49057084118e-05 -3.60195072607e-10
1.93979654457 1.93982022463 0 2.36796999929e-05 -3.60638159798e-10
1.94223772191 1.94226640398 0 2.86817052571e-05 -3.62307900918e-10
1.94468273684 1.94471258333 0 2.98461254642e-05 -3.63967495635e-10
1.94713283941 1.94715876268 0 2.59229041235e-05 -3.63980149707e-10
1.94957706916 1.94960494203 0 2.7872500262e-05 -3.65742112868e-10
1.95202125999 1.95205112138 0 2.98610222084e-05 -3.66247299676e-10
1.95446909215 1.95449730073 0 2.82082134725e-05 -3.67336253829e-10
1.95691303151 1.95694348008 0 3.04482002767e-05 -3.68271555656e-10
1.95936032729 1.95938965943 0 2.93317705169e-05 -3.69810368533e-10
1.96180133299 1.96183583878 0 3.45054202459e-05 -3.71399200666e-10
1.96424934083 1.96428201813 0 3.26769329265e-05 -3.71830082749e-10
1.96669549671 1.96672819748 0 3.27003994387e-05 -3.7367513888e-10
1.96913863879 1.96917437683 0 3.57376713135e-05 -3.75303696798e-10
1.97158416705 1.97162055618 0 3.6388752384e-05 -3.77284195456e-10
1.97403108118 1.97406673553 0 3.56539729381e-05 -3.79092707624e-10
1.97647652524 1.97651291488 0 3.63892582948e-05 -3.79628181823e-10
1.97892195925 1.97895909423 0 3.71346057275e-05 -3.80837330489e-10
1.9813691751 1.98140527358 0 3.60980982458e-05 -3.81848431645e-10
1.98381404793 1.98385145293 0 3.74046194302e-05 -3.83491745575e-10
1.98625671564 1.98629763228 0 4.0916260169e-05 -3.85196828359e-10
1.98870218496 1.98874381163 0 4.16262892416e-05 -3.85621007321e-10
1.99114967558 1.99118999098 0 4.0315014729e-05 -3.87610842992e-10
1.99359076647 1.99363617033 0 4.54034716255e-05 -3.89330337622e-10
1.9960381286 1.99608234968 0 4.42206913793e-05 -3.9154438776e-10
1.99848444925 1.99852852903 0 4.40793855687e-05 -3.93384917685e-10
2.00093022833 2.00097470838 0 4.44796570653e-05 -3.93990422745e-10
2.00337356725 2.00342088773 0 4.73200893062e-05 -3.95328539463e-10
2.00582153385 2.00586706708 0 4.55328352164e-05 -3.96405606541e-10
2.00826522935 2.00831324643 0 4.80166844041e-05 -3.98133970338e-10
2.0107100219 2.01075942578 0 4.94034851386e-05 -3.99913248025e-10
2.01315556215 2.01320560513 0 5.00425870717e-05 -4.00917314084e-10
2.0156027629 2.01565178448 0 4.90211834149e-05 -4.0278836754e-10
2.01804061244 2.01809796383 0 5.73509921402e-05 -4.04591522862e-10
2.02049077 2.02054414318 0 5.33727762153e-05 -4.06831704813e-10
2.02293441843 2.02299032253 0 5.59037000047e-05 -4.08747705354e-10
2.02538074026 2.02543650188 0 5.57612115609e-05 -4.09449972273e-10
2.02782432804 2.02788268123 0 5.835277954e-05 -4.10913451567e-10
2.03027271994 2.03032886058 0 5.61402304443e-05 -4.12050924915e-10
2.0327116739 2.03277503993 0 6.3365617488e-05 -4.13900724241e-10
2.03516114418 2.03522121928 0 6.00746938213e-05 -4.14337424261e-10
2.03760869733 2.03766739863 0 5.87008869594e-05 -4.15388048238e-10
2.04004919069 2.04011357798 0 6.43868767748e-05 -4.17354953643e-10
2.04249836689 2.04255975733 0 6.13900284882e-05 -4.19210986833e-10
2.04494789731 2.04500593668 0 5.80389563421e-05 -4.21247679527e-10
2.04739256454 2.04745211604 0 5.9551075244e-05 -4.23092555382e-10
2.04983533259 2.04989829539 0 6.29623731467e-05 -4.23582115767e-10
2.05228431143 2.05234447474 0 6.01628779531e-05 -4.25172085622e-10
2.05472903315 2.05479065409 0 6.16205118824e-05 -4.26046802994e-10
2.05716876917 2.05723683344 0 6.80638401897e-05 -4.27942591804e-10
2.05961704863 2.05968301279 0 6.59637273664e-05 -4.28396187556e-10
2.06206502759 2.06212919214 0 6.41641171201e-05 -4.29480769497e-10
2.06450419923 2.06457537149 0 7.11718215274e-05 -4.31493072392e-10
2.0669539746 2.06702155084 0 6.75758046208e-05 -4.33467129175e-10
2.06940163403 2.06946773019 0 6.60957161174e-05 -4.35556648338e-10
2.07184786854 2.07191390954 0 6.60405609219e-05 -4.37428892384e-10
2.07428671548 2.07436008889 0 7.3372969182e-05 -4.37940590124e-10
2.07673815828 2.07680626824 0 6.81095154985e-05 -4.39589348795e-10
2.07917613096 2.07925244759 0 7.63161874751e-05 -4.41467454688e-10
2.08162426685 2.08169862694 0 7.43596396952e-05 -4.43389123228e-10
2.0840685868 2.08414480629 0 7.62190431025e-05 -4.43855833828e-10
2.0865189599 2.08659098564 0 7.20252888154e-05 -4.44960474689e-10
2.08895589598 2.08903716499 0 8.12685626192e-05 -4.47026254975e-10
2.09141352956 2.09148334434 0 6.98143246443e-05 -4.48551588599e-10
2.09386040373 2.09392952369 0 6.91195112373e-05 -4.5064435461e-10
2.09630607777 2.09637570304 0 6.96248111945e-05 -4.52532872381e-10
2.0987510888 2.09882188239 0 7.07931314528e-05 -4.54023173482e-10
2.10119935462 2.10126806174 0 6.870665959e-05 -4.55193791893e-10
2.10364165007 2.10371424109 0 7.25905560002e-05 -4.57083043209e-10
2.10608715922 2.10616042044 0 7.32607592365e-05 -4.5903180981e-10
2.10853213877 2.10860659979 0 7.44605542331e-05 -4.59508466989e-10
2.11097545183 2.11105277914 0 7.732684558e-05 -4.61601416894e-10
2.11341910581 2.11349895849 0 7.98522189427e-05 -4.63699532371e-10
2.11587490945 2.11594513784 0 7.02279247218e-05 -4.65352196827e-10
2.11832088186 2.11839131719 0 7.04348637143e-05 -4.67469741627e-10
2.12076472576 2.12083749654 0 7.27703060595e-05 -4.69369155494e-10
2.12321067045 2.12328367589 0 7.30049672633e-05 -4.70893261734e-10
2.12565749502 2.12572985524 0 7.23597478271e-05 -4.72093773741e-10
2.12810080855 2.12817603459 0 7.52255614228e-05 -4.73995440459e-10
2.13054417188 2.13062221394 0 7.80415853729e-05 -4.75932044697e-10
2.13299053108 2.13306839329 0 7.78617363679e-05 -4.76398672058e-10
2.13542968337 2.13551457264 0 8.48887934565e-05 -4.78568145548e-10
2.13787707911 2.13796075199 0 8.36724011241e-05 -4.80684855946e-10
2.14032767326 2.14040693134 0 7.92575944647e-05 -4.82385352583e-10
2.1427746947 2.14285311069 0 7.84155040003e-05 -4.84572846692e-10
2.14521787287 2.14529929004 0 8.14166829733e-05 -4.85182504606e-10
2.14766603234 2.14774546939 0 7.94365601209e-05 -4.86726206201e-10
2.15011287968 2.15019164874 0 7.87685690329e-05 -4.8797391243e-10
2.15255776634 2.15263782809 0 8.0061257605e-05 -4.89870680126e-10
2.15500046655 2.15508400744 0 8.35404015204e-05 -4.91806260403e-10
2.15744660627 2.15753018679 0 8.35800305566e-05 -4.92228869914e-10
2.15989458588 2.15997636614 0 8.1779760405e-05 -4.94415100779e-10
2.16233604151 2.16242254549 0 8.65034793806e-05 -4.96357049714e-10
2.16478263284 2.16486872484 0 8.60915013949e-05 -4.98622934649e-10
2.16723088411 2.16731490419 0 8.40195802669e-05 -5.00739484531e-10
2.16967512863 2.16976108354 0 8.59544053016e-05 -5.01395956939e-10
2.17211933487 2.17220726289 0 8.7927519693e-05 -5.0291038635e-10
2.17456854167 2.17465344224 0 8.4900068469e-05 -5.04230686935e-10
2.17701255424 2.17709962159 0 8.70668466738e-05 -5.06109259563e-10
2.17945550279 2.17954580094 0 9.0297638991e-05 -5.08027775623e-10
2.18189865387 2.18199198029 0 9.33259104534e-05 -5.08393818472e-10
2.18434814891 2.18443815964 0 9.00102240407e-05 -5.10627222119e-10
2.18678708901 2.18688433899 0 9.72494672392e-05 -5.12540624824e-10
2.18923927959 2.18933051834 0 9.12382375107e-05 -5.14914058183e-10
2.19168576443 2.19177669769 0 9.09327420479e-05 -5.16971149307e-10
2.194131089 2.19422287704 0 9.17875273997e-05 -5.17619173882e-10
2.19657113437 2.19666905639 0 9.79214987625e-05 -5.19111312367e-10
2.19902372589 2.19911523574 0 9.15093298626e-05 -5.20464102832e-10
2.20146385879 2.20156141509 0 9.75557747478e-05 -5.2230885479e-10
2.20391169422 2.20400759444 0 9.58996956022e-05 -5.24198227644e-10
2.20635808019 2.20645377379 0 9.56930781172e-05 -5.25207774081e-10
2.20880609521 2.20889995314 0 9.38574049703e-05 -5.27221308454e-10
2.21124301909 2.21134613249 0 0.000103112874896 -5.29103556731e-10
2.21369388568 2.21379231184 0 9.84256292588e-05 -5.31497547552e-10
2.21613997381 2.21623849119 0 9.8516852833e-05 -5.33540651709e-10
2.21858569627 2.21868467054 0 9.89737331549e-05 -5.34247813022e-10
2.22102688991 2.22113084989 0 0.000103959451048 -5.35704053938e-10
2.22347645624 2.22357702924 0 0.000100572461262 -5.37073586437e-10
2.225915769 2.22602320859 0 0.000107439051906 -5.38938439815e-10
2.22836654327 2.22846938794 0 0.000102844131619 -5.39092301208e-10
2.23081429528 2.23091556729 0 0.000101271471256 -5.4013269359e-10
2.23325436764 2.23336174664 0 0.000107378458644 -5.4220339732e-10
2.23570584623 2.23580792599 0 0.000102079221509 -5.44129253238e-10
2.23815825414 2.23825410534 0 9.58506542146e-05 -5.46197693506e-10
2.24060263214 2.24070028469 0 9.76520087643e-05 -5.4810179095e-10
2.24304482065 2.24314646404 0 0.000101642841123 -5.48298305603e-10
2.24549458591 2.24559264339 0 9.80569355117e-05 -5.4968885784e-10
2.24793998485 2.24803882274 0 9.88373475494e-05 -5.50419301663e-10
2.25038001019 2.25048500209 0 0.000104991349624 -5.52220183331e-10
2.25282792228 2.25293118144 0 0.000103258611356 -5.52285898085e-10
2.25527693204 2.25537736079 0 0.000100428196819 -5.53369040762e-10
2.25771371491 2.25782354014 0 0.000109824683073 -5.55445965332e-10
2.26016974506 2.26026971949 0 9.99738767433e-05 -5.57472716711e-10
2.26261635813 2.26271589884 0 9.95401548965e-05 -5.59554965229e-10
2.26506530716 2.26516207819 0 9.67704728229e-05 -5.61357269601e-10
2.26750306975 2.26760825754 0 0.000105187228462 -5.6144415736e-10
2.26995689923 2.27005443689 0 9.75370988516e-05 -5.62792264994e-10
2.27239660083 2.27250061624 0 0.000104014844837 -5.64504403644e-10
2.27484259248 2.27494679559 0 0.000104202550348 -5.66221059826e-10
2.27728843056 2.27739297494 0 0.000104543814414 -5.66197503094e-10
2.27973940702 2.27983915429 0 9.97467096427e-05 -5.67285286779e-10
2.28217572594 2.28228533364 0 0.000109607131391 -5.69380378512e-10
2.28463780365 2.28473151299 0 9.37087763082e-05 -5.70693024603e-10
2.28708780578 2.28717769234 0 8.98859902357e-05 -5.72802389925e-10
2.28953395599 2.2896238717 0 8.99151315591e-05 -5.74496329564e-10
2.29197823792 2.29207005105 0 9.18125450081e-05 -5.75599469211e-10
2.29442751754 2.2945162304 0 8.87122740283e-05 -5.76620347729e-10
2.29687055535 2.29696240975 0 9.18538199261e-05 -5.782388654e-10
2.29931575236 2.2994085891 0 9.28361533146e-05 -5.79856610576e-10
2.30176030406 2.30185476845 0 9.44638053268e-05 -5.79773164807e-10
2.30420420114 2.3043009478 0 9.6746074142e-05 -5.81899949544e-10
2.30664650792 2.30674712715 0 0.000100618642391 -5.83990402924e-10
2.30910811341 2.3091933065 0 8.51925051102e-05 -5.85514483442e-10
2.31155523966 2.31163948585 0 8.424559498e-05 -5.87654067104e-10
2.31399882731 2.3140856652 0 8.68372942152e-05 -5.89194144835e-10
2.31644435632 2.31653184455 0 8.74876311239e-05 -5.90239186316e-10
2.31889046806 2.3189780239 0 8.75552402025e-05 -5.91239863966e-10
2.32133779018 2.32142420325 0 8.6412471021e-05 -5.92745329003e-10
2.32377781697 2.3238703826 0 9.25650305312e-05 -5.94267295475e-10
2.32622578248 2.32631656195 0 9.07788746902e-05 -5.94130497973e-10
2.32866528671 2.3287627413 0 9.74539934655e-05 -5.96347165863e-10
2.3311135155 2.33120892065 0 9.54045479398e-05 -5.98446855805e-10
2.33357170269 2.3336551 0 8.33967103386e-05 -5.98451308908e-10
2.33601640988 2.33610127935 0 8.48688680819e-05 -6.0069705594e-10
2.33846179612 2.3385474587 0 8.56619713726e-05 -6.00882565588e-10
2.34090933737 2.34099363805 0 8.43000750927e-05 -6.01877068462e-10
2.34335714666 2.3434398174 0 8.26701349429e-05 -6.02848944931e-10
2.34580138356 2.34588599675 0 8.46125816748e-05 -6.04217659006e-10
2.34824583624 2.3483321761 0 8.63392497352e-05 -6.05605593831e-10
2.35069082099 2.35077835545 0 8.75338491447e-05 -6.05451610193e-10
2.35314100146 2.3532245348 0 8.35327342386e-05 -6.07651645025e-10
2.35558065392 2.35567071415 0 9.00596219694e-05 -6.09039792448e-10
2.35803108187 2.3581168935 0 8.58110169341e-05 -6.11442309842e-10
2.36047897448 2.36056307285 0 8.4097757383e-05 -6.13617029096e-10
2.36292333391 2.3630092522 0 8.59176780021e-05 -6.13788388808e-10
2.36536685996 2.36545543155 0 8.8570968904e-05 -6.14715858741e-10
2.3678164955 2.3679016109 0 8.51147779286e-05 -6.15673109554e-10
2.37026141534 2.37034779025 0 8.63742936381e-05 -6.16888973999e-10
2.37270539578 2.3727939696 0 8.85732023978e-05 -6.18128751323e-10
2.37514596755 2.37524014895 0 9.41807826216e-05 -6.17958975657e-10
2.37759879949 2.3776863283 0 8.75281847074e-05 -6.2024144913e-10
2.38003341627 2.38013250765 0 9.90907602049e-05 -6.21464047405e-10
2.38249679415 2.382578687 0 8.18922231197e-05 -6.24015427736e-10
2.38494002108 2.38502486635 0 8.48446393474e-05 -6.26096684385e-10
2.38738840606 2.3874710457 0 8.26390152384e-05 -6.26239923227e-10
2.38982715124 2.38991722505 0 9.00731863881e-05 -6.27096669487e-10
2.3922819238 2.3923634044 0 8.14799755344e-05 -6.28027701499e-10
2.39472462783 2.39480958375 0 8.49552870183e-05 -6.29096563349e-10
2.39717019286 2.3972557631 0 8.55696103817e-05 -6.30158780219e-10
2.39961977294 2.39970194245 0 8.21688790681e-05 -6.3076595455e-10
2.4020681956 2.4021481218 0 7.99255709923e-05 -6.32644970143e-10
2.40450261543 2.40459430115 0 9.16850876876e-05 -6.3368039757e-10
2.40695875332 2.4070404805 0 8.17265451534e-05 -6.33684394278e-10
2.40940639443 2.40948665985 0 8.02647871187e-05 -6.35744135734e-10
2.41185221803 2.4119328392 0 8.06205374e-05 -6.35915933328e-10
2.41429194309 2.41437901855 0 8.70748279717e-05 -6.36705211395e-10
2.41674235179 2.4168251979 0 8.28454763261e-05 -6.37634018963e-10
2.41918841209 2.41927137725 0 8.29645231363e-05 -6.38549771653e-10
2.42163304616 2.4217175566 0 8.45098023826e-05 -6.39438000745e-10
2.42408272494 2.42416373595 0 8.1010368063e-05 -6.40020589342e-10
2.42652402963 2.4266099153 0 8.58850316862e-05 -6.41958287499e-10
2.42895993633 2.42905609465 0 9.61576820185e-05 -6.427779834e-10
2.43142193205 2.431502274 0 8.03413120126e-05 -6.42787085955e-10
2.43386730293 2.43394845335 0 8.11497721839e-05 -6.44610442417e-10
2.43630940043 2.4363946327 0 8.52316264972e-05 -6.44525090647e-10
2.438760462 2.43884081205 0 8.03494062629e-05 -6.45273371804e-10
2.44120332878 2.4412869914 0 8.36619765078e-05 -6.45382534632e-10
2.44364886607 2.44373317075 0 8.43040308788e-05 -6.46095663637e-10
2.44609206989 2.4461793501 0 8.7279568841e-05 -6.45913680492e-10
2.44854546086 2.44862552945 0 8.00679422703e-05 -6.4649116163e-10
2.45098293999 2.4510717088 0 8.87681585095e-05 -6.48440888143e-10
2.45344280644 2.45351788815 0 7.50810590829e-05 -6.50339299597e-10
2.45589415235 2.4559640675 0 6.99145044653e-05 -6.52434654073e-10
2.45834030828 2.45841024685 0 6.99379171406e-05 -6.53613303089e-10
2.46078000646 2.4608564262 0 7.64190923566e-05 -6.53447688469e-10
2.46323541549 2.46330260555 0 6.71894063496e-05 -6.5416888524e-10
2.46567534259 2.4657487849 0 7.3441658237e-05 -6.54875304741e-10
2.46812111895 2.46819496425 0 7.38446483257e-05 -6.55371600711e-10
2.47056762234 2.4706411436 0 7.35206054546e-05 -6.55192497506e-10
2.4730196709 2.47308732295 0 6.76513933692e-05 -6.55776186283e-10
2.47545652424 2.4755335023 0 7.69774042791e-05 -6.57751756056e-10
2.47792192548 2.47797968165 0 5.77555143538e-05 -6.57731165031e-10
2.48037523423 2.480425861 0 5.06261177099e-05 -6.59869552114e-10
2.48282091933 2.48287204035 0 5.11203587041e-05 -6.60700206602e-10
2.48526500493 2.4853182197 0 5.32141124677e-05 -6.61025382685e-10
2.4877160117 2.48776439905 0 4.83866874331e-05 -6.61526545687e-10
2.49015781629 2.4902105784 0 5.27614500455e-05 -6.61925977294e-10
2.49260448244 2.49265675775 0 5.22746474566e-05 -6.62201731323e-10
2.49504859101 2.4951029371 0 5.43454337612e-05 -6.62068587772e-10
2.4974940507 2.49754911645 0 5.50650898505e-05 -6.6410480833e-10
2.49993727343 2.4999952958 0 5.80217122797e-05 -6.66037825837e-10
2.5023999292 2.50244147515 0 4.15452888193e-05 -6.66048167886e-10
2.50485279533 2.5048876545 0 3.48585090359e-05 -6.68231535589e-10
2.50729267251 2.50733383385 0 4.11606751615e-05 -6.68473807721e-10
2.50974091672 2.5097800132 0 3.90958116304e-05 -6.68772051403e-10
2.51218828947 2.51222619255 0 3.79024156351e-05 -6.69259197594e-10
2.51463666083 2.5146723719 0 3.57104036581e-05 -6.69412158734e-10
2.51707964487 2.51711855125 0 3.89057123931e-05 -6.69481335908e-10
2.51952376136 2.5195647306 0 4.0968572244e-05 -6.69420971868e-10
2.5219660248 2.52201090995 0 4.48844786049e-05 -6.71621531136e-10
2.52441448408 2.5244570893 0 4.26045544875e-05 -6.73543815584e-10
2.52687674509 2.52690326865 0 2.65228928159e-05 -6.73560180731e-10
2.52932189656 2.529349448 0 2.75507711574e-05 -6.75927286595e-10
2.5317689978 2.53179562736 0 2.66288826566e-05 -6.758434487e-10
2.53421506359 2.53424180671 0 2.67424361857e-05 -6.7609143459e-10
2.5366644751 2.53668798606 0 2.35102740359e-05 -6.76587832465e-10
2.53910849524 2.53913416541 0 2.56694896637e-05 -6.76522364171e-10
2.54155420759 2.54158034476 0 2.61364861668e-05 -6.76402106356e-10
2.54399654645 2.54402652411 0 2.99769779707e-05 -6.76413878871e-10
2.54644996491 2.54647270346 0 2.27378654611e-05 -6.78638570195e-10
2.54889025989 2.54891888281 0 2.86222383527e-05 -6.78642091362e-10
2.55134636537 2.55136506216 0 1.86961074063e-05 -6.78641523572e-10
2.55379221395 2.55381124151 0 1.90268716227e-05 -6.810756599e-10
2.55623746365 2.55625742086 0 1.99565291864e-05 -6.80986096601e-10
2.55868002384 2.55870360021 0 2.3575681551e-05 -6.81207922695e-10
2.56113042448 2.56114977956 0 1.9354398787e-05 -6.81760624226e-10
2.56357262944 2.56359595891 0 2.33287862025e-05 -6.81509336025e-10
2.56602218771 2.56604213826 0 1.99498607181e-05 -6.81229273028e-10
2.56845676886 2.56848831761 0 3.15480673401e-05 -6.81292543282e-10
2.57091511527 2.57093449696 0 1.9381007082e-05 -6.8366898474e-10
2.57334981857 2.57338067631 0 3.08570494188e-05 -6.83403479016e-10
2.5758195017 2.57582685566 0 7.35327459981e-06 -6.83405851203e-10
2.5782649835 2.57827303501 0 8.05081972183e-06 -6.85433210439e-10
2.58071080963 2.58071921436 0 8.40404173758e-06 -6.85342060194e-10
2.58315031647 2.58316539371 0 1.5076556561e-05 -6.85552020827e-10
2.58560617631 2.58561157306 0 5.39606182753e-06 -6.86161409368e-10
2.58804935329 2.58805775241 0 8.39843294423e-06 -6.85799391556e-10
2.59049450985 2.59050393176 0 9.42122269978e-06 -6.85401050116e-10
2.59294638313 2.59295011111 0 3.72729226432e-06 -6.85605637063e-10
2.59539418665 2.59539629046 0 2.1031158074e-06 -6.87108027172e-10
2.59782840619 2.59784246981 0 1.40629299993e-05 -6.86703417918e-10
2.60028873062 2.60028864916 0 -8.21446172194e-08 -6.86696366406e-10
2.60273723188 2.60273482851 0 -2.40406064178e-06 -6.88655905422e-10
2.60518250303 2.60518100786 0 -1.49586006474e-06 -6.88554584476e-10
2.60762142709 2.60762718721 0 5.75942927389e-06 -6.88756658977e-10
2.61007330479 2.61007336656 0 6.10771278571e-08 -6.89438226967e-10
2.61251798529 2.61251954591 0 1.55992547573e-06 -6.89088511659e-10
2.61496363984 2.61496572526 0 2.08472673912e-06 -6.88637711477e-10
2.61741465119 2.61741190461 0 -2.74727003186e-06 -6.88896001488e-10
2.61985682769 2.61985808396 0 1.25557504522e-06 -6.9044907663e-10
2.62229159164 2.62230426331 0 1.26709797973e-05 -6.90034375471e-10
2.62475430527 2.62475044266 0 -3.86330091045e-06 -6.90045073934e-10
2.6272052356 2.62719662201 0 -8.61428514328e-06 -6.91618170205e-10
2.6296436728 2.62964280136 0 -8.72131957303e-07 -6.91552132964e-10
2.63209873681 2.63208898071 0 -9.75678967847e-06 -6.9190304635e-10
2.63454168679 2.63453516006 0 -6.52741886722e-06 -6.91821732475e-10
2.6369888085 2.63698133941 0 -7.46977720593e-06 -6.91357893636e-10
2.639433848 2.63942751876 0 -6.32993085989e-06 -6.91342955112e-10
2.6418857147 2.64187369811 0 -1.20172817446e-05 -6.91661212493e-10
2.64432617491 2.64431987746 0 -6.29813882743e-06 -6.93243755995e-10
2.64678756661 2.64676605681 0 -2.15104956258e-05 -6.94924348778e-10
2.64924036434 2.64921223616 0 -2.81288730441e-05 -6.96997115694e-10
2.65168598973 2.65165841551 0 -2.75749196582e-05 -6.97632956923e-10
2.65412822779 2.65410459486 0 -2.363363045e-05 -6.97603320088e-10
2.65658189797 2.65655077421 0 -3.11244555741e-05 -6.98028256568e-10
2.65902303648 2.65899695356 0 -2.60836212702e-05 -6.9791392154e-10
2.66146875392 2.66144313291 0 -2.56217076783e-05 -6.9750262147e-10
2.66391542124 2.66388931226 0 -2.61096810814e-05 -6.97481855309e-10
2.66636670696 2.66633549161 0 -3.12160452211e-05 -6.97938491032e-10
2.66880536861 2.66878167096 0 -2.36983475174e-05 -6.99498428263e-10
2.6712732418 2.67122785031 0 -4.53921924153e-05 -7.00395493691e-10
2.67372600472 2.67367402966 0 -5.1975757436e-05 -7.02459621599e-10
2.67617289819 2.67612020901 0 -5.26898777609e-05 -7.0287958687e-10
2.67861754211 2.67856638836 0 -5.11544533674e-05 -7.02934533132e-10
2.68106853776 2.68101256771 0 -5.59707476955e-05 -7.03242609159e-10
2.68351065274 2.68345874706 0 -5.1906383726e-05 -7.0305063343e-10
2.68595446012 2.68590492641 0 -4.95344129948e-05 -7.02722162632e-10
2.68840359922 2.68835110576 0 -5.24941599453e-05 -7.02694085028e-10
2.69084553683 2.69079728511 0 -4.8252420053e-05 -7.04479231373e-10
2.69329343296 2.69324346446 0 -4.99692056073e-05 -7.05998555881e-10
2.69575766919 2.69568964381 0 -6.80260840258e-05 -7.06012607155e-10
2.69821185297 2.69813582316 0 -7.60305191387e-05 -7.08056658796e-10
2.70065461628 2.70058200251 0 -7.26144714945e-05 -7.07892979871e-10
2.70309964573 2.70302818186 0 -7.14645719727e-05 -7.07957751965e-10
2.70554865432 2.70547436121 0 -7.42938141369e-05 -7.08339349524e-10
2.707997214 2.70792054056 0 -7.66741448683e-05 -7.08151275385e-10
2.71044097856 2.71036671991 0 -7.42593507234e-05 -7.07908545639e-10
2.71288364536 2.71281289926 0 -7.07468030844e-05 -7.07943627521e-10
2.7153281816 2.71525907861 0 -6.91036943857e-05 -7.09928410316e-10
2.71777628955 2.71770525796 0 -7.10322950504e-05 -7.11430084765e-10
2.72024143417 2.72015143731 0 -8.99975679971e-05 -7.11454004433e-10
2.72268674064 2.72259761666 0 -8.91246880851e-05 -7.13710805706e-10
2.72513502872 2.72504379601 0 -9.12334176229e-05 -7.13706073828e-10
2.72757964121 2.72748997536 0 -8.96665588813e-05 -7.1374672508e-10
2.73002982006 2.72993615471 0 -9.36660603622e-05 -7.14203013272e-10
2.732474967 2.73238233406 0 -9.26336524347e-05 -7.14211083937e-10
2.73491948548 2.73482851341 0 -9.09727789114e-05 -7.1396586897e-10
2.73736173897 2.73727469276 0 -8.70469250132e-05 -7.13918964202e-10
2.73981691958 2.73972087211 0 -9.6048181332e-05 -7.15679587465e-10
2.74225714548 2.74216705146 0 -9.00947308603e-05 -7.14653303874e-10
2.7447155187 2.74461323081 0 -0.000102288601353 -7.14654307317e-10
2.74715788922 2.74705941016 0 -9.84797740543e-05 -7.16825841225e-10
2.74960875788 2.74950558951 0 -0.000103169079144 -7.1677094361e-10
2.75204673229 2.75195176886 0 -9.49641460201e-05 -7.16762999376e-10
2.75450158284 2.75439794821 0 -0.000103635338316 -7.17144850584e-10
2.75694376181 2.75684412756 0 -9.96349626183e-05 -7.16407613517e-10
2.75939428859 2.75929030691 0 -0.000103982387845 -7.15684972969e-10
2.76183059116 2.76173648626 0 -9.41056074224e-05 -7.15666814127e-10
2.76428772548 2.76418266561 0 -0.000105060580355 -7.17846934835e-10
2.76672454837 2.76662884496 0 -9.57041235094e-05 -7.17386806846e-10
2.76919678298 2.76907502431 0 -0.000121759382148 -7.203011386e-10
2.77164314173 2.77152120367 0 -0.000121938788035 -7.2194466872e-10
2.7740887128 2.77396738302 0 -0.000121330506684 -7.21875744293e-10
2.77653009501 2.77641356237 0 -0.000116533371354 -7.21891544128e-10
2.77898373409 2.77885974172 0 -0.000123993097143 -7.22381636198e-10
2.78142800665 2.78130592107 0 -0.000122086305423 -7.21923824567e-10
2.78387307758 2.78375210042 0 -0.000120977884899 -7.2143800756e-10
2.78632561964 2.78619827977 0 -0.000127340593454 -7.21659844811e-10
2.78877224161 2.78864445912 0 -0.000127783217564 -7.22605504486e-10
2.79120746286 2.79109063847 0 -0.00011682511658 -7.22358248155e-10
2.79367101283 2.79353681782 0 -0.000134195735967 -7.25304215125e-10
2.7961175265 2.79598299717 0 -0.000134530060107 -7.2674739287e-10
2.79856395391 2.79842917652 0 -0.000134778122383 -7.26672196998e-10
2.80100370393 2.80087535587 0 -0.000128348793103 -7.26724274372e-10
2.80345509547 2.80332153522 0 -0.000133560979285 -7.27308638472e-10
2.80589999936 2.80576771457 0 -0.000132285523326 -7.26939562907e-10
2.80834276643 2.80821389392 0 -0.000128873244866 -7.26559410834e-10
2.81079878909 2.81066007327 0 -0.000138716548372 -7.26863781078e-10
2.81323692889 2.81310625262 0 -0.000130677002538 -7.2791653125e-10
2.81567641254 2.81555243197 0 -0.000123981299298 -7.27496136168e-10
2.81813983036 2.81799861132 0 -0.000141219771553 -7.30415279692e-10
2.8205916405 2.82044479067 0 -0.000146850568104 -7.31427498267e-10
2.82303335361 2.82289097002 0 -0.000142384322984 -7.31348224006e-10
2.82548492669 2.82533714937 0 -0.000147778050033 -7.31593100445e-10
2.82792922605 2.82778332872 0 -0.000145898061667 -7.31526208315e-10
2.83037623685 2.83022950807 0 -0.000146729514226 -7.31421224585e-10
2.83282183397 2.83267568742 0 -0.000146147283584 -7.31426582062e-10
2.83527291529 2.83512186677 0 -0.000151049255648 -7.31794500567e-10
2.83771549468 2.83756804612 0 -0.000147449293328 -7.32822266167e-10
2.84017627109 2.84001422547 0 -0.000162046358932 -7.3427598157e-10
2.84262999451 2.84246040482 0 -0.000169590430738 -7.36120714975e-10
2.84507539096 2.84490658417 0 -0.000168807527282 -7.36396726285e-10
2.84751915674 2.84735276352 0 -0.000166393960245 -7.36395228351e-10
2.84997116904 2.84979894287 0 -0.000172226911584 -7.36673564056e-10
2.85241589591 2.85224512222 0 -0.00017077442965 -7.36621922313e-10
2.8548597164 2.85469130157 0 -0.000168415565637 -7.36317204094e-10
2.85730494229 2.85713748092 0 -0.0001674621121 -7.36327223911e-10
2.8597565253 2.85958366027 0 -0.000172865765924 -7.36798305202e-10
2.86219597195 2.86202983962 0 -0.000166133069597 -7.37809702521e-10
2.8646633097 2.86447601897 0 -0.000187291470525 -7.38607000214e-10
2.86711619996 2.86692219832 0 -0.000194002380682 -7.40439045336e-10
2.86955976578 2.86936837767 0 -0.000191388846916 -7.40597255397e-10
2.87200940845 2.87181455702 0 -0.000194852173529 -7.40629253916e-10
2.87445595419 2.87426073637 0 -0.000195218556708 -7.40840308669e-10
2.87690194841 2.87670691572 0 -0.000195033432703 -7.40599204305e-10
2.87934552505 2.87915309507 0 -0.000192430724059 -7.40352822288e-10
2.88179511876 2.88159927442 0 -0.000195845081145 -7.40363046288e-10
2.88423966496 2.88404545377 0 -0.00019421193683 -7.41783746623e-10
2.88668519644 2.88649163312 0 -0.000193564058032 -7.42751947837e-10
2.88915077074 2.88893781247 0 -0.000212959011913 -7.44202774384e-10
2.89160527897 2.89138399182 0 -0.000221287897243 -7.46002602384e-10
2.89404914084 2.89383017117 0 -0.000218970411336 -7.45822844076e-10
2.89649348356 2.89627635052 0 -0.000217133781203 -7.45898230795e-10
2.89894452622 2.89872252987 0 -0.000221997097509 -7.46163340804e-10
2.90139059649 2.90116870922 0 -0.000221888012285 -7.45999318065e-10
2.90383556132 2.90361488857 0 -0.000220673493411 -7.45752227332e-10
2.90627844151 2.90606106792 0 -0.00021737433768 -7.45768778709e-10
2.90872334796 2.90850724727 0 -0.000216101440544 -7.47369300534e-10
2.91117030126 2.91095342662 0 -0.000216875387207 -7.48323471955e-10
2.91363608672 2.91339960597 0 -0.000236481496799 -7.50282992364e-10
2.91608205357 2.91584578532 0 -0.000236269001078 -7.52213846577e-10
2.91852887272 2.91829196467 0 -0.000236908799624 -7.52154242644e-10
2.92097404533 2.92073814402 0 -0.000235902060331 -7.52248823562e-10
2.92342492058 2.92318432337 0 -0.000240597959038 -7.52554073338e-10
2.92586977226 2.92563050272 0 -0.000239270292099 -7.52388572533e-10
2.92831457045 2.92807668207 0 -0.000237889127329 -7.52155046471e-10
2.93075385888 2.93052286142 0 -0.000230998215425 -7.52192169391e-10
2.93321333913 2.93296904077 0 -0.000244299109466 -7.53919126781e-10
2.93565014048 2.93541522012 0 -0.000234921112807 -7.53782521427e-10
