# oscillating_zeroFlux: content injected walls sweptDefect budgetError (from tutorials/scalar/oscillating_zeroFlux/log.solver)
0.0024461793501 0.0024461793501 0 0 -1.76421377507e-15
0.0048923587002 0.0048923587002 0 1.95723826205e-23 -3.80685064846e-15
0.0073385380503 0.0073385380503 0 1.10798284923e-21 -6.56939669554e-15
0.0097847174004 0.00978471740041 0 -4.50514378789e-21 -1.04204884253e-14
0.0122308967505 0.0122308967505 0 2.1300688576e-20 -1.500707149e-14
0.0146770761006 0.0146770761006 0 2.17047550892e-20 -1.86257042568e-14
0.0171232554507 0.0171232554507 0 5.54475071155e-19 -2.13573609612e-14
0.0195694348008 0.0195694348008 0 2.25107769426e-18 -2.56612480259e-14
0.0220156141509 0.0220156141509 0 6.35255179648e-18 -3.44348473402e-14
0.024461793501 0.024461793501 0 1.30346655644e-17 -5.04604795915e-14
0.026907972851 0.0269079728511 0 5.66335298312e-17 -7.6711819176e-14
0.0293541522011 0.0293541522012 0 1.48031950253e-16 -1.15096587453e-13
0.0318003315512 0.0318003315513 0 3.9821182213e-16 -1.66065852933e-13
0.0342465109012 0.0342465109014 0 6.46393063268e-16 -2.30439590619e-13
0.0366926902513 0.0366926902515 0 1.36152148847e-15 -2.45843512732e-13
0.0391388696014 0.0391388696016 0 1.9760218186e-15 -2.64255459487e-13
0.0415850489514 0.0415850489517 0 2.29505112346e-15 -2.84489433925e-13
0.0440312283014 0.0440312283018 0 1.12410734717e-14 -4.34936743443e-13
0.0464774076513 0.0464774076519 0 1.3055739921e-14 -5.98552246557e-13
0.0489235870013 0.048923587002 0 1.20490844395e-14 -7.6262290878e-13
0.0513697663512 0.0513697663521 0 1.27741057649e-14 -9.16087048894e-13
0.0538159457012 0.0538159457022 0 6.96388273357e-15 -1.05256358303e-12
0.0562621250511 0.0562621250523 0 3.64912426479e-14 -1.17061955756e-12
0.0587083044011 0.0587083044024 0 7.260120558e-14 -1.27141397135e-12
0.0611544837511 0.0611544837525 0 1.10680005448e-13 -1.35802015604e-12
0.063600663101 0.0636006631026 0 1.66881750019e-13 -1.43303289519e-12
0.0660468424508 0.0660468424527 0 4.06707766597e-13 -1.49899005517e-12
0.0684930218005 0.0684930218028 0 8.01786016238e-13 -1.55838160066e-12
0.0709392011499 0.0709392011529 0 1.46612168413e-12 -1.61337330821e-12
0.0733853804998 0.073385380503 0 1.55839203539e-12 -1.66597318388e-12
0.0758315598495 0.0758315598531 0 1.94986311479e-12 -1.71621821261e-12
0.0782777391997 0.0782777392032 0 1.82883604663e-12 -1.76609386268e-12
0.0807239185498 0.0807239185534 0 1.72773119507e-12 -1.8171692892e-12
0.0831700978971 0.0831700979035 0 4.52042155392e-12 -1.86950869768e-12
0.0856162772482 0.0856162772536 0 3.44980048102e-12 -1.92378998047e-12
0.0880624565968 0.0880624566037 0 4.84263856066e-12 -1.98026479274e-12
0.0905086359468 0.0905086359538 0 4.8942352999e-12 -2.03871891083e-12
0.0929548152991 0.0929548153039 0 2.68649720505e-12 -2.09813381966e-12
0.0954009946436 0.095400994654 0 8.15950846984e-12 -2.15696143074e-12
0.0978471739874 0.0978471740041 0 1.44416515104e-11 -2.212804082e-12
0.100293353321 0.100293353354 0 3.12903785967e-11 -2.26286492024e-12
0.102739532667 0.102739532704 0 3.52883487853e-11 -2.30451059572e-12
0.105185712018 0.105185712054 0 3.39736138522e-11 -2.33578607894e-12
0.107631891362 0.107631891404 0 4.04381944607e-11 -2.3562679575e-12
0.110078070684 0.110078070755 0 6.83272830441e-11 -2.36688969385e-12
0.112524250019 0.112524250105 0 8.30984711137e-11 -2.37095209182e-12
0.114970429332 0.114970429455 0 1.20299663588e-10 -2.37112660466e-12
0.117416608695 0.117416608805 0 1.07730079234e-10 -2.37086301822e-12
0.119862788055 0.119862788155 0 9.79233112019e-11 -2.37248824147e-12
0.122308967416 0.122308967505 0 8.64755295774e-11 -2.37628521712e-12
0.12475514665 0.124755146855 0 2.03137561063e-10 -2.38333090847e-12
0.127201325969 0.127201326205 0 2.34263187497e-10 -2.39297938805e-12
0.129647505374 0.129647505555 0 1.78780988995e-10 -2.40521593326e-12
0.132093684748 0.132093684905 0 1.5465211719e-10 -2.41926648776e-12
0.134539863914 0.134539864256 0 3.39279768264e-10 -2.43466626217e-12
0.136986043306 0.136986043606 0 2.9688593942e-10 -2.45106021172e-12
0.139432222605 0.139432222956 0 3.48560426089e-10 -2.46872410317e-12
0.141878401672 0.141878402306 0 6.31749745933e-10 -2.48622336561e-12
0.144324581105 0.144324581656 0 5.48718813176e-10 -2.50469810449e-12
0.146770760427 0.146770761006 0 5.77029897641e-10 -2.52361864758e-12
0.149216939263 0.149216940356 0 1.09072363893e-09 -2.54278290184e-12
0.151663118598 0.151663119706 0 1.10533287157e-09 -2.56259823927e-12
0.154109297528 0.154109299056 0 1.52553068685e-09 -2.58095037931e-12
0.156555476849 0.156555478406 0 1.55462999919e-09 -2.60112263779e-12
0.159001656387 0.159001657757 0 1.36729035991e-09 -2.62085233695e-12
0.161447835231 0.161447837107 0 1.8732947141e-09 -2.64127578383e-12
0.163894014988 0.163894016457 0 1.46577499241e-09 -2.66157438081e-12
0.166340193707 0.166340195807 0 2.09764766446e-09 -2.68252308548e-12
0.168786373033 0.168786375157 0 2.12082447739e-09 -2.70409781422e-12
0.171232551727 0.171232554507 0 2.77765104172e-09 -2.72649758859e-12
0.173678731795 0.173678733857 0 2.05906970357e-09 -2.74881790034e-12
0.176124910484 0.176124913207 0 2.72017338806e-09 -2.77270277174e-12
0.178571090002 0.178571092557 0 2.55246738046e-09 -2.79770239913e-12
0.181017268488 0.181017271908 0 3.41632870205e-09 -2.82314848982e-12
0.183463446585 0.183463451258 0 4.66967894454e-09 -2.85022459807e-12
0.185909626495 0.185909630608 0 4.10959429878e-09 -2.87764753573e-12
0.188355804956 0.188355809958 0 4.99900873224e-09 -2.90767660472e-12
0.190801983468 0.190801989308 0 5.83696847488e-09 -2.9385830574e-12
0.193248162786 0.193248168658 0 5.86902369959e-09 -2.97088542416e-12
0.195694340735 0.195694348008 0 7.27044568079e-09 -3.00493877691e-12
0.198140517037 0.198140527358 0 1.03181585263e-08 -3.04092433263e-12
0.20058669772 0.200586706708 0 8.98562335332e-09 -3.0788181573e-12
0.203032876853 0.203032886058 0 9.20264454806e-09 -3.11913106754e-12
0.205479055647 0.205479065409 0 9.75814734946e-09 -3.1605791608e-12
0.207925232879 0.207925244759 0 1.18762086944e-08 -3.20436993437e-12
0.210371414271 0.210371424109 0 9.83455893317e-09 -3.24988441163e-12
0.212817595153 0.212817603459 0 8.30243699672e-09 -3.29838052412e-12
0.215263771171 0.215263782809 0 1.16342608786e-08 -3.3479702587e-12
0.217709950954 0.217709962159 0 1.12016306333e-08 -3.39985350374e-12
0.220156127952 0.220156141509 0 1.35541098042e-08 -3.45365661462e-12
0.222602306998 0.222602320859 0 1.38573632142e-08 -3.51026254243e-12
0.225048485353 0.225048500209 0 1.4853003864e-08 -3.5690245639e-12
0.227494663293 0.227494679559 0 1.6262506141e-08 -3.62938081571e-12
0.229940839497 0.22994085891 0 1.94088920926e-08 -3.69119822256e-12
0.232387017619 0.23238703826 0 2.06368796762e-08 -3.75566363663e-12
0.234833192578 0.23483321761 0 2.50278484861e-08 -3.82169498025e-12
0.237279371825 0.23727939696 0 2.51307712952e-08 -3.88958521143e-12
0.239725552154 0.23972557631 0 2.41522414232e-08 -3.96000480876e-12
0.242171731903 0.24217175566 0 2.37528632781e-08 -4.03142333032e-12
0.244617905559 0.24461793501 0 2.94470820667e-08 -4.10420085149e-12
0.247064082751 0.24706411436 0 3.16053574149e-08 -4.1790178281e-12
0.249510257547 0.24951029371 0 3.61594065218e-08 -4.25457164751e-12
0.251956430113 0.25195647306 0 4.29436074689e-08 -4.33223566325e-12
0.254402602297 0.254402652411 0 5.01086672539e-08 -4.41215452706e-12
0.256848785289 0.256848831761 0 4.64668712948e-08 -4.49185168674e-12
0.259294968755 0.259295011111 0 4.23512479375e-08 -4.57274664235e-12
0.261741145537 0.261741190461 0 4.49190890151e-08 -4.65554260715e-12
0.264187319523 0.264187369811 0 5.02836024158e-08 -4.73868662606e-12
0.266633506959 0.266633549161 0 4.2196750628e-08 -4.82227495876e-12
0.269079677429 0.269079728511 0 5.10770100334e-08 -4.9076068598e-12
0.271525850906 0.271525907861 0 5.6950199176e-08 -4.99244248088e-12
0.273972038421 0.273972087211 0 4.87850566232e-08 -5.07886415024e-12
0.276418204852 0.276418266561 0 6.17038559805e-08 -5.16502370133e-12
0.278864391195 0.278864445912 0 5.47114270643e-08 -5.25140163112e-12
0.281310575022 0.281310625262 0 5.02343991441e-08 -5.33844827663e-12
0.283756752456 0.283756804612 0 5.21508470072e-08 -5.42712574144e-12
0.286202917245 0.286202983962 0 6.67113143868e-08 -5.51617329627e-12
0.288649094307 0.288649163312 0 6.89995819478e-08 -5.60450600732e-12
0.291095258871 0.291095342662 0 8.37851799232e-08 -5.69248396538e-12
0.293541443504 0.293541522012 0 7.85021574045e-08 -5.78191164234e-12
0.295987610556 0.295987701362 0 9.08003377879e-08 -5.87187478117e-12
0.298433783252 0.298433880712 0 9.74544820941e-08 -5.96123275803e-12
0.300879965037 0.300880060062 0 9.50192968249e-08 -6.05093230479e-12
0.303326131727 0.303326239413 0 1.07679076075e-07 -6.14089094536e-12
0.305772296317 0.305772418763 0 1.22439194965e-07 -6.22883513159e-12
0.308218490946 0.308218598113 0 1.07160094044e-07 -6.31925484656e-12
0.310664652756 0.310664777463 0 1.24700709278e-07 -6.40735558033e-12
0.313110815254 0.313110956813 0 1.41552204829e-07 -6.49554356309e-12
0.315556979958 0.315557136163 0 1.56198173693e-07 -6.58898719924e-12
0.318003150882 0.318003315513 0 1.64624536615e-07 -6.67638030164e-12
0.32044934804 0.320449494863 0 1.46816353706e-07 -6.76578992697e-12
0.322895532275 0.322895674213 0 1.41931828801e-07 -6.85322903949e-12
0.32534171388 0.325341853564 0 1.39676169649e-07 -6.94226145777e-12
0.327787897811 0.327788032914 0 1.35095698631e-07 -7.02809715818e-12
0.3302340778 0.330234212264 0 1.34456372263e-07 -7.11696867006e-12
0.332680258218 0.332680391614 0 1.33388362623e-07 -7.20435861112e-12
0.335126432818 0.335126570964 0 1.38138711164e-07 -7.28986343677e-12
0.337572583766 0.337572750314 0 1.66541102855e-07 -7.37970596785e-12
0.340018749701 0.340018929664 0 1.79955752537e-07 -7.46556830222e-12
0.342464932523 0.342465109014 0 1.76483949325e-07 -7.55225513283e-12
0.344911138947 0.344911288364 0 1.49410116569e-07 -7.63665667369e-12
0.347357329268 0.347357467714 0 1.38438273031e-07 -7.72158215812e-12
0.349803522964 0.349803647065 0 1.2409250313e-07 -7.80467743349e-12
0.35224966046 0.352249826415 0 1.65946362181e-07 -7.88977081351e-12
0.354695843278 0.354696005765 0 1.62478966847e-07 -7.97444419543e-12
0.35714202024 0.357142185115 0 1.64866694706e-07 -8.0581448049e-12
0.35958819544 0.359588364465 0 1.69016533074e-07 -8.14223732057e-12
0.362034367284 0.362034543815 0 1.76522528112e-07 -8.22512536959e-12
0.364480551619 0.364480723165 0 1.71537959685e-07 -8.30878328635e-12
0.366926669 0.366926902515 0 2.33506747287e-07 -8.39132732328e-12
0.369372868876 0.369373081865 0 2.1298094939e-07 -8.47259794838e-12
0.371818989201 0.371819261215 0 2.72006152868e-07 -8.55466867439e-12
0.374265195527 0.374265440566 0 2.45029605789e-07 -8.63624145372e-12
0.376711319707 0.376711619916 0 3.00199552779e-07 -8.72257118744e-12
0.379157552994 0.379157799266 0 2.46262542112e-07 -8.80381481352e-12
0.381603693431 0.381603978616 0 2.8517591657e-07 -8.88570361496e-12
0.384049894484 0.384050157966 0 2.6347284087e-07 -8.96972149782e-12
0.386496067462 0.386496337316 0 2.69844864816e-07 -9.05050809373e-12
0.388942229762 0.388942516666 0 2.86894813345e-07 -9.13031278701e-12
0.391388372674 0.391388696016 0 3.23333004881e-07 -9.2101215694e-12
0.393834582594 0.393834875366 0 2.92762925069e-07 -9.2909567662e-12
0.396280753123 0.396281054716 0 3.01584486267e-07 -9.370621726e-12
0.398726905616 0.398727234067 0 3.28441004098e-07 -9.4505141756e-12
0.401173067454 0.401173413417 0 3.45953296965e-07 -9.52864452822e-12
0.403619202149 0.403619592767 0 3.90608249956e-07 -9.60716006463e-12
0.406065369896 0.406065772117 0 4.0221153292e-07 -9.68568964399e-12
0.408511602018 0.408511951467 0 3.4943914414e-07 -9.76428077528e-12
0.410957756837 0.410958130817 0 3.73969943562e-07 -9.84168899382e-12
0.413403939098 0.413404310167 0 3.71059054129e-07 -9.9207513991e-12
0.415850079671 0.415850489517 0 4.09836416865e-07 -1.00138727089e-11
0.418296232294 0.418296668867 0 4.36563274077e-07 -1.00913816275e-11
0.420742400158 0.420742848217 0 4.48049246183e-07 -1.01704969442e-11
0.42318862008 0.423189027568 0 4.07477744997e-07 -1.02482396192e-11
0.425634836673 0.425635206918 0 3.70234191382e-07 -1.03261075299e-11
0.428081031295 0.428081386268 0 3.54962076456e-07 -1.04055632339e-11
0.430527231003 0.430527565618 0 3.34604394261e-07 -1.04841558496e-11
0.432973324503 0.432973744968 0 4.20454731338e-07 -1.05615229484e-11
0.435419564309 0.435419924318 0 3.59998398279e-07 -1.06389692321e-11
0.437865803929 0.437866103668 0 2.99728329721e-07 -1.0716972981e-11
0.440311877443 0.440312283018 0 4.05564554264e-07 -1.07945416506e-11
0.442758129779 0.442758462368 0 3.32578068128e-07 -1.08729266753e-11
0.445204367844 0.445204641718 0 2.73863054004e-07 -1.0950470735e-11
0.447650508661 0.447650821069 0 3.12396275633e-07 -1.1028837455e-11
0.450096744429 0.450097000419 0 2.55978591928e-07 -1.11066220182e-11
0.45254287417 0.452543179769 0 3.05587366543e-07 -1.11842554435e-11
0.454989142345 0.454989359119 0 2.16762948132e-07 -1.12627278892e-11
0.457435311291 0.457435538469 0 2.27166965185e-07 -1.13417040208e-11
0.459881449125 0.459881717819 0 2.68682661866e-07 -1.14204509884e-11
0.462327673432 0.462327897169 0 2.23725338032e-07 -1.14990250615e-11
0.464773828127 0.464774076519 0 2.48380249318e-07 -1.15778998631e-11
0.46722008601 0.467220255869 0 1.69847827603e-07 -1.16554314894e-11
0.469666298478 0.469666435219 0 1.36729441952e-07 -1.17356513711e-11
0.47211244636 0.47211261457 0 1.68197689985e-07 -1.18151172077e-11
0.474558573081 0.47455879392 0 2.20827035944e-07 -1.18947542402e-11
0.477004708336 0.47700497327 0 2.64921924207e-07 -1.19740012086e-11
0.479451015115 0.47945115262 0 1.37492994233e-07 -1.20545035955e-11
0.481897251655 0.48189733197 0 8.03027469558e-08 -1.21353444985e-11
0.48434346504 0.48434351132 0 4.62681155995e-08 -1.22170777857e-11
0.486789636201 0.48678969067 0 5.44564120638e-08 -1.2297423468e-11
0.489235819656 0.48923587002 0 5.03515478255e-08 -1.23787592646e-11
0.491682025964 0.49168204937 0 2.3394391081e-08 -1.24602095096e-11
0.494128245698 0.494128228721 0 -1.69900132968e-08 -1.25424232552e-11
0.496574420298 0.496574408071 0 -1.2239843564e-08 -1.26256591253e-11
0.499020567509 0.499020587421 0 1.98989238099e-08 -1.27088105995e-11
0.501466630252 0.501466766771 0 1.3650585022e-07 -1.27913937983e-11
0.503912900269 0.503912946121 0 4.58393684882e-08 -1.28757354895e-11
0.506359178429 0.506359125471 0 -5.29711637332e-08 -1.29617983066e-11
0.508805433755 0.508805304821 0 -1.28946954388e-07 -1.30457277187e-11
0.51125160087 0.511251484171 0 -1.16711631662e-07 -1.31298002829e-11
0.513697709159 0.513697663521 0 -4.56512955263e-08 -1.32167656921e-11
0.516143957026 0.516143842871 0 -1.14167446153e-07 -1.33032370748e-11
0.518590106975 0.518590022222 0 -8.47669978813e-08 -1.33893055156e-11
0.521036383763 0.521036201572 0 -1.82204656501e-07 -1.3477246209e-11
0.523482615658 0.523482380922 0 -2.34749407191e-07 -1.35664258501e-11
0.525928684471 0.525928560272 0 -1.24212943091e-07 -1.3656125192e-11
0.5283749859 0.528374739622 0 -2.46292161051e-07 -1.37439464675e-11
0.530821109033 0.530820918972 0 -1.90074617295e-07 -1.38342941057e-11
0.53326739285 0.533267098322 0 -2.94541855363e-07 -1.392442999e-11
0.535713501811 0.535713277672 0 -2.24152301326e-07 -1.40165046807e-11
0.538159566949 0.538159457022 0 -1.09940734178e-07 -1.410948585e-11
0.540606013279 0.540605636372 0 -3.76921123734e-07 -1.42020609603e-11
0.543052106314 0.543051815723 0 -2.9060539437e-07 -1.42968519654e-11
0.545498185173 0.545497995073 0 -1.90115180698e-07 -1.43894782156e-11
0.547944610149 0.547944174423 0 -4.35740937431e-07 -1.44860668204e-11
0.550390776838 0.550390353773 0 -4.23079696596e-07 -1.45825438561e-11
0.552836814288 0.552836533123 0 -2.81179313051e-07 -1.47251054807e-11
0.555282945557 0.555282712473 0 -2.33098949436e-07 -1.48202158205e-11
0.557729059531 0.557728891823 0 -1.67722571748e-07 -1.49197599427e-11
0.560175309626 0.560175071173 0 -2.38467567741e-07 -1.50201450986e-11
0.562621623505 0.562621250523 0 -3.72996785521e-07 -1.5119857215e-11
0.565067300161 0.565067429873 0 1.29696926966e-07 -1.54361063898e-11
0.567513515437 0.567513609224 0 9.37709728091e-08 -1.5538303722e-11
0.569959811147 0.569959788574 0 -2.25889726293e-08 -1.5641202988e-11
0.572405862698 0.572405967924 0 1.05209597605e-07 -1.57452780751e-11
0.574852127881 0.574852147274 0 1.93765167394e-08 -1.58498620531e-11
0.577298529632 0.577298326624 0 -2.03024425141e-07 -1.59564391367e-11
0.57974479702 0.579744505974 0 -2.91061577918e-07 -1.60640067095e-11
0.582191121709 0.582190685324 0 -4.36400560973e-07 -1.61726810264e-11
0.584637359392 0.584636864674 0 -4.94733902605e-07 -1.6281069835e-11
0.587083425005 0.587083044024 0 -3.80997197314e-07 -1.63931876399e-11
0.589529834245 0.589529223374 0 -6.10887455737e-07 -1.6504802436e-11
0.591976102774 0.591975402725 0 -7.00066205384e-07 -1.6616974541e-11
0.594422342426 0.594421582075 0 -7.60367696704e-07 -1.67312918281e-11
0.596868083052 0.596867761425 0 -3.21644279572e-07 -1.70997940876e-11
0.599314462129 0.599313940775 0 -5.21371239914e-07 -1.72214018349e-11
0.60176040903 0.601760120125 0 -2.88922005196e-07 -1.73401158468e-11
0.604206329866 0.604206299475 0 -3.0408594551e-08 -1.76988620596e-11
0.606652269519 0.606652478825 0 2.09287943066e-07 -1.78375307162e-11
0.609098886127 0.609098658175 0 -2.27969664628e-07 -1.79562303939e-11
0.611544993932 0.611544837525 0 -1.56425151377e-07 -1.80771957152e-11
0.613991593536 0.613991016875 0 -5.76678856355e-07 -1.81976864562e-11
0.61643770811 0.616437196226 0 -5.11903193439e-07 -1.83232807565e-11
0.618883957187 0.618883375576 0 -5.81629519277e-07 -1.84488608162e-11
0.621329846053 0.621329554926 0 -2.91146122766e-07 -1.88047355729e-11
0.623776104918 0.623775734276 0 -3.70661091325e-07 -1.89330270495e-11
0.626222283422 0.626221913626 0 -3.69814580699e-07 -1.90621591951e-11
0.628668713723 0.628668092976 0 -6.20766300155e-07 -1.9247839693e-11
0.631114874266 0.631114272326 0 -6.01959224631e-07 -1.93774415099e-11
0.633561028076 0.633560451676 0 -5.76419562025e-07 -1.95094482186e-11
0.636006960681 0.636006631026 0 -3.29674687131e-07 -1.96445336921e-11
0.638453114368 0.638452810377 0 -3.04011321491e-07 -1.97803292413e-11
0.640899423603 0.640898989727 0 -4.33896428493e-07 -1.99161085522e-11
0.643345654378 0.643345169077 0 -4.85321375513e-07 -2.0068594621e-11
0.64579191478 0.645791348427 0 -5.66373109732e-07 -2.02089322223e-11
0.648238099601 0.648237527777 0 -5.71844827008e-07 -2.03509048846e-11
0.650684294706 0.650683707127 0 -5.87599430911e-07 -2.04948491123e-11
0.653130460756 0.653129886477 0 -5.7429921788e-07 -2.06410765865e-11
0.655576607594 0.655576065827 0 -5.41787734049e-07 -2.0790297215e-11
0.658022440282 0.658022245177 0 -1.9512601662e-07 -2.11231561516e-11
0.660468416714 0.660468424527 0 7.79259937355e-09 -2.12747297669e-11
0.662914877773 0.662914603878 0 -2.73916618573e-07 -2.14259353432e-11
0.665360462441 0.665360783228 0 3.20764484457e-07 -2.18035205169e-11
0.667806905914 0.667806962578 0 5.66414616457e-08 -2.19589765852e-11
0.670253383291 0.670253141928 0 -2.41385290417e-07 -2.21150816106e-11
0.672699203691 0.672699321278 0 1.17564189411e-07 -2.22720459892e-11
0.675145712771 0.675145500628 0 -2.12165466271e-07 -2.24337973028e-11
0.67759209307 0.677591679978 0 -4.13114406484e-07 -2.25969471821e-11
0.68003756734 0.680037859328 0 2.91964873364e-07 -2.30569150531e-11
0.682484027861 0.682484038678 0 1.07945815119e-08 -2.32426800936e-11
0.684929614427 0.684930218028 0 6.03578006428e-07 -2.36712120801e-11
0.687375557458 0.687376397379 0 8.39896794404e-07 -2.38947067298e-11
0.689822214221 0.689822576729 0 3.6248323178e-07 -2.40634017308e-11
0.692268408148 0.692268756079 0 3.47906735744e-07 -2.42339578075e-11
0.694714871755 0.694714935429 0 6.36498920417e-08 -2.44140083441e-11
0.697160747837 0.697161114779 0 3.66916820269e-07 -2.4903625554e-11
0.699606871765 0.699607294129 0 4.22338702148e-07 -2.50781355039e-11
0.702052630389 0.702053473479 0 8.43064402679e-07 -2.5397294639e-11
0.704499399023 0.704499652829 0 2.5378017981e-07 -2.55790440008e-11
0.706945225896 0.706945832179 0 6.06257136704e-07 -2.57607373793e-11
0.709391463872 0.709392011529 0 5.47631802562e-07 -2.59432572246e-11
0.711837734719 0.71183819088 0 4.56134818615e-07 -2.61587093343e-11
0.714283492069 0.71428437023 0 8.78133917373e-07 -2.63473547121e-11
0.716729869887 0.71673054958 0 6.79665903147e-07 -2.65411808555e-11
0.719176206502 0.71917672893 0 5.22401611646e-07 -2.67322725768e-11
0.721622174322 0.72162290828 0 7.33930620221e-07 -2.6927850298e-11
0.724067860344 0.72406908763 0 1.22725818683e-06 -2.74290853893e-11
0.726513148941 0.72651526698 0 2.11801088374e-06 -2.78574372009e-11
0.728959745508 0.72896144633 0 1.70079375347e-06 -2.80575858821e-11
0.731406198306 0.73140762568 0 1.42734609954e-06 -2.82610604425e-11
0.733852395683 0.73385380503 0 1.40931882698e-06 -2.84694392309e-11
0.736298968522 0.736299984381 0 1.01582990559e-06 -2.86733347232e-11
0.738745008608 0.738746163731 0 1.1550935384e-06 -2.88827562568e-11
0.741190610137 0.741192343081 0 1.7329142576e-06 -2.94169582522e-11
0.743635736447 0.743638522431 0 2.78595404181e-06 -2.99143911902e-11
0.74608232173 0.746084701781 0 2.38002041414e-06 -3.02408596245e-11
0.748528547211 0.748530881131 0 2.33388999317e-06 -3.04549604161e-11
0.750974926424 0.750977060481 0 2.13402615763e-06 -3.06911627405e-11
0.753420830404 0.753423239831 0 2.40939551283e-06 -3.1264933498e-11
0.7558668906 0.755869419181 0 2.52854946991e-06 -3.17257346171e-11
0.758313216916 0.758315598531 0 2.38158351213e-06 -3.19498217488e-11
0.760759663764 0.760761777882 0 2.11408582123e-06 -3.21752120195e-11
0.763205439083 0.763207957232 0 2.51811608351e-06 -3.24063294082e-11
0.765651747197 0.765654136582 0 2.38935194161e-06 -3.26974218659e-11
0.768097427305 0.768100315932 0 2.88859416833e-06 -3.29345185178e-11
0.770543159662 0.770546495282 0 3.33558692048e-06 -3.31750999547e-11
0.772989819251 0.772992674632 0 2.85534780798e-06 -3.34130417418e-11
0.775435573163 0.775438853982 0 3.28078538965e-06 -3.40247125112e-11
0.777882033431 0.777885033332 0 2.99986741536e-06 -3.42709254051e-11
0.780326383019 0.780331212682 0 4.82962875313e-06 -3.47534401617e-11
0.782773486794 0.782777392032 0 3.90520299229e-06 -3.50031356117e-11
0.785219927492 0.785223571383 0 3.64385509764e-06 -3.52559311265e-11
0.78766583951 0.787669750733 0 3.91118683916e-06 -3.55114994553e-11
0.790111429348 0.790115930083 0 4.5006985132e-06 -3.61133460147e-11
0.792556852865 0.792562109433 0 5.25653156858e-06 -3.66746617926e-11
0.795002507491 0.795008288783 0 5.78125523958e-06 -3.71279251799e-11
0.797449401804 0.797454468133 0 5.06629147185e-06 -3.73918025271e-11
0.799895082099 0.799900647483 0 5.56534661386e-06 -3.80386035509e-11
0.802341381954 0.802346826833 0 5.4448406738e-06 -3.8318653017e-11
0.804787523405 0.804793006183 0 5.4827398014e-06 -3.89234057439e-11
0.807233214362 0.807239185534 0 5.97113193756e-06 -3.91970971858e-11
0.809679595408 0.809685364884 0 5.76943621314e-06 -3.94712855709e-11
0.812125160921 0.812131544234 0 6.38327332196e-06 -3.98597445994e-11
0.814571560957 0.814577723584 0 6.16258689807e-06 -4.01467103554e-11
0.817017250818 0.817023902934 0 6.65207542649e-06 -4.04362092524e-11
0.819463949452 0.819470082284 0 6.13279090969e-06 -4.07224021146e-11
0.821909484931 0.821916261634 0 6.77666170759e-06 -4.14257303607e-11
0.824353805527 0.824362440984 0 8.63541501946e-06 -4.195869496e-11
0.826800574899 0.826808620334 0 8.0453931671e-06 -4.22569962742e-11
0.829246503532 0.829254799684 0 8.29610950921e-06 -4.25563330963e-11
0.831693701034 0.831700979035 0 7.27795752186e-06 -4.28627210536e-11
0.834138847737 0.834147158385 0 8.31060418068e-06 -4.35389823305e-11
0.836583216833 0.836593337735 0 1.01208572043e-05 -4.41620132932e-11
0.839030171314 0.839039517085 0 9.34572619295e-06 -4.47621800652e-11
0.841476664185 0.841485696435 0 9.03220529617e-06 -4.50755682762e-11
0.843921184395 0.843931875785 0 1.06913441392e-05 -4.57967244551e-11
0.846368624756 0.846378055135 0 9.43033330061e-06 -4.61450657162e-11
0.848814299553 0.848824234485 0 9.93488554836e-06 -4.68694950743e-11
0.851259896153 0.851270413835 0 1.05176352965e-05 -4.71952610219e-11
0.853705655415 0.853716593185 0 1.09377230615e-05 -4.75231667712e-11
0.856151841172 0.856162772536 0 1.09313155115e-05 -4.81033379447e-11
0.858597823774 0.858608951886 0 1.11280627084e-05 -4.84502810135e-11
0.861043751889 0.861055131236 0 1.13792975568e-05 -4.87911852186e-11
0.863488693507 0.863501310586 0 1.26170295356e-05 -4.95757090334e-11
0.86593595306 0.865947489936 0 1.15368260058e-05 -4.99218857696e-11
0.868380679656 0.868393669286 0 1.29895794004e-05 -5.05149800451e-11
0.870827292209 0.870839848636 0 1.25563762697e-05 -5.08690228629e-11
0.87327334355 0.873286027986 0 1.2684385106e-05 -5.12231904079e-11
0.875717832165 0.875732207336 0 1.4375119575e-05 -5.19771002717e-11
0.878162741113 0.878178386686 0 1.56455212173e-05 -5.26675234898e-11
0.880609757349 0.880624566037 0 1.48086343834e-05 -5.34131365693e-11
0.883056160647 0.883070745387 0 1.45846858022e-05 -5.37895767e-11
0.885501643728 0.885516924737 0 1.52809542494e-05 -5.4591527557e-11
0.887947696326 0.887963104087 0 1.54077053862e-05 -5.50226271914e-11
0.890393514695 0.890409283437 0 1.5768686559e-05 -5.5859531173e-11
0.892839571319 0.892855462787 0 1.58914113645e-05 -5.62440709444e-11
0.895284551157 0.895301642137 0 1.70909239949e-05 -5.66322147292e-11
0.897730384434 0.897747821487 0 1.74369954868e-05 -5.74442120831e-11
0.900176241951 0.900194000837 0 1.77588287967e-05 -5.78705137976e-11
0.902621957502 0.902640180187 0 1.82226275038e-05 -5.82743391167e-11
0.905067828001 0.905086359538 0 1.85314773335e-05 -5.91480847218e-11
0.907512237013 0.907532538888 0 2.03018153245e-05 -5.98026487102e-11
0.909959159714 0.909978718238 0 1.95584639639e-05 -6.02170367064e-11
0.912405686845 0.912424897588 0 1.92106817677e-05 -6.06354981213e-11
0.914852078364 0.914871076938 0 1.89985132374e-05 -6.10700654746e-11
0.9172974259 0.917317256288 0 1.98303260177e-05 -6.19066078341e-11
0.919742034334 0.919763435638 0 2.14012419137e-05 -6.26688722888e-11
0.922188426156 0.922209614988 0 2.11887690226e-05 -6.3108310993e-11
0.924633580736 0.924655794338 0 2.22135383481e-05 -6.40037338856e-11
0.927079968699 0.927101973688 0 2.2004924607e-05 -6.45658893205e-11
0.92952544011 0.929548153039 0 2.2712862828e-05 -6.55058563104e-11
0.931970785609 0.931994332389 0 2.3546713911e-05 -6.59583309737e-11
0.9344157894 0.934440511739 0 2.47222723565e-05 -6.64163068143e-11
0.936861866103 0.936886691089 0 2.48249183731e-05 -6.73923604842e-11
0.93930778078 0.939332870439 0 2.50895906146e-05 -6.79174788411e-11
0.941754040353 0.941779049789 0 2.50093681064e-05 -6.83881916585e-11
0.944199979836 0.944225229139 0 2.52492341145e-05 -6.93603822719e-11
0.946644584833 0.946671408489 0 2.68235861071e-05 -7.0092606527e-11
0.949091318637 0.949117587839 0 2.62691316902e-05 -7.05814545637e-11
0.951537708886 0.951563767189 0 2.60582324403e-05 -7.10743337082e-11
0.953983833427 0.95400994654 0 2.61130406136e-05 -7.16035608457e-11
0.956429007279 0.95645612589 0 2.71185384856e-05 -7.25372083972e-11
0.958873466425 0.95890230524 0 2.88387415495e-05 -7.33889614017e-11
0.961319897891 0.96134848459 0 2.858662497e-05 -7.3923563939e-11
0.963765215294 0.96379466394 0 2.94485715757e-05 -7.4923200524e-11
0.966211567046 0.96624084329 0 2.9276168067e-05 -7.56954926393e-11
0.968657236241 0.96868702264 0 2.97863223792e-05 -7.6750007276e-11
0.971102148288 0.97113320199 0 3.10536248827e-05 -7.72880077808e-11
0.973547933244 0.97357938134 0 3.14480177476e-05 -7.83750096208e-11
0.975993246931 0.976025560691 0 3.23136807838e-05 -7.89456236182e-11
0.97843866557 0.978471740041 0 3.30743915221e-05 -7.95789311184e-11
