# staticCylinder_fixedValue: content injected walls sweptDefect budgetError (from tutorials/scalar/staticCylinder_fixedValue/log.solver)
0.0969300002271 0.0969374532886 7.45306149279e-06 0 -3.29870010227e-14
0.193826504066 0.193874906577 4.84025114408e-05 0 -2.27022814068e-13
0.290665633489 0.290812359866 0.000146726376172 0 -2.9142633402e-13
0.387427356114 0.387749813154 0.000322457040082 0 -2.21656894228e-13
0.484098964861 0.484687266443 0.000588301581243 0 -4.55061552676e-13
0.580674762331 0.581624719732 0.000949957399993 0 -6.5333556707e-13
0.677153043258 0.67856217302 0.00140912976115 0 -8.53495225883e-13
0.773532161378 0.775499626309 0.00196746492965 0 -5.91849052406e-13
0.869806713247 0.872437079597 0.00263036634884 0 -1.0336523304e-12
0.965964404711 0.969374532886 0.00341012817317 0 -1.33783609191e-12
1.06198397109 1.06631198617 0.00432801508647 0 -1.58005900031e-12
1.15783439477 1.16324943946 0.00541504469031 0 -1.77853478472e-12
1.25347550128 1.26018689275 0.00671139146515 0 -2.00846370785e-12
1.34885981388 1.35712434604 0.0082645321631 0 -1.98743625723e-12
1.44393535496 1.45406179933 0.0101264443676 0 -1.91594483334e-12
1.53864895163 1.55099925262 0.0123503009841 0 -1.46966813719e-12
1.63294956208 1.64793670591 0.014987143827 0 -9.86943166081e-13
1.72679118999 1.74487415919 0.0180829692029 0 -5.97886323783e-13
1.82013507151 1.84181161248 0.0216765409697 0 -9.40567068675e-14
1.91295096903 1.93874906577 0.025798096745 0 5.45750944436e-13
2.00521755433 2.03568651906 0.0304689647282 0 1.05682129714e-12
2.09692198507 2.13262397235 0.0357019872783 0 1.43236811301e-12
2.18805885915 2.22956142564 0.0415025664899 0 1.18040299757e-12
2.27862876975 2.32649887893 0.0478701091783 0 1.0946590856e-12
2.36863668359 2.42343633221 0.0547996486208 0 1.05997155497e-12
2.45809033705 2.5203737855 0.0622834484514 0 1.06548103673e-12
2.54699879955 2.61731123879 0.0703124392418 0 1.13400955293e-12
2.63537130175 2.71424869208 0.0788773903353 0 1.27411969864e-12
2.72321637516 2.81118614537 0.087969770214 0 1.44440015504e-12
2.81054130632 2.90812359866 0.0975822923432 0 1.46532785905e-12
2.89735187523 3.00506105195 0.10770917672 0 1.46203882334e-12
2.98365232617 3.10199850523 0.118346179064 0 1.41613110127e-12
3.06944550838 3.19893595852 0.12949045014 0 1.35524924616e-12
3.15473312304 3.29587341181 0.14114028877 0 1.22241106126e-12
3.23951601927 3.3928108651 0.153294845833 0 1.05829234265e-12
3.32379449268 3.48974831839 0.165953825707 0 8.02552468926e-13
3.40756855328 3.58668577168 0.179117218395 0 6.37601083042e-13
3.49083814266 3.68362322497 0.19278508231 0 4.29378754774e-13
3.57360329244 3.78056067825 0.206957385811 0 1.99978922311e-13
3.65586422537 3.87749813154 0.22163390617 0 -3.28626015289e-14
3.73762140669 3.97443558483 0.236814178144 0 -2.74613665141e-13
3.81887555739 4.07137303812 0.252497480733 0 -5.11757303201e-13
3.89962764177 4.16831049141 0.26868284964 0 -7.09710068492e-13
3.97987884089 4.2652479447 0.285369103805 0 -9.21485110439e-13
4.05963052139 4.36218539799 0.302554876592 0 -1.15779608123e-12
4.13888420633 4.45912285127 0.320238644939 0 -1.36413103036e-12
4.21764155192 4.55606030456 0.338418752641 0 -1.58051349786e-12
4.2959043314 4.65299775785 0.357093426451 0 -1.81743509131e-12
4.37367442561 4.74993521114 0.376260785526 0 -2.07139860819e-12
4.45095381843 4.84687266443 0.395918845999 0 -2.34723351866e-12
4.5277445948 4.94381011772 0.416065522915 0 -2.61801691437e-12
4.60404893921 5.04074757101 0.436698631789 0 -2.92799118284e-12
4.67986913275 5.13768502429 0.45781589154 0 -3.24990034883e-12
4.75520754763 5.23462247758 0.479414929955 0 -3.58824081559e-12
4.83006663879 5.33155993087 0.50149329208 0 -3.93207688631e-12
4.90444893285 5.42849738416 0.524048451311 0 -4.26858548508e-12
4.97835701498 5.52543483745 0.547077822465 0 -4.65516514225e-12
5.05179351489 5.62237229074 0.570578775839 0 -4.98923125036e-12
5.12476109286 5.71930974403 0.594548651161 0 -5.35571587079e-12
5.19726242686 5.81624719732 0.61898477045 0 -5.73607827903e-12
5.2693002016 5.9131846506 0.643884449 0 -6.11710682108e-12
5.34087709988 6.01012210389 0.669245004002 0 -6.47093489903e-12
5.41199579655 6.10705955718 0.69506376062 0 -6.86684042961e-12
5.48265895487 6.20399701047 0.721338055597 0 -7.24231785654e-12
5.55286922502 6.30093446376 0.74806523873 0 -7.59448059995e-12
5.6226292444 6.39787191705 0.775242672643 0 -7.97295562904e-12
5.69194163893 6.49480937034 0.802867731398 0 -8.38729086183e-12
5.76080902516 6.59174682362 0.83093779846 0 -8.77053984993e-12
5.82923401243 6.68868427691 0.859450264469 0 -9.19242459929e-12
5.897219205 6.7856217302 0.88840252519 0 -9.57633972121e-12
5.9647672036 6.88255918349 0.917791979884 0 -1.00064401209e-11
6.03188060654 6.97949663678 0.947616030225 0 -1.04090069897e-11
6.09856201024 7.07643409007 0.977872079818 0 -1.08291153822e-11
6.16481400911 7.17337154336 1.00855753424 0 -1.12503339977e-11
6.23063919511 7.27030899664 1.03966980152 0 -1.17001963673e-11
6.29604015695 7.36724644993 1.07120629297 0 -1.21249676965e-11
6.3610194791 7.46418390322 1.1031644241 0 -1.25663923711e-11
6.42557974077 7.56112135651 1.13554161573 0 -1.30195854098e-11
6.48972351487 7.6580588098 1.16833529492 0 -1.34254829476e-11
6.55345336713 7.75499626309 1.20154289595 0 -1.38551392581e-11
6.61677185532 7.85193371638 1.23516186104 0 -1.42861278363e-11
6.67968152859 7.94887116966 1.26918964106 0 -1.46722634042e-11
6.74218492699 8.04580862295 1.30362369594 0 -1.51019197148e-11
6.80428458103 8.14274607624 1.3384614952 0 -1.55127022339e-11
6.86598301136 8.23968352953 1.37370051816 0 -1.59270374667e-11
6.9272827285 8.33662098282 1.40933825431 0 -1.63433711009e-11
6.98818623258 8.43355843611 1.44537220351 0 -1.67426073006e-11
7.04869601308 8.5304958894 1.4817998763 0 -1.71069824972e-11
7.10881454857 8.62743334268 1.5186187941 0 -1.75324199603e-11
7.16854430646 8.72437079597 1.55582648949 0 -1.79174453052e-11
7.22788774274 8.82130824926 1.5934205065 0 -1.82547310601e-11
7.28684730168 8.91824570255 1.63139840086 0 -1.86652915346e-11
7.34542541561 9.01518315584 1.66975774021 0 -1.90398807831e-11
7.40362450468 9.11212060913 1.70849610443 0 -1.94222415928e-11
7.46144697666 9.20905806242 1.74761108574 0 -1.98165928111e-11
7.51889522673 9.3059955157 1.78710028896 0 -2.01776373387e-11
7.57597163736 9.40293296899 1.82696133161 0 -2.05280237253e-11
7.63267857821 9.49987042228 1.86719184405 0 -2.09028350184e-11
7.689018406 9.59680787557 1.90778946955 0 -2.12720951964e-11
7.74499346448 9.69374532886 1.94875186436 0 -2.16480167126e-11
7.80060608437 9.79068278215 1.99007669776 0 -2.19713136573e-11
7.85585858334 9.88762023544 2.03176165207 0 -2.23252527576e-11
7.91075326601 9.98455768872 2.07380442269 0 -2.26862972852e-11
7.96529242389 10.081495142 2.1162027181 0 -2.30162555681e-11
8.0194783354 10.1784325953 2.15895425988 0 -2.33919550396e-11
8.07331326587 10.2753700486 2.20205678269 0 -2.37192487873e-11
8.12679946752 10.3723075019 2.24550803434 0 -2.4057200676e-11
8.17993917944 10.4692449552 2.28930577571 0 -2.44062547949e-11
8.23273462761 10.5661824085 2.33344778082 0 -2.47397657915e-11
8.28518802489 10.6631198617 2.37793183683 0 -2.5075053145e-11
8.33730157102 10.760057315 2.42275574398 0 -2.54130050337e-11
8.38907745263 10.8569947683 2.46791731567 0 -2.57642795987e-11
8.44051784322 10.9539322216 2.51341437836 0 -2.60884647219e-11
8.49162490323 11.0508696749 2.55924477165 0 -2.64521737847e-11
8.54240078 11.1478071282 2.60540634816 0 -2.67919020303e-11
8.59284760785 11.2447445815 2.6518969736 0 -2.70872213548e-11
8.64296750806 11.3416820348 2.69871452668 0 -2.74513745069e-11
8.69276258894 11.4386194881 2.74585689908 0 -2.77982081798e-11
8.74223494585 11.5355569413 2.79332199546 0 -2.81357159793e-11
8.79138666124 11.6324943946 2.84110773336 0 -2.84701151543e-11
8.84021980469 11.7294318479 2.8892120432 0 -2.88316037711e-11
8.88873643296 11.8263693012 2.93763286821 0 -2.91571211619e-11
8.93693859005 11.9233067545 2.98636816442 0 -2.94870794448e-11
8.9848283072 12.0202442078 3.03541590055 0 -2.9811264568e-11
9.03240760301 12.1171816611 3.08477405803 0 -3.01856317719e-11
9.07967848343 12.2141191144 3.1344406309 0 -3.04911651483e-11
9.12664294185 12.3110565677 3.18441362577 0 -3.08668646198e-11
9.17330295912 12.4079940209 3.23469106179 0 -3.12279091474e-11
9.21966050365 12.5049314742 3.28527097054 0 -3.16258130795e-11
9.26571753144 12.6018689275 3.33615139605 0 -3.20774518059e-11
9.31147598612 12.6988063808 3.38733039466 0 -3.24535953666e-11
9.35693779904 12.7957438341 3.43880603502 0 -3.28248539461e-11
9.40210488934 12.8926812874 3.49057639801 0 -3.32631699962e-11
9.44697916395 12.9896187407 3.54263957668 0 -3.36171090964e-11
9.49156251774 13.086556194 3.59499367619 0 -3.40487638084e-11
9.53585683349 13.1834936472 3.64763681372 0 -3.44071438008e-11
9.57986398204 13.2804311005 3.70056711847 0 -3.48108208925e-11
9.62358582227 13.3773685538 3.75378273152 0 -3.52100570922e-11
9.66702420124 13.4743060071 3.80728180584 0 -3.56239482358e-11
9.71018095421 13.5712434604 3.86106250615 0 -3.59769991576e-11
9.75305790472 13.6681809137 3.91512300894 0 -3.63988839069e-11
9.79565686463 13.765118367 3.96946150231 0 -3.67528230072e-11
9.83797963423 13.8620558203 4.024076186 0 -3.71898067897e-11
9.88002800227 13.9589932736 4.07896527124 0 -3.75512954065e-11
9.92180374605 14.0559307268 4.13412698076 0 -3.79261066996e-11
9.96330863145 14.1528681801 4.18955954864 0 -3.83044707064e-11
10.004544413 14.2498056334 4.24526122034 0 -3.87085918874e-11
10.0455128341 14.3467430867 4.30123025256 0 -3.90816268236e-11
10.0862156268 14.44368054 4.3574649132 0 -3.94271282289e-11
10.126654512 14.5406179933 4.41396348129 0 -3.97983868083e-11
10.1668311996 14.6375554466 4.47072424694 0 -4.02069488814e-11
10.2067473886 14.7344928999 4.52774551125 0 -4.05986355645e-11
10.2464047668 14.8314303532 4.58502558627 0 -4.09317024719e-11
10.2858050115 14.9283678064 4.6425627949 0 -4.1306513765e-11
10.3249497888 15.0253052597 4.70035547085 0 -4.16537915271e-11
10.3638407544 15.122242713 4.75840195859 0 -4.19939638618e-11
10.402479553 15.2191801663 4.81670061322 0 -4.24105195407e-11
10.4408678191 15.3161176196 4.87524980049 0 -4.27906599043e-11
10.4790071762 15.4130550729 4.93404789666 0 -4.30828706044e-11
10.5168992376 15.5099925262 4.9930932885 0 -4.34710045738e-11
10.5545456063 15.6069299795 5.05238437315 0 -4.3795189697e-11
10.5919478746 15.7038674328 5.11191955814 0 -4.42170744464e-11
10.6291076247 15.800804886 5.17169726127 0 -4.45261605364e-11
10.6660264287 15.8977423393 5.23171591054 0 -4.48672210496e-11
10.7027058484 15.9946797926 5.29197394413 0 -4.52331505585e-11
10.7391474355 16.0916172459 5.35246981031 0 -4.5543124827e-11
10.7753527318 16.1885546992 5.41320196737 0 -4.59428051158e-11
10.8113232689 16.2854921525 5.47416888358 0 -4.62758720232e-11
10.8470605686 16.3824296058 5.53536903709 0 -4.65982807896e-11
10.8825661431 16.4793670591 5.59680091592 0 -4.69366767675e-11
10.9178414944 16.5763045123 5.65846301785 0 -4.73416861269e-11
10.9528881152 16.6732419656 5.72035385039 0 -4.76410022543e-11
10.9877074882 16.7701794189 5.78247193069 0 -4.79509765228e-11
11.0223010867 16.8671168722 5.84481578551 0 -4.82947015712e-11
11.0566703743 16.9640543255 5.90738395114 0 -4.86188866944e-11
11.0908168054 17.0609917788 5.97017497333 0 -4.89803753112e-11
11.1247418248 17.1579292321 6.03318740727 0 -4.92876850444e-11
11.1584468678 17.2548666854 6.09641981748 0 -4.95656848898e-11
11.1919333608 17.3518041387 6.15987077777 0 -4.99591479297e-11
11.2252027207 17.4487415919 6.22353887121 0 -5.02335950614e-11
11.2582563552 17.5456790452 6.28742269003 0 -5.05551156493e-11
11.2910956629 17.6426164985 6.35152083556 0 -5.08819653078e-11
11.3237220335 17.7395539518 6.41583191821 0 -5.11928277547e-11
11.3561368476 17.8364914051 6.4803545574 0 -5.14974729526e-11
11.3883414769 17.9334288584 6.54508738146 0 -5.18394216442e-11
11.420337284 18.0303663117 6.61002902762 0 -5.21556131616e-11
11.452125623 18.127303765 6.67517814194 0 -5.24496002186e-11
11.4837078389 18.2242412183 6.74053337926 0 -5.2715165566e-11
11.5150852684 18.3211786715 6.80609340312 0 -5.3064219685e-11
11.5462592391 18.4181161248 6.87185688572 0 -5.32978106094e-11
11.5772310702 18.5150535781 6.93782250787 0 -5.36628519399e-11
11.6080020724 18.6119910314 7.00398895893 0 -5.39417399636e-11
11.6385735479 18.7089284847 7.07035493674 0 -5.42756950495e-11
11.6689467903 18.805865938 7.1369191476 0 -5.45741229985e-11
11.6991230851 18.9028033913 7.20368030616 0 -5.48476819517e-11
11.7291037091 18.9997408446 7.27063713543 0 -5.51674261828e-11
11.7588899311 19.0966782979 7.3377883667 0 -5.5364601792e-11
11.7884830116 19.1936157511 7.40513273944 0 -5.56861223799e-11
11.817884203 19.2905532044 7.47266900134 0 -5.60014257189e-11
11.8470947495 19.3874906577 7.54039590818 0 -5.62838664564e-11
11.8761158871 19.484428111 7.6083122238 0 -5.65547608744e-11
11.9049488442 19.5813655643 7.67641672008 0 -5.68656233213e-11
