# oscillating_fixedValue: content injected walls sweptDefect budgetError (from tutorials/scalar/oscillating_fixedValue/log.solver)
0.0024461793501 0.0024461793501 5.06970397744e-20 0 -1.76416307803e-15
0.0048923587002 0.0048923587002 7.92801168185e-19 -5.24317935735e-24 -3.80779259558e-15
0.0073385380503 0.0073385380503 6.59649644815e-18 -7.33315214317e-23 -6.56887291257e-15
0.0097847174004 0.00978471740041 3.80498578939e-17 -3.14047170643e-21 -1.04206011192e-14
0.0122308967505 0.0122308967505 1.72522141478e-16 -2.90395262419e-21 -1.50063111773e-14
0.0146770761006 0.0146770761006 6.54379564458e-16 -4.25659088748e-20 -1.862364499e-14
0.0171232554507 0.0171232554507 2.1619858169e-15 5.83302166217e-20 -2.13573367402e-14
0.0195694348008 0.0195694348008 6.37871090736e-15 6.33100287151e-19 -2.56609985936e-14
0.0220156141509 0.0220156141509 1.71036983973e-14 1.66960007137e-18 -3.44332664739e-14
0.0244617935009 0.024461793501 4.23261807092e-14 2.94650858511e-18 -5.04647009592e-14
0.0269079728509 0.0269079728511 9.78813875615e-14 1.10494512906e-17 -7.67144197382e-14
0.0293541522009 0.0293541522012 2.13399247738e-13 2.95034246998e-17 -1.15096650165e-13
0.0318003315507 0.0318003315513 4.41867676169e-13 7.57461665002e-17 -1.66063278207e-13
0.0342465109003 0.0342465109014 8.56127361253e-13 1.23330887364e-16 -2.30442543257e-13
0.0366926902497 0.0366926902515 1.60840261434e-12 2.41871228724e-16 -2.45844299194e-13
0.0391388695984 0.0391388696016 2.92499887356e-12 1.03014477791e-16 -2.64256611481e-13
0.0415850489463 0.0415850489517 5.15701724534e-12 -4.30055273669e-16 -2.8449095353e-13
0.0440312282925 0.0440312283018 8.88476712508e-12 -4.48231782371e-16 -4.34941747665e-13
0.0464774076365 0.0464774076519 1.48560290608e-11 -1.53497322924e-15 -5.98547536496e-13
0.0489235869771 0.048923587002 2.42082381747e-11 -3.65475392153e-15 -7.62618496217e-13
0.0513697663127 0.0513697663521 3.8553443732e-11 -8.03986024893e-15 -9.16092698677e-13
0.0538159456411 0.0538159457022 6.00969687936e-11 -1.44971016638e-14 -1.05256284284e-12
0.0562621249593 0.0562621250523 9.19047670472e-11 -1.72379257882e-14 -1.17061540218e-12
0.0587083042632 0.0587083044024 1.37973155793e-10 -1.56673913479e-14 -1.2714247187e-12
0.0611544835482 0.0611544837525 2.02980363717e-10 -1.88162117356e-14 -1.35802070411e-12
0.0636006628076 0.0636006631026 2.93604001846e-10 -2.62075562928e-14 -1.43304091525e-12
0.0660468420329 0.0660468424527 4.18381645375e-10 -1.99451102515e-15 -1.49898099894e-12
0.0684930212133 0.0684930218028 5.8796946629e-10 6.02563644768e-14 -1.55839178729e-12
0.0709392003354 0.0709392011529 8.15758392547e-10 1.38184905398e-13 -1.61338505075e-12
0.0733853793986 0.073385380503 1.10274015671e-09 6.0517776877e-14 -1.66598252885e-12
0.0758315583713 0.0758315598531 1.47999414306e-09 9.03263104555e-14 -1.7162266672e-12
0.0782777372316 0.0782777392032 1.97011719982e-09 -1.8924079971e-13 -1.76611288469e-12
0.080723915951 0.0807239185534 2.60111593057e-09 -5.6135023338e-13 -1.8171960645e-12
0.0831700944844 0.0831700979035 3.41818713516e-09 -9.9741976098e-13 -1.86954254149e-12
0.0856162728037 0.0856162772536 4.44988552699e-09 -1.94420826815e-12 -1.9238243061e-12
0.0880624508576 0.0880624566037 5.74597951694e-09 -1.9191987567e-12 -1.98029735668e-12
0.0905086285898 0.0905086359538 7.36482336284e-09 -2.91615302156e-12 -2.03875707994e-12
0.0929548059361 0.0929548153039 9.36991502997e-09 -4.20743021393e-12 -2.09818133736e-12
0.0954009828136 0.095400994654 1.1841513906e-08 -3.27886912349e-12 -2.1570049781e-12
0.0978471591435 0.0978471740041 1.48612712214e-08 -2.87496351591e-12 -2.21286033298e-12
0.100293334818 0.100293353354 1.85339879098e-08 -5.71908207203e-13 -2.26292073329e-12
0.102739509836 0.102739532704 2.2867298578e-08 -1.72298146634e-12 -2.30456237689e-12
0.105185684034 0.105185712054 2.8023149871e-08 -4.73457482807e-12 -2.33582603393e-12
0.107631857262 0.107631891404 3.41488348694e-08 -8.32706797359e-12 -2.35627620866e-12
0.110078029368 0.110078070755 4.13934460197e-08 -9.46182728537e-12 -2.36693148822e-12
0.11252420063 0.112524250105 4.94790830228e-08 -6.66374980408e-12 -2.37096389161e-12
0.11497037049 0.114970429455 5.89652478444e-08 -2.66916779171e-12 -2.3711489818e-12
0.117416538795 0.117416608805 7.0019084456e-08 -1.12521657812e-11 -2.37094172934e-12
0.119862705319 0.119862788155 8.28572683536e-08 -2.38323437761e-11 -2.3725082809e-12
0.12230886981 0.122308967505 9.7731031975e-08 -3.82838780582e-11 -2.37630998462e-12
0.12475503174 0.124755146855 1.15148857382e-07 -3.61581845999e-11 -2.38349101476e-12
0.127201191093 0.127201326205 1.35154831863e-07 -4.49030923609e-11 -2.39308757358e-12
0.129647347535 0.129647505555 1.58097005535e-07 -7.92713781454e-11 -2.40534486304e-12
0.132093500627 0.132093684905 1.84379718522e-07 -1.03737030894e-10 -2.41940842496e-12
0.134539649976 0.134539864256 2.14348584263e-07 -7.10726839781e-11 -2.43476278154e-12
0.136985795308 0.136986043606 2.48405529282e-07 -1.10191260044e-10 -2.45122382899e-12
0.13943193614 0.139432222956 2.86928337634e-07 -1.14701011757e-10 -2.4688264868e-12
0.14187807191 0.141878402306 3.30461451731e-07 -6.80538014723e-11 -2.4862225321e-12
0.144324203752 0.144324581656 3.78019158897e-07 -1.17598099706e-10 -2.50474313664e-12
0.14677033037 0.146770761006 4.30796797051e-07 -1.63375190771e-10 -2.52362657934e-12
0.149216450753 0.149216940356 4.89657760956e-07 -5.67513298469e-11 -2.54290774558e-12
0.151662564811 0.151663119706 5.55015641698e-07 -1.22913789549e-10 -2.56264143901e-12
0.15410867166 0.154109299056 6.27507839967e-07 -1.14325634318e-10 -2.58093781146e-12
0.156554775581 0.156555478406 7.02990339245e-07 -1.67521400413e-10 -2.6009353003e-12
0.159000871506 0.159001657757 7.8656317165e-07 -3.14774383299e-10 -2.62085874741e-12
0.161446958447 0.161447837107 8.78872796863e-07 -2.15826204684e-10 -2.6411608584e-12
0.163893036267 0.163894016457 9.80555741904e-07 -3.69047414952e-10 -2.66135936385e-12
0.166339103528 0.166340195807 1.09264586058e-06 -3.69811516439e-10 -2.68220668543e-12
0.168785158353 0.168786375157 1.21744777686e-06 -6.4618898697e-10 -2.70397709706e-12
0.171231200736 0.171232554507 1.35431016078e-06 -5.41353092321e-10 -2.7263248257e-12
0.173677230423 0.173678733857 1.50415218041e-06 -7.2098938241e-10 -2.74851046204e-12
0.176123245606 0.176124913207 1.6683814157e-06 -7.83206523737e-10 -2.77245526499e-12
0.178569245968 0.178571092557 1.84748372683e-06 -8.96951724722e-10 -2.79739338978e-12
0.181015230274 0.181017271908 2.04261511827e-06 -9.83939131451e-10 -2.8227442901e-12
0.183461197576 0.183463451258 2.25442547847e-06 -7.46943490259e-10 -2.84980534938e-12
0.185907147574 0.185909630608 2.48414220444e-06 -1.11178184459e-09 -2.87720835798e-12
0.188353085563 0.188355809958 2.72531009423e-06 -9.18609274804e-10 -2.90696093901e-12
0.190799007527 0.190801989308 2.98276287133e-06 -9.85279142551e-10 -2.93741465802e-12
0.193244910613 0.193248168658 3.2594245391e-06 -1.38225458e-09 -2.96995043053e-12
0.19569079279 0.195694348008 3.55633882514e-06 -1.12408184217e-09 -3.00392546781e-12
0.198136653434 0.198140527358 3.87486078308e-06 -9.39456460852e-10 -3.03950272773e-12
0.200582510688 0.200586706708 4.19757787358e-06 -1.56098445374e-09 -3.07713299116e-12
0.203028343996 0.203032886058 4.54370815866e-06 -1.64872500314e-09 -3.11699465389e-12
0.205474153811 0.205479065409 4.91351861746e-06 -1.92416787105e-09 -3.1583141928e-12
0.207919937619 0.207925244759 5.30887803126e-06 -1.7412442155e-09 -3.20201314227e-12
0.210365695393 0.210371424109 5.73115838637e-06 -2.44558775051e-09 -3.24703482364e-12
0.212811424437 0.212817603459 6.18256278821e-06 -3.54413985589e-09 -3.29536289284e-12
0.215257114929 0.215263782809 6.67134047223e-06 -3.46412507898e-09 -3.3448495495e-12
0.217702773988 0.217709962159 7.19245944981e-06 -4.29190564543e-09 -3.39622352631e-12
0.220148396851 0.220156141509 7.74853974294e-06 -3.8855159476e-09 -3.44970597396e-12
0.222593983451 0.222602320859 8.34181108281e-06 -4.40667524541e-09 -3.50599614708e-12
0.225039531487 0.225048500209 8.97328224487e-06 -4.56344271884e-09 -3.5643424054e-12
0.22748504276 0.227494679559 9.64147291451e-06 -4.67710122366e-09 -3.62429648486e-12
0.229930510548 0.22994085891 1.0353354232e-05 -4.9960459611e-09 -3.68612674283e-12
0.232375937573 0.23238703826 1.11057435722e-05 -5.06057110029e-09 -3.74996591174e-12
0.234821320381 0.23483321761 1.19019688646e-05 -4.74405084157e-09 -3.81566843422e-12
0.237266685111 0.23727939696 1.2716958714e-05 -5.11377237543e-09 -3.88264245789e-12
0.239712016231 0.23972557631 1.35656213927e-05 -5.5460687077e-09 -3.95216492189e-12
0.242157304178 0.24217175566 1.44581213326e-05 -6.64301267079e-09 -4.02314872598e-12
0.244602545824 0.24461793501 1.53952642947e-05 -6.0824727264e-09 -4.09527639452e-12
0.24704774378 0.24706411436 1.63782830236e-05 -7.70651794446e-09 -4.16887613418e-12
0.249492891592 0.24951029371 1.74091534183e-05 -7.03934047997e-09 -4.24412335838e-12
0.251937990893 0.25195647306 1.8489723565e-05 -7.56055126864e-09 -4.32088746508e-12
0.254383101992 0.254402652411 1.95569746983e-05 -6.56052400057e-09 -4.39931527662e-12
0.25682816151 0.256848831761 2.06773582227e-05 -7.11183702476e-09 -4.47785596504e-12
0.259273167858 0.259295011111 2.18538995969e-05 -1.06511846816e-08 -4.55831055976e-12
0.261718111857 0.261741190461 2.30879468839e-05 -9.34799988633e-09 -4.63991359991e-12
0.264162996269 0.264187369811 2.43828600374e-05 -9.32246541107e-09 -4.72101165664e-12
0.266607821429 0.266633549161 2.57412842957e-05 -1.3556773641e-08 -4.80425796813e-12
0.269052556137 0.269079728511 2.71849097648e-05 -1.25403794029e-08 -4.88843438968e-12
0.271497224476 0.271525907861 2.86969425162e-05 -1.35618069198e-08 -4.97185511177e-12
0.273941823374 0.273972087211 3.0280411898e-05 -1.65795612179e-08 -5.05688379938e-12
0.276386341402 0.276418266561 3.19392418557e-05 -1.40874174005e-08 -5.1424292861e-12
0.278830788215 0.278864445912 3.36744356007e-05 -1.67445979245e-08 -5.22813224813e-12
0.281275157149 0.281310625262 3.54865942069e-05 -1.84868300653e-08 -5.31352252885e-12
0.283719456466 0.283756804612 3.73673621157e-05 -1.92214040716e-08 -5.40086780157e-12
0.286163663322 0.286202983962 3.93389983544e-05 -1.83636594203e-08 -5.48791274595e-12
0.288607793919 0.288649163312 4.13884745152e-05 -1.90868884593e-08 -5.57503177981e-12
0.29105184071 0.291095342662 4.35198918861e-05 -1.79449991978e-08 -5.66259425171e-12
0.293495808352 0.293541522012 4.57334908819e-05 -1.98368028655e-08 -5.75046231044e-12
0.295939761713 0.295987701362 4.79578329275e-05 -1.81898134811e-08 -5.83673423194e-12
0.29838362812 0.298433880712 5.02703522322e-05 -1.77656549003e-08 -5.92452044648e-12
0.300827455137 0.300880060062 5.26245452106e-05 -1.96255144564e-08 -6.01274828091e-12
0.303271191667 0.303326239413 5.50667199397e-05 -1.89809440766e-08 -6.10034587886e-12
0.305714843249 0.305772418763 5.75945731771e-05 -1.90659358403e-08 -6.18749526839e-12
0.308158416496 0.308218598113 6.02066391366e-05 -2.50286246947e-08 -6.27526561257e-12
0.310601893315 0.310664777463 6.29085419294e-05 -2.44004116378e-08 -6.36213895701e-12
0.313045279373 0.313110956813 6.56989155172e-05 -2.148235038e-08 -6.44929358552e-12
0.315488721051 0.315557136163 6.84356925832e-05 -2.05871080506e-08 -6.53604795695e-12
0.317932056856 0.318003315513 7.12776505958e-05 -1.89997504768e-08 -6.62162091167e-12
0.320375300473 0.320449494863 7.42177507534e-05 -2.33671772556e-08 -6.70825540087e-12
0.322818457598 0.322895674213 7.72413758549e-05 -2.47677123171e-08 -6.79421951465e-12
0.325261513614 0.325341853564 8.03676795874e-05 -2.77369544655e-08 -6.88061940375e-12
0.3277044643 0.327788032914 8.35980747117e-05 -2.94680120656e-08 -6.96419127876e-12
0.330147305842 0.330234212264 8.69371941695e-05 -3.07797792909e-08 -7.05087874933e-12
0.332590035318 0.332680391614 9.03897439149e-05 -3.34551141691e-08 -7.13617856254e-12
0.335032644104 0.335126570964 9.39606727529e-05 -3.38199895538e-08 -7.2204590137e-12
0.337475085766 0.337572750314 9.77004916391e-05 -3.59507604395e-08 -7.3043070992e-12
0.339917407041 0.340018929664 0.000101558746933 -3.61308280481e-08 -7.38897095418e-12
0.342359605882 0.342465109014 0.000105542212312 -3.90873664946e-08 -7.47281126139e-12
0.34480168019 0.344911288364 0.000109651781873 -4.36155601713e-08 -7.55528859549e-12
0.347243625351 0.347357467714 0.000113891219793 -4.88644338484e-08 -7.6370728117e-12
0.349685431855 0.349803647065 0.000118266122292 -5.09202404855e-08 -7.72005534674e-12
0.352127099485 0.352249826415 0.000122773222042 -4.63003529631e-08 -7.80157566285e-12
0.354568640061 0.354696005765 0.000127411834012 -4.6138184914e-08 -7.88418069008e-12
0.357010042101 0.357142185115 0.000132189937522 -4.69320423838e-08 -7.96564376127e-12
0.359451349727 0.359588364465 0.000137060297125 -4.55669930175e-08 -8.04534733426e-12
0.361892509784 0.362034543815 0.000142082475342 -4.8452893297e-08 -8.12740215497e-12
0.364333515375 0.364480723165 0.000147260554047 -5.27721373312e-08 -8.2062129166e-12
0.366774373607 0.366926902515 0.000152573785429 -4.48854064902e-08 -8.28616438658e-12
0.369215111183 0.369373081865 0.000158020709664 -5.00358197106e-08 -8.3657516041e-12
0.371655689606 0.371819261215 0.00016361304178 -4.14408308131e-08 -8.44532277991e-12
0.374096152684 0.374265440566 0.000169335138366 -4.72652895646e-08 -8.52419555432e-12
0.376536637965 0.376711619916 0.000175021617114 -3.96750330209e-08 -8.60247571129e-12
0.378976976004 0.379157799266 0.000180870374996 -4.71222129535e-08 -8.68074740644e-12
0.381417152213 0.381603978616 0.000186869392515 -4.2998789528e-08 -8.75893873023e-12
0.383857309439 0.384050157966 0.000192899259175 -5.07409034356e-08 -8.83601485434e-12
0.38629729433 0.386496337316 0.000199091037894 -4.80612533411e-08 -8.91422097216e-12
0.388737129859 0.388942516666 0.000205433566535 -4.67684881002e-08 -8.99072849234e-12
0.391176818408 0.391388696016 0.000211923549047 -4.59500363702e-08 -9.06633177925e-12
0.393616368749 0.393834875366 0.00021855626384 -4.96553414097e-08 -9.14399925099e-12
0.396055771863 0.396281054716 0.000225337162849 -5.43184076521e-08 -9.22041454866e-12
0.398495009018 0.398727234067 0.000232269640348 -4.46014669953e-08 -9.29674561257e-12
0.400934106492 0.401173413417 0.000239355292557 -4.83774517365e-08 -9.37131940654e-12
0.403373039648 0.403619592767 0.000246598049701 -4.49402260607e-08 -9.44816558993e-12
0.405811823936 0.406065772117 0.000253994680853 -4.6509091909e-08 -9.52396151687e-12
0.408250467688 0.408511951467 0.000261540878842 -5.71096731217e-08 -9.59766324065e-12
0.410688939687 0.410958130817 0.000269245050038 -5.39294523851e-08 -9.67307204125e-12
0.413127262055 0.413404310167 0.000277108946156 -6.08441504979e-08 -9.74855912318e-12
0.415565784255 0.415850489517 0.000284756902219 -5.1650114598e-08 -9.82471144848e-12
0.418004097765 0.418296668867 0.000292623422158 -5.23294768207e-08 -9.89903024229e-12
0.420442213453 0.420742848217 0.000300684572596 -4.98181063913e-08 -9.97319056046e-12
0.422880153494 0.423189027568 0.00030892666106 -5.2597614163e-08 -1.00482430956e-11
0.425317919208 0.425635206918 0.000317348988272 -6.12887936103e-08 -1.01212562651e-11
0.427755556004 0.428081386268 0.000325888805395 -5.85513678822e-08 -1.01951527803e-11
0.430193019431 0.430527565618 0.000334616575415 -7.03990204083e-08 -1.02703018543e-11
0.432630267406 0.432973744968 0.000343530932784 -5.33808808523e-08 -1.034334798e-11
0.435067362383 0.435419924318 0.000352619211613 -5.72873576315e-08 -1.04182716015e-11
0.437504298324 0.437866103668 0.000361889527674 -8.4194028272e-08 -1.04915190643e-11
0.439940990033 0.440312283018 0.000371347978769 -5.50036602377e-08 -1.05658856064e-11
0.442377538342 0.442758462368 0.000380982670425 -5.865462163e-08 -1.06406649045e-11
0.444813921813 0.445204641718 0.000390804270084 -8.43750102088e-08 -1.07149948413e-11
0.447250078873 0.447650821069 0.000400815875267 -7.36909203165e-08 -1.07873585989e-11
0.449686063486 0.450097000419 0.000411012504395 -7.55828161452e-08 -1.0863176227e-11
0.452121842124 0.452543179769 0.000421405606364 -6.79723774642e-08 -1.09376521527e-11
0.45455746093 0.454989359119 0.000431989048247 -9.08707906445e-08 -1.10126121205e-11
0.456992859011 0.457435538469 0.000442768262271 -8.8814928877e-08 -1.10862524848e-11
0.459428045712 0.459881717819 0.000453749688068 -7.75921688604e-08 -1.11611495558e-11
0.461863056577 0.462327897169 0.000464922819424 -8.22382963603e-08 -1.12365326896e-11
0.464297853534 0.464774076519 0.000476299943092 -7.69692392733e-08 -1.13110149109e-11
0.466732482103 0.467220255869 0.000487875705254 -1.01949964505e-07 -1.13860517999e-11
0.469166892068 0.469666435219 0.000499655561595 -1.12421921544e-07 -1.14615040095e-11
0.471601078674 0.47211261457 0.000511640937626 -1.05053201007e-07 -1.15374151812e-11
0.47403504968 0.47455879392 0.000523834732127 -9.05040653315e-08 -1.16120541338e-11
0.476468819436 0.47700497327 0.000536237490104 -8.36679129874e-08 -1.16891522983e-11
0.478902408379 0.47945115262 0.000548840104985 -9.58756425148e-08 -1.17653657157e-11
0.481335781813 0.48189733197 0.00056165150584 -1.01361143982e-07 -1.18432829169e-11
0.483768942907 0.48434351132 0.000574674390384 -1.0598943554e-07 -1.19183318428e-11
0.486201882274 0.48678969067 0.000587911560945 -1.03176448784e-07 -1.19967179495e-11
0.488634610986 0.48923587002 0.000601363308792 -1.04286699923e-07 -1.20740145552e-11
0.491067127627 0.49168204937 0.000615028804308 -1.07073081202e-07 -1.21532685804e-11
0.493499432958 0.494128228721 0.000628909743151 -1.13993126035e-07 -1.22300637049e-11
0.495931511312 0.496574408071 0.000643009808213 -1.13062149908e-07 -1.23089959564e-11
0.498363366756 0.499020587421 0.000657331747367 -1.11095280487e-07 -1.23877660245e-11
0.50079498658 0.501466766771 0.000671881338657 -1.01160423597e-07 -1.24668406608e-11
0.503226413629 0.503912946121 0.000686646359451 -1.13879748529e-07 -1.25470200749e-11
0.50565763039 0.506359125471 0.000701631013425 -1.35944684395e-07 -1.2627198912e-11
0.508088614743 0.508805304821 0.000716839800448 -1.49734997752e-07 -1.2708055864e-11
0.510519348668 0.511251484171 0.000732276258239 -1.40768081577e-07 -1.27885317089e-11
0.512949829044 0.513697663521 0.000747947061255 -1.12596851739e-07 -1.28718295547e-11
0.515380122131 0.516143842871 0.000763845623949 -1.24896391576e-07 -1.29531336214e-11
0.517810158698 0.518590022222 0.000779986877383 -1.23366482031e-07 -1.30362232254e-11
0.520239993279 0.521036201572 0.000796353615268 -1.45336132822e-07 -1.31190397283e-11
0.522669574491 0.523482380922 0.000812960550536 -1.54133084475e-07 -1.32035185664e-11
0.525098869181 0.525928560272 0.000829815287361 -1.24210150569e-07 -1.32884173681e-11
0.527527970871 0.528374739622 0.000846910963028 -1.42225156797e-07 -1.33740357186e-11
0.529956800118 0.530820918972 0.000864264555192 -1.45714198833e-07 -1.34589746245e-11
0.532385402369 0.533267098322 0.000881866094489 -1.70155191976e-07 -1.35466954241e-11
0.534813682286 0.535713277672 0.000899727452357 -1.32080229016e-07 -1.36328112121e-11
0.537241723643 0.538159457022 0.000917864091468 -1.30725562741e-07 -1.37204267836e-11
0.539669579886 0.540605636372 0.000936250292524 -1.93819881554e-07 -1.38094550056e-11
0.542097056474 0.543051815723 0.000954909646261 -1.50411944293e-07 -1.38987589321e-11
0.544524286009 0.545497995073 0.000973857682353 -1.4863267672e-07 -1.39881073046e-11
0.546951296082 0.547944174423 0.000993071064284 -1.92737198194e-07 -1.40790987546e-11
0.549377957182 0.550390353773 0.00101257207995 -1.75503482045e-07 -1.41697401468e-11
0.551804183976 0.552836533123 0.00103254296613 -1.93833191616e-07 -1.4263619504e-11
0.554230145503 0.555282712473 0.00105275248206 -1.85526608434e-07 -1.43578823479e-11
0.556655844447 0.557728891823 0.00107323470998 -1.87347843247e-07 -1.44498708565e-11
0.559081280508 0.560175071173 0.00109399270257 -2.02052141706e-07 -1.45450362828e-11
0.561506420534 0.562621250523 0.00111504134843 -2.11373505644e-07 -1.46414923184e-11
0.563930290625 0.565067429873 0.00113738324561 -2.4401234182e-07 -1.47480608248e-11
0.566354085379 0.567513609224 0.00115975887927 -2.35050043987e-07 -1.48463809907e-11
0.568777761203 0.569959788574 0.00118228069431 -2.53338667731e-07 -1.49457398595e-11
0.571201183641 0.572405967924 0.00120501739953 -2.33132191097e-07 -1.50447319086e-11
0.573624407671 0.574852147274 0.00122798000924 -2.40421636043e-07 -1.51468211004e-11
0.576047409665 0.577298326624 0.00125117920004 -2.6225647548e-07 -1.52488508806e-11
0.578470119329 0.579744505974 0.00127464903298 -2.62403151478e-07 -1.53517268204e-11
0.580892592066 0.582190685324 0.00129839755274 -3.04309720423e-07 -1.54559477198e-11
0.583314721496 0.584636864674 0.00132244489489 -3.0173220759e-07 -1.55614934829e-11
0.5857365297 0.587083044024 0.00134681104414 -2.96735922214e-07 -1.56648815718e-11
0.588158054995 0.589529223374 0.00137148264386 -3.14280595309e-07 -1.57744044282e-11
0.590579263532 0.591975402725 0.00139647144326 -3.32266981841e-07 -1.58813026198e-11
0.593000154521 0.594421582075 0.00142178511149 -3.57574220845e-07 -1.59901386945e-11
0.595420205693 0.596867761425 0.0014478999096 -3.44193779831e-07 -1.61028153631e-11
0.597840152528 0.599313940775 0.00147417811927 -3.89888351487e-07 -1.62145333195e-11
0.600259815099 0.601760120125 0.0015006786489 -3.73639381149e-07 -1.63298118071e-11
0.602678596761 0.604206299475 0.0015281372931 -4.34595421513e-07 -1.6448080619e-11
0.60509717412 0.606652478825 0.00155573663256 -4.31944198561e-07 -1.65646033471e-11
0.60751577118 0.609098658175 0.00158337992827 -4.92949511149e-07 -1.66816132065e-11
0.609934130043 0.611544837525 0.00161118985031 -4.82384949806e-07 -1.67997346375e-11
0.612352367641 0.613991016875 0.00163918176183 -5.32544507202e-07 -1.69169734355e-11
0.614770532632 0.616437196226 0.00166719281181 -5.29235149198e-07 -1.70333353036e-11
0.617188505066 0.618883375576 0.00169540660333 -5.36110356723e-07 -1.7156415998e-11
0.619605947992 0.621329554926 0.00172418138886 -5.74471867377e-07 -1.7280988128e-11
0.622023342034 0.623775734276 0.00175298702554 -5.94800904074e-07 -1.74053314314e-11
0.624440535939 0.626221913626 0.00178199008543 -6.12415904195e-07 -1.75279107982e-11
0.626857438267 0.628668092976 0.00181133657005 -6.81878339933e-07 -1.76553460255e-11
0.629274144154 0.631114272326 0.00184082839881 -7.00244525673e-07 -1.77833294216e-11
0.631690631585 0.633560451676 0.0018705135533 -6.93480005436e-07 -1.79100177166e-11
0.634106912978 0.636006631026 0.00190040674823 -6.88717553762e-07 -1.80405189651e-11
0.636523016876 0.638452810377 0.00193049191524 -6.98432449352e-07 -1.81701347295e-11
0.638938914871 0.640898989727 0.00196080333878 -7.28501046534e-07 -1.83030570415e-11
0.641355043125 0.643345169077 0.00199087144112 -7.45507673128e-07 -1.84366405092e-11
0.64377078375 0.645791348427 0.00202134138643 -7.76727770193e-07 -1.85716276196e-11
0.646186091164 0.648237527777 0.00205222571071 -7.89116261106e-07 -1.87091432648e-11
0.648600991613 0.650683707127 0.00208353064463 -8.15149125124e-07 -1.88496733966e-11
0.651015410305 0.653129886477 0.00211531446822 -8.38315125347e-07 -1.89878049116e-11
0.653429309182 0.655576065827 0.00214760178437 -8.45157837402e-07 -1.91294499548e-11
0.655842401107 0.658022245177 0.00218073601972 -8.91968450134e-07 -1.92738806146e-11
0.658255025504 0.660468424527 0.00221428898031 -8.89976003723e-07 -1.94218966433e-11
0.660667257254 0.662914603878 0.00224830061573 -9.54011417756e-07 -1.95689357527e-11
0.663077583337 0.665360783228 0.00228420778094 -1.00791042443e-06 -1.97338733923e-11
0.665487859984 0.667806962578 0.00232017652339 -1.07394909532e-06 -1.98916848347e-11
0.66789794244 0.670253141928 0.00235632451244 -1.12504431578e-06 -2.00459797621e-11
0.670307593222 0.672699321278 0.00239280311134 -1.07507527188e-06 -2.02021166843e-11
0.672716964883 0.675145500628 0.00242964953578 -1.11381138987e-06 -2.03584243192e-11
0.675125930909 0.677591679978 0.00246690634311 -1.15729477437e-06 -2.05175093317e-11
0.677533776272 0.680037859328 0.00250527377546 -1.19074039475e-06 -2.0683704358e-11
0.679941520698 0.682484038678 0.00254377914833 -1.2611885932e-06 -2.08470520391e-11
0.682348112605 0.684930218028 0.00258346290284 -1.35750069425e-06 -2.10252137324e-11
0.684754591227 0.687376397379 0.00262319379269 -1.3876625117e-06 -2.11920594852e-11
0.687161144203 0.689822576729 0.00266287927094 -1.44676691348e-06 -2.13556105738e-11
0.689567593279 0.692268756079 0.0027026383397 -1.47556194477e-06 -2.15257095454e-11
0.691974368887 0.694714935429 0.00274209470252 -1.52818201258e-06 -2.16933393521e-11
0.694380686088 0.697161114779 0.00278201832035 -1.58965103097e-06 -2.18670838451e-11
0.696786912487 0.699607294129 0.00282199724628 -1.61562634227e-06 -2.20369044396e-11
0.699192808953 0.702053473479 0.00286229647419 -1.63196989403e-06 -2.22108734249e-11
0.701598755321 0.704499652829 0.00290264380445 -1.7463183191e-06 -2.23859533112e-11
0.704004465275 0.706945832179 0.00294310890006 -1.74201787586e-06 -2.25628607353e-11
0.706410064559 0.709392011529 0.00298372111747 -1.77416928387e-06 -2.27399755842e-11
0.708816263016 0.71183819088 0.00302379861546 -1.87077497689e-06 -2.29253233125e-11
0.711221803952 0.71428437023 0.00306439560599 -1.82935128746e-06 -2.31079016372e-11
0.713626937749 0.71673054958 0.00310550758682 -1.89577900907e-06 -2.32926162957e-11
0.716031474816 0.71917672893 0.00314725919209 -2.0051016716e-06 -2.34788698425e-11
0.718435162122 0.72162290828 0.00318972203297 -1.97589890584e-06 -2.36695689836e-11
0.720837871388 0.72406908763 0.0032332591792 -2.0429612094e-06 -2.38630640584e-11
0.723238210982 0.72651526698 0.00327921514773 -2.1591741538e-06 -2.4087177922e-11
0.725638450108 0.72896144633 0.00332520193328 -2.20573513181e-06 -2.42942105138e-11
0.728038483835 0.73140762568 0.00337143588581 -2.2940648524e-06 -2.44960168635e-11
0.730438030723 0.73385380503 0.00341806386499 -2.28958186483e-06 -2.46995199104e-11
0.732837186571 0.736299984381 0.00346516408202 -2.36629775501e-06 -2.49048478064e-11
0.735235714231 0.738746163731 0.00351281978553 -2.37031115335e-06 -2.51125900855e-11
0.737633115393 0.741192343081 0.00356170752772 -2.47986568441e-06 -2.53317333223e-11
0.740029305466 0.743638522431 0.00361179017617 -2.57323690291e-06 -2.55620954947e-11
0.742425611762 0.746084701781 0.00366177070789 -2.6807147318e-06 -2.57787417469e-11
0.744821966476 0.748530881131 0.00371164432312 -2.72969438361e-06 -2.59933218833e-11
0.747218936843 0.750977060481 0.00376090911432 -2.78550270094e-06 -2.62087954404e-11
0.749615601704 0.753423239831 0.00381052735415 -2.88925377772e-06 -2.64287509597e-11
0.752012020112 0.755869419181 0.00386040598339 -3.00694047884e-06 -2.66463483401e-11
0.754408535747 0.758315598531 0.00391014717892 -3.08442110589e-06 -2.68665161305e-11
0.75680506767 0.760761777882 0.00395990036034 -3.1901756732e-06 -2.70859361407e-11
0.759201426618 0.763207957232 0.00400973659041 -3.20600394134e-06 -2.73095558025e-11
0.761598741832 0.765654136582 0.00405871299061 -3.31826855632e-06 -2.75424671223e-11
0.763995327606 0.768100315932 0.00410829426301 -3.30596533002e-06 -2.77703869506e-11
0.766391326675 0.770546495282 0.00415850534834 -3.33676904381e-06 -2.80047196277e-11
0.768786615913 0.772992674632 0.00420952270493 -3.46401438481e-06 -2.82394811304e-11
0.771180589922 0.775438853982 0.00426183970918 -3.57567762324e-06 -2.84761371939e-11
0.77357378904 0.777885033332 0.00431492444802 -3.68018456955e-06 -2.87216256053e-11
0.7759641763 0.780331212682 0.00437070883115 -3.6724779568e-06 -2.899952563e-11
0.778354615316 0.782777392032 0.00442658278417 -3.80609705764e-06 -2.92587600004e-11
0.780744633445 0.785223571383 0.0044828632349 -3.92532731564e-06 -2.95121391111e-11
0.783133970505 0.787669750733 0.00453971242494 -3.93222663931e-06 -2.977132699e-11
0.785521919329 0.790115930083 0.00459809722096 -4.0864968022e-06 -3.00392590915e-11
0.787908772155 0.792562109433 0.00465764536719 -4.30811960313e-06 -3.03256588542e-11
0.79029554091 0.795008288783 0.00471708888045 -4.34103783255e-06 -3.05902175217e-11
0.792682645599 0.797454468133 0.0047763091954 -4.48669229474e-06 -3.08535162361e-11
0.795070030889 0.799900647483 0.00483523289957 -4.61633690904e-06 -3.11232478456e-11
0.797457902539 0.802346826833 0.00489363186885 -4.70760565318e-06 -3.13886441304e-11
0.799845585743 0.804793006183 0.00495227413948 -4.8537302584e-06 -3.16540023665e-11
0.80223323953 0.807239185534 0.00501085954091 -4.91356920506e-06 -3.19230785884e-11
0.804621042856 0.809685364884 0.00506937674328 -5.05474826257e-06 -3.21912734591e-11
0.807009936069 0.812131544234 0.00512668294692 -5.07481424966e-06 -3.24723019825e-11
0.809398341784 0.814577723584 0.0051845551702 -5.17340284773e-06 -3.27502335105e-11
0.811786054828 0.817023902934 0.00524309812771 -5.25005441354e-06 -3.30322623316e-11
0.814172937511 0.819470082284 0.00530257508964 -5.43035026302e-06 -3.33139801561e-11
0.816558229787 0.821916261634 0.00536353268709 -5.50087368259e-06 -3.36047402047e-11
0.818940409656 0.824362440984 0.00542763802419 -5.60673005783e-06 -3.39466876536e-11
0.821322439716 0.826808620334 0.00549190862932 -5.72804572782e-06 -3.42587654971e-11
0.823703934804 0.829254799684 0.00555663886424 -5.77401872492e-06 -3.45641133072e-11
0.826085008139 0.831700979035 0.00562194757284 -5.97671228717e-06 -3.48689119833e-11
0.828464341329 0.834147158385 0.00568887212441 -6.05510378036e-06 -3.51933671474e-11
0.830842216112 0.836593337735 0.00575737173112 -6.25014357629e-06 -3.55410815244e-11
0.833220305245 0.839039517085 0.00582569729548 -6.48549175629e-06 -3.58636505206e-11
0.835598495402 0.841485696435 0.00589376566582 -6.56466915856e-06 -3.61749074799e-11
0.837977191913 0.843931875785 0.00596134790871 -6.66407356366e-06 -3.64984280854e-11
0.840356764681 0.846378055135 0.00602815942423 -6.86900731789e-06 -3.68178770518e-11
0.842736053369 0.848824234485 0.00609519846685 -7.01738798017e-06 -3.71362645166e-11
0.845115355798 0.851270413835 0.00616212903695 -7.07103658569e-06 -3.74534421269e-11
0.847494743234 0.853716593185 0.00622901339553 -7.16348178496e-06 -3.77742827422e-11
0.849875744253 0.856162772536 0.00629432880749 -7.30056353257e-06 -3.81181780882e-11
0.852256081399 0.858608951886 0.00636027240189 -7.40195336462e-06 -3.84520345701e-11
0.854635442899 0.861055131236 0.00642719696118 -7.50866295491e-06 -3.8790776389e-11
0.85701314546 0.863501310586 0.00649579348088 -7.62839369037e-06 -3.91349774327e-11
0.859389966307 0.865947489936 0.00656539219121 -7.86860201819e-06 -3.94817354706e-11
0.861763413475 0.868393669286 0.00663828864005 -8.03286883173e-06 -3.98861156251e-11
0.864136523087 0.870839848636 0.00671146444181 -8.13893264384e-06 -4.02616531914e-11
0.866508884582 0.873286027986 0.00678534325914 -8.19989564715e-06 -4.06271508304e-11
0.868879672751 0.875732207336 0.00686084191031 -8.30736624517e-06 -4.10159355854e-11
0.871249082775 0.878178386686 0.00693789836926 -8.59449885257e-06 -4.14323744279e-11
0.873618610693 0.880624566037 0.00701478164124 -8.82633905845e-06 -4.18124397241e-11
0.875988347484 0.883070745387 0.00709135170905 -8.95384890239e-06 -4.21859221428e-11
0.878359028154 0.885516924737 0.00716704932854 -9.15278836844e-06 -4.25739685171e-11
0.880730499078 0.887963104087 0.00724187164471 -9.26667915877e-06 -4.29544986972e-11
0.883101794845 0.890409283437 0.00731691393658 -9.42538748647e-06 -4.3329840343e-11
0.885473226593 0.892855462787 0.00739181577814 -9.57962735537e-06 -4.37085012586e-11
0.88784451235 0.895301642137 0.00746676053959 -9.63079671771e-06 -4.40863112228e-11
0.890217750655 0.897747821487 0.00753978552922 -9.71474137841e-06 -4.45073476297e-11
0.892590248751 0.900194000837 0.00761357107767 -9.81903624259e-06 -4.49108333107e-11
0.894961549185 0.902640180187 0.00768857471933 -9.94376255072e-06 -4.53182037896e-11
0.897331170543 0.905086359538 0.00776535848319 -1.016953451e-05 -4.57305742821e-11
0.899697088643 0.907532538888 0.00784577413727 -1.03239387415e-05 -4.62276885608e-11
0.902062660776 0.909978718238 0.00792659474089 -1.05373256521e-05 -4.66704802957e-11
0.904427502737 0.912424897588 0.00800809075662 -1.06959527766e-05 -4.71018742876e-11
0.90679156351 0.914871076938 0.0080903505133 -1.08371328536e-05 -4.75368809817e-11
0.909154240627 0.917317256288 0.00817410381172 -1.1088198285e-05 -4.79958293212e-11
0.911515038373 0.919763435638 0.00825975848852 -1.13612716504e-05 -4.84831821364e-11
0.913876379328 0.922209614988 0.00834471906584 -1.1483454627e-05 -4.89344309414e-11
0.916238940412 0.924655794338 0.00842854525911 -1.16913819019e-05 -4.93993793201e-11
0.918602666307 0.927101973688 0.00851117963349 -1.18723020339e-05 -4.98555153223e-11
0.920966225292 0.929548153039 0.00859398755332 -1.20598569965e-05 -5.0305830458e-11
0.923329859643 0.931994332389 0.00867662182775 -1.21491328175e-05 -5.07545309559e-11
0.925693533131 0.934440511739 0.00875920244273 -1.22238859579e-05 -5.12062459661e-11
0.928059611975 0.936886691089 0.00883947288779 -1.23938259435e-05 -5.17197230596e-11
0.930424957784 0.939332870439 0.00892045224662 -1.25396438768e-05 -5.22096680955e-11
0.932789085756 0.941779049789 0.00900268418111 -1.27202003992e-05 -5.26940542236e-11
0.935151393938 0.944225229139 0.00908681179507 -1.29766474325e-05 -5.31863286899e-11
0.937509849721 0.946671408489 0.00917476220922 -1.32034951337e-05 -5.37908716457e-11
0.939867718803 0.949117587839 0.00926323628242 -1.33673006408e-05 -5.43206951147e-11
0.942224757444 0.951563767189 0.00935250843725 -1.34987467631e-05 -5.48372102274e-11
0.944580979967 0.95400994654 0.00944256855748 -1.36020405111e-05 -5.53552302432e-11
0.946935930254 0.95645612589 0.00953406835406 -1.38727742177e-05 -5.59077960031e-11
0.949288970281 0.95890230524 0.00962746253478 -1.41276326107e-05 -5.64916143175e-11
0.951642614207 0.96134848459 0.00972016170294 -1.42913766365e-05 -5.70277221052e-11
0.953997875796 0.96379466394 0.00981128204199 -1.44939559387e-05 -5.75988548595e-11
0.956354439645 0.96624084329 0.00990107355166 -1.46699650939e-05 -5.81477607865e-11
0.958710758739 0.96868702264 0.00999109678173 -1.48329396363e-05 -5.86909497205e-11
0.961067164575 0.97113320199 0.0100809787954 -1.4941439476e-05 -5.92311844205e-11
0.963426340786 0.97357938134 0.0101681332918 -1.50927976821e-05 -5.98534767179e-11
0.96578482321 0.976025560691 0.0102559360861 -1.519866581e-05 -6.04341382252e-11
0.968142792762 0.978471740041 0.0103442754228 -1.53282047948e-05 -6.10123151477e-11
