# t sumS minAlphaOld nSwept maxContinuitySumLocal (from tutorials/scalar/oscillating_zeroFlux/log.solver, branch scalar)
0.025 -1.30104260698e-18 0.0369351244457 0 1.95092003614e-16
0.05 -1.30104260698e-18 0.0291331169224 0 1.13422509423e-16
0.075 -1.08420217249e-18 0.0714159382508 0 4.01983308523e-17
0.1 3.25260651746e-18 0.071564268579 0 2.68420199204e-17
0.125 -3.25260651746e-18 -0.00373200666028 2 2.36218424251e-17
0.15 -4.33680868994e-19 0.0135758722542 0 2.56176813472e-17
0.175 -3.8878812279e-18 0.0131166641454 0 2.500198487e-17
0.2 2.98155597434e-19 0.0307033754947 0 2.40831286954e-17
0.225 3.25260651746e-19 -0.0134827764652 2 2.18861746661e-17
0.25 6.50521303491e-19 -0.0282648904775 1 2.69328443477e-17
0.275 -5.42101086243e-20 0.0179915517374 0 2.37872283971e-17
0.3 2.16840434497e-19 0.0336815719578 0 2.00283400085e-17
0.325 4.33680868994e-19 0.0531671923761 0 1.72239672589e-17
0.35 -9.75781955237e-19 0.0134197300496 0 1.70948585731e-17
0.375 -9.75781955237e-19 0.00286821618546 0 1.7782016582e-17
0.4 0.0 0.0186515230841 0 1.83913346084e-17
0.425 8.67361737988e-19 0.0373191785911 0 1.95194695934e-17
0.45 -2.16840434497e-18 0.0565766533238 0 1.75109202321e-17
0.475 -4.33680868994e-19 0.0721593216477 0 1.82209712372e-17
0.5 6.50521303491e-19 0.0664374632689 0 1.81449665476e-17
0.525 -1.51788304148e-18 -0.000351167521248 2 1.69616642645e-17
0.55 2.16840434497e-19 0.0189777419872 0 2.205623909e-17
0.575 1.59242194084e-19 0.0152958647545 0 2.0206070814e-17
0.6 -1.08420217249e-18 0.0340561819677 0 1.86212823321e-17
0.625 1.84314369323e-18 -0.0104527466551 2 1.97683756567e-17
0.65 -1.62630325873e-19 -0.0154204635603 1 1.9168311638e-17
0.675 4.87890977618e-19 0.0188711935048 0 2.37075562863e-17
0.7 3.25260651746e-19 0.0347564578326 0 1.88733453033e-17
0.725 -7.5894152074e-19 0.0554345337689 0 1.80795245268e-17
0.75 -9.75781955237e-19 0.0135574188804 0 1.62522715869e-17
0.775 -7.5894152074e-19 0.00324056635278 0 1.69299581919e-17
0.8 6.50521303491e-19 0.0194915152613 0 1.73991637903e-17
0.825 -2.60208521397e-18 0.0371396488704 0 1.95992783932e-17
0.85 -1.30104260698e-18 0.0571265671971 0 1.76357834254e-17
0.875 0.0 0.0728335945983 0 1.73717086552e-17
0.9 -1.08420217249e-18 0.0683583649177 0 1.51420146764e-17
0.925 2.16840434497e-19 -0.00142192412402 2 1.83048846527e-17
0.95 2.16840434497e-19 0.0152653181438 0 1.98555611072e-17
0.975 -5.60312294609e-19 0.0133566151259 0 2.1091246829e-17
1.0 -7.18283939272e-19 0.0306431306815 0 1.89179847846e-17
1.025 1.30104260698e-18 -0.00996575599129 2 1.93870441677e-17
1.05 0.0 -0.0289373499642 1 2.07472938119e-17
1.075 -5.96311194867e-19 0.015142650634 0 2.25989187906e-17
1.1 1.30104260698e-18 0.0284749523135 0 1.69437789296e-17
1.125 -1.51788304148e-18 0.0466256686681 0 1.82336249141e-17
1.15 0.0 0.0127001880637 0 1.76422094942e-17
1.175 2.16840434497e-18 0.0179332063429 0 1.58731988435e-17
1.2 2.27682456222e-18 0.00975806880059 0 1.6426103394e-17
1.225 5.42101086243e-19 0.0295207937108 0 1.66052693661e-17
1.25 2.16840434497e-18 0.0341040694117 0 2.01367969387e-17
1.275 -8.67361737988e-19 0.0630944869654 0 1.78994111876e-17
1.3 -8.67361737988e-19 0.0770272227045 0 1.54358208433e-17
1.325 1.95156391047e-18 0.062400187323 0 1.79711468002e-17
1.35 1.30104260698e-18 0.00192129842949 0 1.65334056877e-17
1.375 -2.16840434497e-19 0.0197424784522 0 1.95122346212e-17
1.4 -8.47032947254e-21 0.0166888496026 0 1.77408017564e-17
1.425 3.93023287526e-19 0.031679988718 0 1.74867616598e-17
1.45 -1.08420217249e-19 -0.00763852374068 2 1.84452088513e-17
1.475 -8.67361737988e-19 -0.0256584710907 1 2.16395570405e-17
1.5 5.96311194867e-19 0.0145217637569 0 1.74444943508e-17
1.525 -8.67361737988e-19 0.028352372569 0 1.73344617483e-17
1.55 1.08420217249e-18 0.0450754883165 0 1.50910684278e-17
1.575 -2.16840434497e-18 0.0646905311874 0 1.5807130653e-17
1.6 0.0 0.017075804376 0 1.50681590468e-17
1.625 -3.25260651746e-18 0.00656379933443 0 1.63241495648e-17
1.65 -6.50521303491e-19 0.0207267122655 0 1.31296842877e-17
1.675 1.08420217249e-18 0.0392318770957 0 1.57533349017e-17
1.7 2.16840434497e-18 0.0290096823657 0 1.5864387539e-17
1.725 -1.51788304148e-18 0.0685535624993 0 1.60079921865e-17
1.75 -8.67361737988e-19 0.0776432704159 0 1.59120777608e-17
1.775 -1.51788304148e-18 0.0554612880873 0 1.57538735059e-17
1.8 -1.08420217249e-18 0.00529763723824 0 1.57723624573e-17
1.825 -1.08420217249e-18 0.0249738748606 0 1.65341798004e-17
1.85 -2.37846851589e-18 0.0163721717849 0 1.57759498265e-17
1.875 8.2670415652e-19 0.0322243718237 0 1.76834380609e-17
1.9 1.02999206386e-18 -0.00567490547197 2 1.69247953376e-17
1.925 -2.27682456222e-18 0.0172523059732 0 1.58418193438e-17
1.95 1.08420217249e-18 0.0104515638771 0 1.58311005556e-17
1.975 1.08420217249e-19 0.0226216274008 0 1.59715012332e-17
2.0 -8.13151629364e-19 0.0380598779408 0 1.57864722029e-17
2.025 -3.25260651746e-19 0.0544651731119 0 1.52405080684e-17
2.05 -4.33680868994e-19 0.0138273138213 0 1.5045185943e-17
2.075 -1.08420217249e-18 0.0185447201222 0 1.40366503876e-17
2.1 -1.08420217249e-19 0.00949488370821 0 1.45169665325e-17
2.125 5.42101086243e-19 0.025008428359 0 1.46975128931e-17
2.15 5.42101086243e-19 0.0384489876677 0 1.42854159646e-17
2.175 7.5894152074e-19 0.0294512303796 0 1.45203457435e-17
2.2 7.5894152074e-19 0.0675436200282 0 1.21734079312e-17
2.225 8.67361737988e-19 0.0791105586976 0 1.42239853543e-17
2.25 -8.67361737988e-19 0.0640488355365 0 1.24214636621e-17
2.275 -6.50521303491e-19 0.0465191809835 0 1.3876380583e-17
2.3 0.0 0.0128249264941 0 1.37662420152e-17
2.325 2.16840434497e-19 0.00896606461028 0 1.42228223468e-17
2.35 -1.96850456942e-18 0.020035238612 0 1.45193505904e-17
2.375 -4.33680868994e-19 0.0340193486467 0 1.41908420921e-17
2.4 -6.77626357803e-19 -0.00431118839459 2 1.18256636597e-17
2.425 1.1113072268e-18 0.0125622295699 0 1.18869149594e-17
2.45 -3.7947076037e-19 -0.00857584610468 1 1.31008593454e-17
2.475 1.62630325873e-19 0.0181842266119 0 1.12616628363e-17
2.5 8.67361737988e-19 0.0305053750543 0 1.15392376353e-17
2.525 1.08420217249e-19 0.0418651954489 0 1.09293970979e-17
2.55 -5.42101086243e-19 0.0581238820828 0 1.19828596663e-17
2.575 -1.30104260698e-18 0.0763525608839 0 1.17887234694e-17
2.6 -1.08420217249e-18 0.0188460874241 0 1.15270369617e-17
2.625 3.25260651746e-19 0.00783336594555 0 1.12139104338e-17
2.65 -8.67361737988e-19 0.0201615136709 0 1.04963590303e-17
2.675 2.27682456222e-18 0.0363362622712 0 1.03183319308e-17
2.7 5.42101086243e-19 0.0340466084615 0 1.04310413419e-17
2.725 6.50521303491e-19 0.0273187915297 0 1.05027983229e-17
2.75 -8.67361737988e-19 0.0697470350255 0 1.01217477945e-17
2.775 -5.42101086243e-19 0.0787584694644 0 9.14984599485e-18
2.8 0.0 0.0701942980606 0 1.04115151583e-17
2.825 6.50521303491e-19 0.0534499186993 0 9.48495909692e-18
2.85 -5.42101086243e-19 0.00678075927634 0 9.14170478905e-18
2.875 1.08420217249e-19 0.0204426574632 0 9.75410241988e-18
2.9 -1.62630325873e-18 0.010456787003 0 9.92760215403e-18
2.925 -1.73472347598e-18 0.0198168882546 0 9.34139421097e-18
2.95 6.50521303491e-19 0.0311555468929 0 9.46925874589e-18
2.975 -5.82758667711e-19 0.0454499422627 0 8.4329689999e-18
3.0 5.42101086243e-20 0.00382216350895 0 8.98810006705e-18
3.025 1.08420217249e-18 0.0180211477521 0 8.9168088953e-18
3.05 4.33680868994e-19 -0.00533025357885 1 8.33524564245e-18
3.075 2.98155597434e-19 0.0175316794887 0 7.74243628595e-18
3.1 4.87890977618e-19 0.0258793241844 0 7.82264723866e-18
3.125 0.0 0.0352357071801 0 7.00065140589e-18
3.15 1.13841228111e-18 0.0456015320809 0 7.32440262416e-18
3.175 -1.62630325873e-18 0.0579540546748 0 7.24661755791e-18
3.2 -2.05998412772e-18 0.071317395005 0 6.38693226288e-18
3.225 2.71050543121e-19 0.0159404214028 0 6.56052840295e-18
3.25 8.13151629364e-19 0.0213451050871 0 6.39447407149e-18
3.275 3.25260651746e-19 0.0257871553407 0 5.36980755986e-18
3.3 9.75781955237e-19 0.0181990965278 0 5.39034301504e-18
3.325 -4.33680868994e-19 0.0285627665601 0 5.44766412223e-18
3.35 -3.25260651746e-19 0.0385011137239 0 5.41238283736e-18
3.375 -3.25260651746e-19 0.0353520361768 0 5.07496507725e-18
3.4 3.25260651746e-19 0.0299576389926 0 4.85513994773e-18
3.425 -1.08420217249e-19 0.0245863460803 0 5.13532568336e-18
3.45 -4.33680868994e-19 0.0709662130131 0 4.96549560849e-18
3.475 0.0 0.0784587448562 0 4.84136947055e-18
3.5 -9.75781955237e-19 0.074673347131 0 4.46018354106e-18
3.525 0.0 0.0627624063149 0 4.2998722465e-18
3.55 9.75781955237e-19 0.0528613658719 0 3.80664739923e-18
3.575 -3.25260651746e-19 0.043991951981 0 3.75300200618e-18
3.6 1.08420217249e-19 0.0149177574523 0 3.75510048887e-18
3.625 6.50521303491e-19 0.0240577125503 0 3.11124714175e-18
3.65 1.08420217249e-19 0.0370481862507 0 3.10618956446e-18
3.675 -4.33680868994e-19 0.0164686385929 0 3.08971091096e-18
3.7 -8.67361737988e-19 0.0223691981735 0 3.05517458547e-18
3.725 -5.23466361403e-19 0.0312430727325 0 2.9857663931e-18
3.75 3.65918233214e-19 0.0391843445392 0 2.56085502593e-18
3.775 4.40457132572e-19 0.047169882511 0 2.24462271355e-18
3.8 -3.65918233214e-19 0.0506890587885 0 2.25119727498e-18
3.825 2.43945488809e-19 0.0126189398115 0 2.18188849491e-18
3.85 0.0 0.0182186588014 0 1.85149253408e-18
3.875 1.49077798717e-19 0.022794180224 0 1.59703912818e-18
3.9 -6.77626357803e-20 0.00970042462426 0 1.64006550993e-18
3.925 2.16840434497e-19 0.0158743198142 0 1.38444385773e-18
3.95 -5.96311194867e-19 0.0213358173572 0 1.38837002203e-18
3.975 4.60785923306e-19 0.025851374676 0 1.43255606342e-18
4.0 -5.14996031931e-19 0.0313739219197 0 1.43473557915e-18
4.025 -4.60785923306e-19 0.035950110694 0 1.63673050409e-18
4.05 0.0 0.0425093763282 0 1.70679957197e-18
4.075 1.08420217249e-19 0.0500748751703 0 1.92163931422e-18
4.1 4.06575814682e-19 0.054740046915 0 2.01067394002e-18
4.125 1.08420217249e-19 0.0623639269636 0 2.2932934408e-18
4.15 -2.16840434497e-19 0.0690398963211 0 2.32059111054e-18
4.175 5.14996031931e-19 0.0757441190298 0 2.3499405466e-18
4.2 -2.16840434497e-19 0.0814399013809 0 2.63176772531e-18
4.225 -2.71050543121e-19 0.0772817825831 0 2.91370883025e-18
4.25 -2.98155597434e-19 0.0194472752699 0 2.89261221309e-18
4.275 -2.71050543121e-20 0.0203940671886 0 3.39021188479e-18
4.3 1.35525271561e-19 0.0233032910567 0 3.22838812106e-18
4.325 -1.89735380185e-19 0.0252450436362 0 3.76184033524e-18
4.35 -8.13151629364e-20 0.0281722237725 0 3.80433185755e-18
4.375 -2.71050543121e-20 0.016690300741 0 3.7830984788e-18
4.4 -2.16840434497e-19 0.0213839811371 0 3.98431407616e-18
4.425 -3.52365706058e-19 0.0251391972403 0 3.88360273827e-18
4.45 -2.98155597434e-19 0.0279550587115 0 4.5112009609e-18
4.475 1.08420217249e-19 0.0327602960558 0 4.93816740261e-18
4.5 1.89735380185e-19 0.0385773222825 0 5.02478285474e-18
4.525 -5.42101086243e-20 0.0410461751692 0 5.1993724697e-18
4.55 -2.43945488809e-19 0.0367344523979 0 5.26409667319e-18
4.575 -3.7947076037e-19 0.0334326957259 0 5.31052491642e-18
4.6 -3.7947076037e-19 0.0301621175965 0 5.71110215849e-18
4.625 -2.71050543121e-20 0.0278971280156 0 5.68967055753e-18
4.65 5.42101086243e-20 0.024682514746 0 6.42647402835e-18
4.675 4.06575814682e-20 0.0224693742001 0 6.41146517396e-18
4.7 6.77626357803e-20 0.0312604472234 0 6.61372602747e-18
4.725 8.13151629364e-20 0.0301871084541 0 6.2053904729e-18
4.75 1.08420217249e-19 0.0291175744958 0 6.99783615709e-18
4.775 -1.08420217249e-19 0.0280514923865 0 6.44840385087e-18
4.8 1.21972744405e-19 0.026988511182 0 7.63138628232e-18
4.825 -1.35525271561e-20 0.0269048442557 0 7.77472226735e-18
4.85 -1.42301535139e-19 0.026823581597 0 7.82580965814e-18
4.875 7.45388993584e-20 0.02576781461 0 7.94047874891e-18
4.9 0.0 0.025690323412 0 7.89980247377e-18
4.925 -5.75982404133e-20 0.0256142016312 0 7.77848981925e-18
4.95 3.38813178902e-21 0.0255391062051 0 7.69901297818e-18
4.975 0.0 0.0254646946784 0 7.76119697849e-18
5.0 1.34815096107e-33 0.025390625 0 7.76796393776e-18
5.025 3.38813178902e-21 0.0253165553216 0 7.82649706394e-18
5.05 -1.35525271561e-20 0.0252421437949 0 9.59948397652e-18
5.075 -2.03287907341e-20 0.0251670483688 0 7.90984248228e-18
5.1 1.35525271561e-20 0.025090926588 0 7.82274339301e-18
5.125 -4.74338450462e-20 0.02501343539 0 1.03161135276e-17
5.15 -3.38813178902e-20 0.025910793403 0 9.96308337678e-18
5.175 2.71050543121e-20 0.0258295307443 0 1.04677410485e-17
5.2 -6.77626357803e-20 0.025745863818 0 1.07657372943e-17
5.225 -1.35525271561e-20 0.0266360076135 0 1.08347529845e-17
5.25 1.35525271561e-20 0.0275230505042 0 1.07912951545e-17
5.275 -5.42101086243e-20 0.0284066415459 0 1.07240944576e-17
5.3 4.06575814682e-20 0.0292864277766 0 1.08558574525e-17
5.325 -2.98155597434e-19 0.0185462507999 0 1.03597369808e-17
5.35 -2.16840434497e-19 0.020239360254 0 1.08812716662e-17
5.375 1.08420217249e-19 0.0228841219844 0 1.17994954239e-17
5.4 2.71050543121e-20 0.0245253824035 0 1.14723996888e-17
5.425 -8.13151629364e-20 0.0271141792741 0 1.1828965805e-17
5.45 -5.42101086243e-20 0.0296717976021 0 1.13322549557e-17
5.475 2.71050543121e-20 0.0331725748308 0 1.16664288927e-17
5.5 -1.89735380185e-19 0.0376142052228 0 1.15571568048e-17
5.525 0.0 0.0408800419072 0 1.18187255373e-17
5.55 4.06575814682e-19 0.0364980662885 0 1.20328491298e-17
5.575 -2.71050543121e-20 0.0334545527597 0 1.21665779169e-17
5.6 -2.43945488809e-19 0.0293972688629 0 1.20890941814e-17
5.625 5.42101086243e-20 0.024325324259 0 1.25992698202e-17
5.65 -1.35525271561e-19 0.0323746512275 0 1.47952993177e-17
5.675 -5.42101086243e-20 0.0294424563638 0 1.25929854768e-17
5.7 -2.71050543121e-20 0.0274779589433 0 1.22376863041e-17
5.725 2.98155597434e-19 0.0245278078114 0 1.2401339515e-17
5.75 2.16840434497e-19 0.0235214747301 0 1.27592207828e-17
5.775 -5.14996031931e-19 0.0692025924169 0 1.4406163205e-17
5.8 -2.43945488809e-19 0.0728569736191 0 1.20391695335e-17
5.825 1.89735380185e-19 0.0774758813861 0 1.33614311306e-17
5.85 -4.33680868994e-19 0.0811057430598 0 1.44444583882e-17
5.875 0.0 0.0763079480364 0 1.40684249236e-17
5.9 2.71050543121e-19 0.068306828085 0 1.32623860834e-17
5.925 8.13151629364e-20 0.0632063748297 0 1.37380645483e-17
5.95 2.98155597434e-19 0.0551468736718 0 1.36860749801e-17
5.975 -4.87890977618e-19 0.048034264306 0 1.41724074831e-17
6.0 4.33680868994e-19 0.0428448280803 0 1.45825197085e-17
6.025 -6.23416249179e-19 0.036648625324 0 1.56435447654e-17
6.05 0.0 0.0199911541021 0 1.38796555501e-17
6.075 -1.62630325873e-19 0.0251413051858 0 1.57260942251e-17
6.1 -3.52365706058e-19 0.0370608641352 0 1.61907129128e-17
6.125 7.99599102208e-19 0.0148177264741 0 1.39944682935e-17
6.15 1.76182853029e-19 0.0207137571877 0 1.48821249984e-17
6.175 -9.08019319457e-19 0.0265482459028 0 1.64706834195e-17
6.2 -5.42101086243e-20 0.0332953162115 0 1.6031653554e-17
6.225 -2.71050543121e-20 0.0419289708153 0 1.49031746184e-17
6.25 -3.1170812459e-19 0.0514699549864 0 1.64647043855e-17
6.275 3.2695471764e-19 0.0488350522675 0 1.69650066295e-17
6.3 0.0 0.0159377430374 0 1.52650828531e-17
6.325 -3.25260651746e-19 0.0202353107358 0 1.56307440401e-17
6.35 4.33680868994e-19 0.005070587661 0 1.8081239878e-17
6.375 -9.75781955237e-19 0.0155804235574 0 1.59443646579e-17
6.4 8.67361737988e-19 0.0214646748452 0 1.66855945404e-17
6.425 1.08420217249e-19 0.028273673019 0 1.76906534085e-17
6.45 -8.67361737988e-19 0.0350292591281 0 1.6134225957e-17
6.475 -1.08420217249e-19 0.0427063436851 0 1.55993577612e-17
6.5 -6.50521303491e-19 0.052279777869 0 1.60959851921e-17
6.525 5.42101086243e-19 0.062771224375 0 1.64331951297e-17
6.55 9.75781955237e-19 0.0741788403714 0 1.45690402298e-17
6.575 9.75781955237e-19 0.0164292789197 0 1.66301660913e-17
6.6 1.08420217249e-18 0.0208236110074 0 1.57003367423e-17
6.625 -3.25260651746e-19 0.0251948388232 0 1.4454249367e-17
6.65 -6.50521303491e-19 0.0161863862761 0 1.61166616549e-17
6.675 -9.75781955237e-19 0.0262877500943 0 1.60368051081e-17
6.7 -1.62630325873e-19 0.0381678162489 0 1.40791276379e-17
6.725 3.7947076037e-19 0.0367128446593 0 1.62987589776e-17
6.75 0.0 0.0313892699129 0 1.39018173951e-17
6.775 -2.16840434497e-19 0.0250752035972 0 1.67655900278e-17
6.8 -2.16840434497e-19 0.0716967300836 0 1.67099317801e-17
6.825 -3.25260651746e-19 0.079767038114 0 1.56157999186e-17
6.85 -2.71050543121e-19 0.0715859679191 0 1.5622135815e-17
6.875 6.50521303491e-19 0.0585142928199 0 1.71965642758e-17
6.9 -1.62630325873e-19 0.0463863008156 0 1.74197320684e-17
6.925 1.89735380185e-18 0.0129762339828 0 1.74933514367e-17
6.95 -5.14996031931e-19 0.026057945582 0 1.78934314978e-17
6.975 1.89735380185e-19 0.0133289850942 0 1.77148471647e-17
7.0 3.52365706058e-19 0.0216641114598 0 1.71421008493e-17
7.025 -7.72494047896e-19 0.0337831259632 0 1.80996915137e-17
7.05 2.71050543121e-20 0.0477272283068 0 1.56466994938e-17
7.075 6.50521303491e-19 0.00401708578139 0 1.80407190489e-17
7.1 -1.08420217249e-19 0.0192748658148 0 1.65568378121e-17
7.125 1.19262238973e-18 0.00163056968746 0 1.61568795119e-17
7.15 1.51788304148e-18 0.0188729405855 0 1.58872428612e-17
7.175 7.5894152074e-19 0.0285813313007 0 2.05189633038e-17
7.2 1.08420217249e-19 0.0411338269394 0 1.57687626484e-17
7.225 1.08420217249e-18 0.0526214475509 0 1.5854195043e-17
7.25 1.40946282423e-18 0.0689006933009 0 1.58378704963e-17
7.275 -2.16840434497e-19 0.0156499584703 0 1.57964013974e-17
7.3 2.27682456222e-18 0.0206408915385 0 1.60016860496e-17
7.325 0.0 0.0130666821568 0 1.59967798382e-17
7.35 1.08420217249e-18 0.0260871788161 0 1.59329261385e-17
7.375 -3.25260651746e-19 0.0351353840545 0 1.63230656332e-17
7.4 5.42101086243e-19 0.0319351625759 0 1.55390310164e-17
7.425 -3.25260651746e-19 0.0616717987592 0 1.63214172749e-17
7.45 1.62630325873e-19 0.0723065274288 0 1.61232235857e-17
7.475 -1.19262238973e-18 0.0753223045511 0 1.58099993825e-17
7.5 -1.24683249836e-18 0.0593383749457 0 1.68366459318e-17
7.525 -4.33680868994e-19 0.00328866123707 0 1.53984716395e-17
7.55 -1.62630325873e-19 0.016619665916 0 1.43517158363e-17
7.575 -8.40256683676e-19 0.0109181200318 0 1.80836706298e-17
7.6 1.76182853029e-18 0.0209514906367 0 1.64030027211e-17
7.625 -2.43945488809e-19 0.0356974271683 0 1.71312271719e-17
7.65 -3.38813178902e-20 -0.0032967420078 2 1.5185307171e-17
7.675 1.30104260698e-18 0.0160884501607 0 1.57312420423e-17
7.7 8.67361737988e-19 -0.000845004368452 1 1.62908213045e-17
7.725 8.67361737988e-19 0.0198870690165 0 1.69884835783e-17
7.75 -2.16840434497e-19 0.0316542894635 0 1.46064279962e-17
7.775 -1.08420217249e-18 0.0472179545699 0 1.40505653621e-17
7.8 -5.42101086243e-19 0.0636445819122 0 1.43160901576e-17
7.825 4.33680868994e-19 0.0154706446204 0 1.54563564686e-17
7.85 2.16840434497e-19 0.0220978873323 0 1.50209077149e-17
7.875 -5.42101086243e-19 0.0159045792013 0 1.34264841934e-17
7.9 1.08420217249e-19 0.0320031708869 0 1.37921802326e-17
7.925 -1.08420217249e-18 0.0341896548778 0 1.7632179181e-17
7.95 2.16840434497e-19 0.0271883111787 0 1.46478691541e-17
7.975 -1.19262238973e-18 0.0721712250615 0 1.47106935955e-17
8.0 -9.75781955237e-19 0.0752213720592 0 1.34703361877e-17
8.025 -9.21571846613e-19 0.0535502475992 0 1.37070029594e-17
8.05 3.25260651746e-19 0.00659426181277 0 1.34893250763e-17
8.075 2.38524477947e-18 0.0255344951946 0 1.62138993742e-17
8.1 -1.1113072268e-18 0.0165546085544 0 1.43027597975e-17
8.125 -1.76182853029e-19 0.0322459741519 0 1.8148804782e-17
8.15 9.48676900925e-20 -0.00604283940162 2 1.51422358294e-17
8.175 6.50521303491e-19 0.0169796235497 0 1.82640238996e-17
8.2 1.30104260698e-18 0.00878617823694 0 1.46617393807e-17
8.225 4.33680868994e-19 0.0226637119127 0 1.71374595552e-17
8.25 -2.16840434497e-19 0.0375911045841 0 1.29482893396e-17
8.275 -3.68628738645e-18 0.0562965347879 0 1.25583411144e-17
8.3 2.16840434497e-19 0.0139590676343 0 1.29837406141e-17
8.325 8.67361737988e-19 0.0213149979042 0 1.26840457085e-17
8.35 -5.42101086243e-19 0.0145417748616 0 1.18305257393e-17
8.375 2.16840434497e-18 0.0312133890146 0 1.17781358248e-17
8.4 8.67361737988e-19 0.033705445624 0 1.37865016546e-17
8.425 1.73472347598e-18 0.0610082632292 0 1.21514914142e-17
8.45 -1.62630325873e-18 0.0759363563675 0 1.19032542636e-17
8.475 8.67361737988e-19 0.065397627431 0 1.17321911189e-17
8.5 -1.08420217249e-19 -0.000135172983559 2 1.22358138115e-17
8.525 2.71050543121e-19 0.0153389980214 0 1.31496429758e-17
8.55 -1.46367293286e-18 0.0131232469563 0 1.54579662176e-17
8.575 9.89334482393e-19 0.0280319489482 0 1.31148069541e-17
8.6 -3.78115507654e-18 -0.0108197001021 2 1.21258286939e-17
8.625 8.67361737988e-19 0.0169139974538 0 1.28199519509e-17
8.65 2.16840434497e-19 0.00842527877208 0 1.25848951422e-17
8.675 -4.33680868994e-19 0.025490437677 0 1.28817380909e-17
8.7 -2.38524477947e-18 0.0408236528905 0 1.10768980962e-17
8.725 -4.33680868994e-19 0.060900578392 0 1.05730721867e-17
8.75 2.16840434497e-19 0.0166771805883 0 1.07200307471e-17
8.775 1.08420217249e-18 0.00520958236292 0 1.0438512019e-17
8.8 1.62630325873e-18 0.0220600072612 0 1.01838445659e-17
8.825 -1.84314369323e-18 0.0367542936571 0 1.26236522937e-17
8.85 9.75781955237e-19 0.0283154369363 0 9.66652192472e-18
8.875 -4.33680868994e-19 0.0723783380297 0 1.03551954167e-17
8.9 -8.67361737988e-19 0.0691812976865 0 9.98506399991e-18
8.925 5.96311194867e-19 0.0473573493659 0 1.06673133767e-17
8.95 1.08420217249e-18 0.0121502668078 0 1.18477047974e-17
8.975 -3.25260651746e-19 0.0120980472534 0 1.40495034962e-17
9.0 1.21972744405e-19 0.0283447831606 0 1.4092299449e-17
9.025 -1.15323535769e-18 -0.0114485018071 2 1.1940040486e-17
9.05 1.30104260698e-18 -0.029554924348 1 1.52552715884e-17
9.075 -1.95156391047e-18 0.0142547834491 0 1.24230784381e-17
9.1 3.90312782095e-18 0.0273447600823 0 1.48130701606e-17
9.125 -2.16840434497e-18 0.0461558626927 0 1.20504749663e-17
9.15 1.95156391047e-18 0.0687296454905 0 1.22934650938e-17
9.175 2.60208521397e-18 0.0175478511296 0 1.14778315373e-17
9.2 -2.16840434497e-19 0.0111433249563 0 1.2524563002e-17
9.225 2.60208521397e-18 0.0318815347605 0 1.17363776675e-17
9.25 1.08420217249e-19 0.0313644561196 0 1.20499027298e-17
9.275 -3.25260651746e-19 0.0647011572841 0 1.25883416126e-17
9.3 -9.75781955237e-19 0.0804779171674 0 1.1828848118e-17
9.325 5.42101086243e-19 0.0553475564952 0 1.21979653681e-17
9.35 1.30104260698e-18 0.00491121265025 0 1.28824727993e-17
9.375 -5.96311194867e-19 0.00829272420298 0 1.58384326113e-17
9.4 -5.14996031931e-19 0.0232264477475 0 1.84866907974e-17
9.425 -2.71050543121e-19 -0.0132816314306 2 1.45346872633e-17
9.45 4.33680868994e-18 0.0115488025021 0 1.53226917143e-17
9.475 2.16840434497e-19 0.0075585821187 0 1.49720449336e-17
9.5 -1.30104260698e-18 0.0253594117311 0 1.4821426636e-17
9.525 6.50521303491e-19 0.0439465839425 0 1.50568919735e-17
9.55 2.16840434497e-19 0.0672773696458 0 1.49234460771e-17
9.575 0.0 0.0173683214089 0 1.39789951377e-17
9.6 2.16840434497e-19 0.010660003499 0 1.45610759304e-17
9.625 2.16840434497e-19 0.0309726711146 0 1.32961166682e-17
9.65 0.0 0.0315021449504 0 1.5005436884e-17
9.675 -4.33680868994e-19 0.0652013892544 0 1.4906870249e-17
9.7 1.51788304148e-18 0.0795996780421 0 1.48879830013e-17
9.725 -1.62630325873e-18 0.0542740732625 0 1.45153137822e-17
9.75 4.33680868994e-19 0.00739296529749 0 1.45681439566e-17
9.775 2.33103467084e-18 0.0100621488438 0 1.70346859779e-17
9.8 1.00288700955e-18 0.0257438341996 0 1.87991105737e-17
9.825 -6.55603501175e-19 -0.0137201809031 2 1.6317000003e-17
9.85 4.33680868994e-19 -0.0322966281335 1 1.89257718043e-17
9.875 1.08420217249e-18 0.0133532167951 0 1.67647567945e-17
9.9 -4.33680868994e-19 0.0280451064209 0 2.0302547005e-17
9.925 -6.50521303491e-19 0.0474945612523 0 1.64032150248e-17
9.95 4.33680868994e-19 0.0118825080775 0 1.6487447482e-17
9.975 1.73472347598e-18 0.0197727696284 0 1.54582784261e-17
10.0 2.16840434497e-19 0.013963171443 0 1.63695561948e-17
