/*--------------------------------*- C++ -*----------------------------------*\
| =========                 |                                                 |
| \\      /  F ield         | OpenFOAM: The Open Source CFD Toolbox           |
|  \\    /   O peration     | Version:  v2106                                 |
|   \\  /    A nd           | Website:  www.openfoam.com                      |
|    \\/     M anipulation  |                                                 |
\*---------------------------------------------------------------------------*/
FoamFile
{
    version     2.0;
    format      ascii;
    arch        "LSB;label=32;scalar=64";
    class       volScalarField;
    location    "1500";
    object      T;
}
// * * * * * * * * * * * * * * * * * * * * * * * * * * * * * * * * * * * * * //

dimensions      [0 0 0 1 0 0 0];

internalField   nonuniform List<scalar> 
6561
(
1.77444201348
1.77392499256
1.77333161084
1.77266439333
1.77192565017
1.77111749432
1.77024185976
1.76930052022
1.76829510821
1.76722713443
1.76609800737
1.7649090531
1.76366153515
1.76235667435
1.76099566861
1.75957971238
1.75811001569
1.75658782254
1.75501442842
1.75339119663
1.75171957322
1.75000110032
1.74823742765
1.74643032238
1.74458167803
1.74269352426
1.7407680417
1.73880759125
1.7368147764
1.73479257595
1.73274461587
1.73067570058
1.72859279222
1.7265066894
1.72443464422
1.72240393616
1.72045585615
1.71864869549
1.71705766436
1.71576989236
1.71487408096
1.71444731456
1.71454320761
1.71518494519
1.71636410373
1.71804429384
1.72016780416
1.72266333528
1.7254533291
1.72846000567
1.7316097722
1.73483605207
1.73808078698
1.74129493495
1.74443827503
1.7474787785
1.75039174436
1.75315883936
1.75576713518
1.75820819929
1.76047727033
1.76257253145
1.76449448392
1.76624541634
1.76782896148
1.76924973085
1.77051301679
1.77162455235
1.77259031984
1.77341640004
1.77410885505
1.77467363874
1.77511652969
1.77544308238
1.77565859302
1.77576807713
1.77577625653
1.77568755358
1.77550609138
1.77523569845
1.77487991691
1.74368746665
1.74347542051
1.74317093072
1.74277628173
1.74229365736
1.74172515007
1.74107277252
1.74033847125
1.73952414214
1.73863164734
1.73766283359
1.73661955146
1.7355036754
1.73431712415
1.73306188128
1.73174001541
1.73035369962
1.72890522976
1.72739704089
1.72583172158
1.72421202525
1.7225408783
1.72082138437
1.71905682474
1.71725065482
1.71540649797
1.71352813916
1.71161952411
1.7096847756
1.70772824878
1.70575466569
1.70376939676
1.70177899362
1.69979211068
1.69782094993
1.69588326395
1.69400469568
1.69222083041
1.69057796407
1.6891315534
1.68794183398
1.68706725263
1.68655736343
1.68644704243
1.68675316176
1.68747397977
1.68859082667
1.69007130936
1.69187320555
1.69394836363
1.69624615553
1.69871625348
1.70131067429
1.7039851441
1.70669989252
1.70942000197
1.71211543269
1.71476082677
1.71733517351
1.71982139862
1.72220592175
1.72447821323
1.72663036959
1.72865671972
1.73055346767
1.7323183745
1.73395047854
1.73544985247
1.73681739432
1.73805464904
1.73916365762
1.74014683025
1.74100684061
1.74174653852
1.74236887835
1.74287686109
1.74327348809
1.74356172479
1.74374447302
1.74382455065
1.74380467749
1.71280828325
1.71284500933
1.71277534472
1.71260108698
1.71232405647
1.71194609831
1.71146908816
1.71089494158
1.71022562649
1.70946317844
1.70860971815
1.70766747104
1.70663878821
1.70552616831
1.70433227983
1.70305998307
1.70171235106
1.70029268874
1.69880454954
1.69725174835
1.69563837022
1.6939687737
1.69224758816
1.6904797046
1.68867025949
1.68682461225
1.6849483179
1.68304709829
1.68112681922
1.67919348688
1.67725328714
1.67531270694
1.67337879667
1.67145965099
1.66956518674
1.66770825333
1.66590599421
1.66418118663
1.66256308596
1.661087218
1.65979372301
1.65872430734
1.65791837145
1.65740916662
1.65722074237
1.65736613677
1.65784690954
1.65865383934
1.65976845131
1.66116500357
1.6628126068
1.66467723686
1.66672349204
1.66891602545
1.67122064041
1.67360507268
1.67603950278
1.67849684818
1.68095288436
1.68338623872
1.68577829427
1.68811303327
1.69037684377
1.69255830684
1.69464797708
1.6966381656
1.69852273146
1.7002968855
1.70195700896
1.70350048779
1.70492556316
1.70623119774
1.70741695717
1.7084829059
1.70942951632
1.71025759024
1.71096819163
1.71156258971
1.71204221134
1.71240860195
1.71266339414
1.68196299359
1.68219528134
1.68230905186
1.6823054456
1.68218574925
1.6819513923
1.68160394887
1.68114514418
1.68057686542
1.67990117647
1.679120336
1.67823681831
1.67725333646
1.67617286673
1.67499867384
1.67373433577
1.67238376741
1.6709512417
1.66944140718
1.66785930067
1.66621035373
1.66450039169
1.66273562409
1.66092262549
1.65906830622
1.65717987281
1.65526477914
1.65333067056
1.65138532565
1.64943660437
1.64749241706
1.64556073779
1.64364969683
1.64176779727
1.63992430405
1.63812983534
1.63639713343
1.6347419008
1.63318348021
1.63174508817
1.63045334248
1.62933698956
1.62842497602
1.62774420547
1.62731738524
1.62716130452
1.62728574889
1.62769310545
1.6283785905
1.62933095749
1.63053351616
1.63196530319
1.63360227417
1.63541842386
1.63738677701
1.63948022166
1.641672178
1.64393711046
1.64625089882
1.64859108821
1.6509370385
1.65326999316
1.65557308504
1.6578312948
1.66003137481
1.6621617492
1.66421239864
1.66617473659
1.66804148215
1.66980653359
1.67146484544
1.67301231115
1.6744456529
1.67576231946
1.6769603926
1.67803850238
1.67899575129
1.67983164719
1.68054604473
1.68113909504
1.68161120326
1.65126518841
1.65164440553
1.65189440386
1.65201557174
1.65200855944
1.65187427311
1.6516138748
1.6512287882
1.65072070969
1.65009162421
1.64934382541
1.64847993943
1.64750295143
1.64641623411
1.6452235771
1.64392921595
1.64253785956
1.64105471432
1.63948550358
1.63783648052
1.63611443289
1.63432667774
1.63248104465
1.63058584608
1.628649834
1.62668214225
1.62469221535
1.62268972527
1.62068447972
1.61868632806
1.61670507461
1.61475041448
1.6128319137
1.61095906144
1.60914142528
1.60738893351
1.60571228449
1.60412343966
1.60263610039
1.60126602162
1.600031007
1.59895048223
1.5980446445
1.5973332956
1.59683453855
1.59656353486
1.59653148703
1.59674495054
1.59720551231
1.59790981565
1.59884987362
1.60001359402
1.60138543655
1.60294713116
1.60467840026
1.60655764278
1.60856255263
1.61067065614
1.61285976222
1.61510832601
1.617395731
1.61970249733
1.62201042533
1.62430268389
1.62656385266
1.62877992694
1.63093829301
1.63302768077
1.63503809963
1.63696076294
1.63878800488
1.64051319364
1.64213064352
1.64363552823
1.64502379729
1.64629209676
1.64743769533
1.64845841655
1.64935257766
1.65011893534
1.65075663852
1.62078838246
1.62127154802
1.6216158003
1.6218207489
1.62188636789
1.62181299
1.62160130738
1.62125237887
1.62076764341
1.62014893895
1.61939852646
1.61851911824
1.61751390954
1.61638661249
1.61514149107
1.61378339546
1.61231779431
1.61075080275
1.60908920436
1.60734046461
1.60551273383
1.60361483728
1.60165625051
1.59964705817
1.59759789516
1.59551986962
1.59342446806
1.59132344419
1.58922869459
1.58715212606
1.58510552241
1.58310042133
1.58114801642
1.57925910291
1.57744408813
1.57571308541
1.57407609962
1.5725432915
1.57112527872
1.56983340222
1.56867987029
1.56767770336
1.56684043989
1.5661816167
1.56571408595
1.56544926152
1.56539639355
1.56556195613
1.56594920601
1.56655793984
1.56738444936
1.56842165341
1.56965937283
1.57108470923
1.57268248853
1.5744357349
1.57632614608
1.57833454822
1.58044131442
1.58262673716
1.58487134903
1.58715619032
1.58946302449
1.59177450442
1.59407429395
1.59634714938
1.59857896654
1.60075679858
1.60286884964
1.60490444921
1.60685401161
1.60870898433
1.61046178883
1.61210575668
1.61363506352
1.61504466299
1.61633022232
1.61748806107
1.618515094
1.6194087791
1.6201670713
1.59057170595
1.5911221023
1.59152450543
1.59177777761
1.59188123174
1.59183462848
1.59163818033
1.59129256277
1.59079893203
1.59015894915
1.58937480971
1.58844927826
1.58738572669
1.586188175
1.584861333
1.58341064122
1.58184230872
1.58016334558
1.57838158755
1.5765057099
1.57454522809
1.57251048221
1.5704126031
1.56826345804
1.56607557467
1.56386204277
1.5616363944
1.55941246414
1.5572042329
1.55502565984
1.5528905095
1.55081218278
1.54880356328
1.54687689259
1.54504368958
1.54331472834
1.54170008443
1.54020924932
1.53885129739
1.5376350727
1.53656934901
1.53566291344
1.53492453448
1.53436279743
1.53398581638
1.5338008555
1.5338139068
1.53402927558
1.53444921951
1.53507367581
1.53590009661
1.53692339877
1.53813602257
1.53952808558
1.5410876127
1.54280082137
1.5446524413
1.54662604978
1.54870440622
1.55086977318
1.55310421373
1.55538985876
1.55770913972
1.56004498531
1.56238098179
1.56470149843
1.56699178043
1.56923801231
1.57142735532
1.57354796246
1.57558897475
1.57754050233
1.57939359366
1.58114019599
1.58277310964
1.58428593875
1.58567304054
1.58692947483
1.58805095558
1.58903380549
1.58987491491
1.56062596526
1.56121337196
1.56164398878
1.56191600807
1.56202814151
1.56197962244
1.56177021556
1.56140023397
1.56087056344
1.56018269338
1.55933875392
1.55834155826
1.55719464904
1.55590234717
1.55446980141
1.55290303638
1.55120899645
1.54939558267
1.54747167967
1.54544716913
1.5433329267
1.54114079913
1.53888355895
1.53657483477
1.53422901562
1.53186112963
1.52948669789
1.52712156615
1.52478171828
1.52248307702
1.52024129865
1.51807156997
1.51598841677
1.51400553458
1.51213565279
1.51039044295
1.5087804799
1.50731525958
1.50600326933
1.50485209689
1.50386855521
1.50305879395
1.50242836963
1.50198225282
1.50172476321
1.50165943644
1.50178883857
1.50211435194
1.50263595918
1.50335205069
1.5042592765
1.5053524564
1.50662455554
1.50806672592
1.50966840886
1.51141748982
1.51330049426
1.51530281255
1.51740894189
1.51960273391
1.52186763838
1.52418693495
1.52654394675
1.52892223144
1.53130574713
1.53367899173
1.53602711583
1.53833601
1.54059236821
1.54278372957
1.54489850094
1.54692596317
1.54885626362
1.55068039791
1.5523901832
1.55397822571
1.55543788443
1.55676323325
1.5579490231
1.55899064576
1.55988410056
1.53093970625
1.53154035637
1.53197545669
1.53224264126
1.53234011509
1.53226666363
1.53202166983
1.53160513889
1.53101773064
1.530260799
1.52933643793
1.52824753289
1.52699781635
1.52559192558
1.5240354606
1.52233503952
1.52049834823
1.51853418107
1.51645246864
1.51426428903
1.51198185859
1.50961849886
1.50718857679
1.5047074163
1.50219118053
1.49965672534
1.49712142636
1.49460298349
1.49211920793
1.48968779832
1.48732611338
1.48505094863
1.4828783255
1.48082330048
1.47889980225
1.47712050347
1.47549673323
1.47403843356
1.47275415996
1.47165112128
1.47073524896
1.47001128152
1.46948284774
1.46915253317
1.46902191815
1.46909158157
1.46936107096
1.46982884544
1.47049220238
1.47134720042
1.47238859214
1.47360977752
1.47500278691
1.47655829875
1.47826569385
1.48011314511
1.48208773876
1.48417562175
1.48636216837
1.48863215913
1.49096996468
1.49335972828
1.4957855412
1.4982316062
1.50068238573
1.50312273219
1.50553799902
1.50791413202
1.51023774124
1.51249615445
1.51467745349
1.51677049549
1.51876492081
1.52065114999
1.52242037177
1.52406452442
1.52557627231
1.52694897985
1.52817668432
1.52925406948
1.53017644115
1.50148501871
1.50208138204
1.50250332294
1.50274805221
1.50281338795
1.50269777344
1.50240030279
1.50192075478
1.50125963446
1.50041822237
1.49939863033
1.49820386292
1.4968378827
1.49530567729
1.49361332556
1.49176805972
1.48977831967
1.4876537955
1.48540545381
1.48304554339
1.48058757606
1.47804627918
1.47543751699
1.47277817959
1.47008603984
1.46737958031
1.4646777945
1.46199996791
1.45936544634
1.45679339907
1.45430258486
1.45191112808
1.44963631074
1.44749438528
1.44550041089
1.44366811565
1.44200978559
1.4405361815
1.439256484
1.43817826631
1.43730749321
1.4366485428
1.43620424626
1.43597593969
1.43596352168
1.4361655113
1.43657910226
1.43720021124
1.43802352034
1.43904251531
1.44024952268
1.44163574968
1.44319133061
1.44490538336
1.44676607838
1.44876072168
1.45087585185
1.45309735011
1.45541056128
1.45780042271
1.46025159782
1.46274861061
1.46527597744
1.46781833296
1.4703605472
1.47288783152
1.47538583187
1.47784070826
1.4802392
1.48256867694
1.48481717726
1.48697343286
1.48902688357
1.49096768186
1.49278668948
1.49447546797
1.49602626465
1.49743199575
1.49868622852
1.49978316359
1.50071761923
1.47222292521
1.47280341632
1.47320044997
1.4734109635
1.47343252498
1.47326336005
1.47290238702
1.47234926037
1.47160442252
1.47066916331
1.46954568623
1.46823718014
1.46674789421
1.46508321383
1.46324973397
1.46125532643
1.45910919639
1.45682192351
1.45440548251
1.45187323842
1.44923991186
1.44652151108
1.44373522881
1.44089930369
1.43803284882
1.43515565194
1.43228795422
1.42945021641
1.42666288189
1.42394614599
1.42131973971
1.41880273306
1.41641336062
1.41416886798
1.41208537557
1.41017775437
1.40845950847
1.40694266074
1.40563764118
1.4045531804
1.40369621388
1.40307180444
1.40268309018
1.40253126428
1.40261559
1.40293345124
1.40348043581
1.40425044607
1.40523582979
1.40642752372
1.40781520309
1.40938743082
1.41113180275
1.41303508602
1.4150833499
1.41726208907
1.41955634037
1.42195079396
1.42442990008
1.42697797205
1.42957928575
1.4322181755
1.43487912563
1.43754685683
1.44020640645
1.44284320149
1.44544312349
1.44799256458
1.4504784743
1.45288839701
1.4552105001
1.45743359351
1.4595471413
1.4615412662
1.46340674829
1.46513501914
1.46671815263
1.46814885394
1.46942044799
1.47052686883
1.47146265116
1.44310829067
1.44366698501
1.44403306986
1.44420336699
1.44417534192
1.44394713983
1.44351763022
1.44288646038
1.44205411749
1.44102199847
1.43979248657
1.43836903281
1.43675623988
1.43495994525
1.43298729974
1.43084683671
1.42854852677
1.42610381227
1.42352561599
1.42082831852
1.41802770019
1.41514084465
1.41218600374
1.40918242598
1.40615015425
1.40310980119
1.40008231372
1.39708873924
1.39415000629
1.39128673032
1.38851905156
1.3858665064
1.38334792753
1.38098136254
1.37878399621
1.37677206029
1.37496071671
1.37336390481
1.37199415146
1.37086235113
1.36997753141
1.3693466249
1.36897427073
1.36886266736
1.36901149306
1.36941790346
1.3700766068
1.37098001048
1.37211842575
1.37348031441
1.3750525595
1.37682074336
1.37876941874
1.38088236218
1.38314280265
1.38553362193
1.38803752619
1.39063719041
1.39331537844
1.39605504248
1.39883940555
1.40165203024
1.40447687673
1.40729835189
1.41010135141
1.41287129547
1.41559415897
1.41825649625
1.42084546073
1.42334881944
1.42575496268
1.428052909
1.43023230609
1.43228342791
1.43419716891
1.43596503618
1.43757914036
1.4390321864
1.4403174653
1.44142884782
1.44236078127
1.4140942629
1.41463068423
1.41496535716
1.41509514928
1.41501757666
1.41473084856
1.41423392141
1.41352656199
1.41260941944
1.41148410502
1.41015327816
1.40862073637
1.40689150616
1.40497193075
1.40286974999
1.40059416674
1.39815589349
1.39556717264
1.39284176416
1.38999489516
1.38704316758
1.38400442282
1.38089756573
1.3777423541
1.37455916455
1.37136874939
1.36819200172
1.36504974717
1.36196257829
1.35895074302
1.35603409055
1.35323206809
1.35056375151
1.34804788387
1.34570289003
1.34354683545
1.34159730271
1.33987117072
1.33838429681
1.33715111843
1.33618420624
1.33549381026
1.33508744462
1.33496955318
1.33514128879
1.33560042589
1.33634141067
1.33735553954
1.3386312451
1.34015446183
1.34190904081
1.34387718349
1.34603986825
1.34837724936
1.35086901365
1.35349468693
1.35623388709
1.35906652548
1.36197296073
1.36493411139
1.36793153429
1.37094747557
1.37396490073
1.37696750933
1.37993973866
1.38286675997
1.38573446968
1.38852947745
1.39123909223
1.39385130704
1.39635478297
1.39873883272
1.40099340396
1.4031090629
1.40507697824
1.40688890619
1.40853717697
1.4100146835
1.41131487303
1.41243174252
1.41335983856
1.38513630585
1.38565532514
1.38596367106
1.38605841833
1.38593728841
1.38559870228
1.38504184304
1.38426672806
1.38327429004
1.38206646546
1.38064628835
1.37901798649
1.37718707606
1.3751604498
1.37294645268
1.37055493824
1.36799729823
1.36528645788
1.36243683011
1.3594642235
1.35638570149
1.35321939483
1.34998427375
1.34669989291
1.3433861275
1.34006292401
1.33675009178
1.33346716043
1.33023332336
1.32706747709
1.32398835235
1.32101471565
1.31816560382
1.31546054055
1.31291967743
1.31056380513
1.30841419291
1.30649223669
1.30481892314
1.30341414565
1.30229593156
1.3014796553
1.30097731532
1.30079694487
1.30094220921
1.30141221851
1.30220156115
1.30330053989
1.30469557635
1.30636973911
1.30830334692
1.31047460069
1.31286020414
1.31543594139
1.3181771899
1.32105935568
1.32405822648
1.32715024454
1.3303127054
1.33352389194
1.33676315444
1.34001094743
1.3432488336
1.34645946399
1.34962654191
1.35273477694
1.35576983364
1.35871827851
1.36156752747
1.36430579563
1.36692205017
1.36940596701
1.37174789139
1.37393880277
1.37597028387
1.37783449428
1.37952414869
1.38103250006
1.38235332826
1.38348093451
1.38441014238
1.35619591468
1.35670777705
1.35700050904
1.35707155126
1.35691898383
1.35654158616
1.35593890724
1.3551113456
1.35406023793
1.3527879542
1.35129799666
1.34959509874
1.34768531885
1.3455761227
1.34327644686
1.34079673506
1.33814893831
1.3353464706
1.33240411281
1.32933786076
1.32616471768
1.32290243753
1.31956923335
1.31618347295
1.31276339232
1.30932686285
1.30589125033
1.30247339992
1.29908977035
1.29575672246
1.29249094327
1.28930995965
1.28623267066
1.28327980932
1.28047423892
1.27784099837
1.2754070373
1.27320062044
1.27125042716
1.26958441678
1.26822856581
1.26720560224
1.26653386154
1.26622637114
1.26629023749
1.26672637165
1.26752954978
1.26868877274
1.27018786574
1.27200624705
1.27411979243
1.27650172799
1.27912349506
1.28195554461
1.28496803253
1.2881314008
1.29141683993
1.29479663705
1.29824441974
1.30173530926
1.30524599858
1.30875477079
1.31224147221
1.31568745331
1.31907548832
1.32238968239
1.32561537331
1.32873903286
1.3317481714
1.33463124835
1.33737758972
1.33997731379
1.34242126508
1.34470095681
1.3468085216
1.34873667047
1.35047865979
1.3520282664
1.35337977082
1.35452794883
1.35546807155
1.32724410778
1.32776457982
1.32805822013
1.32812298896
1.32795747339
1.32756095318
1.32693347734
1.32607595039
1.32499022635
1.32367920786
1.32214694672
1.32039874054
1.31844121916
1.31628241279
1.31393179243
1.31140027248
1.30870016485
1.30584507529
1.30284973481
1.29972976415
1.29650137593
1.29318102858
1.28978505723
1.28632931829
1.28282889513
1.27929791871
1.27574955731
1.2721962202
1.26865000038
1.26512335033
1.26162994652
1.25818565633
1.25480948472
1.25152435439
1.24835757093
1.24534084733
1.24250981013
1.23990297587
1.23756026099
1.23552115649
1.23382274811
1.23249778321
1.23157297447
1.23106769266
1.23099314373
1.23135206286
1.23213889874
1.23334041664
1.2349366202
1.23690188118
1.23920616987
1.24181629262
1.24469706252
1.24781235088
1.25112598743
1.25460249521
1.2582076599
1.26190894402
1.26567576251
1.26947964042
1.27329427409
1.2770955172
1.2808613107
1.28457157393
1.2882080708
1.29175426271
1.29519515705
1.2985171578
1.30170792301
1.30475623206
1.30765186484
1.31038549343
1.31294858693
1.31533332909
1.31753254852
1.319539661
1.32134862346
1.32295389926
1.32435043452
1.32553364533
1.32649941594
1.2982647762
1.29881538398
1.2991325139
1.29921479162
1.29906145104
1.29867240505
1.2980483269
1.29719074058
1.29610211758
1.29478597631
1.29324697915
1.29149102038
1.28952529654
1.28735834889
1.28500006646
1.28246163673
1.27975543184
1.27689481974
1.27389389435
1.2707671259
1.2675289433
1.2641932743
1.26077308464
1.25727997435
1.25372390238
1.25011311837
1.24645437681
1.24275349104
1.23901625008
1.23524967179
1.23146350501
1.2276718315
1.22389456662
1.22015862975
1.21649856215
1.21295641617
1.20958082338
1.20642525766
1.20354562484
1.20099741034
1.19883268091
1.19709725248
1.19582830208
1.19505262877
1.19478567274
1.19503130264
1.19578229569
1.19702137651
1.19872265049
1.20085326355
1.20337513623
1.20624664835
1.20942418309
1.2128634724
1.21652071397
1.22035345334
1.22432124119
1.22838608733
1.23251273887
1.23666881293
1.24082481369
1.24495406168
1.24903255994
1.25303881823
1.25695365222
1.26075997164
1.26444256746
1.2679879058
1.27138393379
1.27461990063
1.27768619585
1.28057420551
1.2832761865
1.2857851584
1.28809481238
1.29019943614
1.29209385426
1.29377338308
1.29523379959
1.29647132376
1.29748261411
1.26925794224
1.26986624951
1.27023577572
1.27036594613
1.27025676869
1.26990890842
1.26932377175
1.26850359856
1.2674515582
1.2661718445
1.26466976301
1.26295180155
1.26102567318
1.25890031841
1.25658585179
1.25409343738
1.25143507846
1.24862331035
1.24567079224
1.24258980484
1.2393916765
1.23608618062
1.2326809694
1.22918113174
1.22558898056
1.22190418198
1.21812432904
1.21424603095
1.21026653274
1.20618580211
1.20200892824
1.19774858721
1.19342725785
1.18907884173
1.18474936587
1.18049653235
1.1763880186
1.17249860326
1.16890636642
1.1656883539
1.16291617489
1.16065200175
1.15894536203
1.15783098266
1.15732779004
1.15743901909
1.15815326603
1.15944624903
1.16128301693
1.16362035993
1.16640921514
1.16959691141
1.17312915039
1.17695166837
1.1810115617
1.18525828639
1.18964436117
1.19412581326
1.19866241064
1.20321772399
1.20775905873
1.21225729265
1.21668664956
1.22102443358
1.22525074382
1.22934818452
1.23330158158
1.23709771335
1.24072506072
1.24417357957
1.24743449694
1.25050013135
1.25336373674
1.25601936911
1.25846177463
1.26068629806
1.26268881
1.26446565199
1.26601359844
1.26732983441
1.26841194878
1.24024293749
1.2409427961
1.24140016402
1.24161538437
1.24158934905
1.2413235753
1.24082029094
1.24008252505
1.23911419896
1.23792021092
1.23650650537
1.23488011534
1.23304916354
1.2310228054
1.22881109524
1.22642475636
1.22387483796
1.22117224733
1.21832715645
1.21534829861
1.21224219368
1.20901236928
1.2056586767
1.20217683146
1.19855833035
1.19479090262
1.19085963313
1.18674884164
1.18244471447
1.17793856457
1.17323046074
1.16833283731
1.1632736029
1.15809823933
1.15287043996
1.14767098584
1.14259478164
1.13774623666
1.13323342895
1.12916168437
1.12562729365
1.12271205086
1.120479141
1.11897068099
1.11820697521
1.11818732374
1.11889206513
1.1202854615
1.12231903111
1.1249349815
1.12806947455
1.13165554091
1.13562554123
1.13991313692
1.14445478126
1.14919077297
1.15406593129
1.15902995862
1.16403755574
1.16904834955
1.17402668575
1.17894133004
1.18376511348
1.18847454956
1.19304944402
1.19747251258
1.20172901724
1.20580642803
1.20969411428
1.21338306731
1.21686565497
1.22013540728
1.2231868319
1.22601525765
1.2286167041
1.2309877755
1.23312557702
1.23502765182
1.23669193748
1.2381167406
1.23930072855
1.21126146395
1.21209315449
1.21268042605
1.21302463706
1.21312765087
1.21299191293
1.21262053452
1.21201737838
1.21118713941
1.21013541169
1.20886872977
1.20739456923
1.20572128783
1.2038579857
1.20181426071
1.19959983537
1.19722403509
1.19469510653
1.19201938044
1.18920030739
1.18623742808
1.18312537983
1.17985308585
1.17640331447
1.1727528241
1.16887331153
1.16473334471
1.16030137625
1.15554979714
1.15045981242
1.1450267225
1.13926501462
1.13321254994
1.12693311684
1.12051673614
1.11407735041
1.10774787794
1.10167300328
1.09600043689
1.09087163374
1.08641305827
1.08272896928
1.07989640777
1.07796270724
1.07694547846
1.07683470064
1.07759635375
1.07917697081
1.08150853253
1.0845132365
1.08810781155
1.09220718457
1.09672742099
1.10158794555
1.10671310496
1.11203316455
1.11748484194
1.12301147917
1.12856294543
1.13409534923
1.13957062503
1.14495604538
1.15022369781
1.15534995514
1.1603149597
1.16510213511
1.16969773419
1.17409042766
1.17827093562
1.18223170169
1.18596660835
1.18947073139
1.1927401307
1.19577167458
1.19856289476
1.20111186943
1.20341713184
1.20547760229
1.20729254171
1.20886152508
1.21018443357
1.18238045227
1.18339062458
1.1841563307
1.18468001612
1.18496457591
1.18501343081
1.18483060662
1.18442081024
1.18378949388
1.18294289544
1.1818880395
1.18063267936
1.17918515588
1.17755414551
1.17574826718
1.17377551897
1.17164252081
1.16935355289
1.1669094023
1.16430606466
1.16153339439
1.15857385351
1.15540157024
1.15198197352
1.14827230431
1.14422329991
1.13978228591
1.13489777864
1.1295254959
1.12363541348
1.11721922301
1.11029730128
1.10292415531
1.09519132123
1.08722690142
1.07919131693
1.07126937741
1.06365933855
1.05656011631
1.05015816318
1.04461561275
1.04006105512
1.03658378364
1.03423178433
1.0330132063
1.03290059714
1.03383695458
1.0357426502
1.03852241302
1.04207176997
1.04628257105
1.05104743008
1.05626306753
1.06183264365
1.06766722642
1.07368655976
1.0798192941
1.08600282521
1.09218286405
1.09831283621
1.10435318665
1.11027064592
1.1160374975
1.12163087328
1.12703209414
1.13222606556
1.13720073257
1.14194659511
1.1464562822
1.1507241818
1.15474612248
1.15851910255
1.16204106236
1.16531069535
1.16832729409
1.17109062763
1.17360084712
1.17585841678
1.1778640681
1.17961877517
1.1811237494
1.15369458645
1.15493590724
1.15593458527
1.15669419475
1.15721869146
1.15751248583
1.15758051431
1.15742830087
1.15706199693
1.15648838447
1.15571482192
1.15474910732
1.15359922783
1.15227295973
1.150777281
1.14911755997
1.14729649268
1.14531278053
1.14315957216
1.14082274224
1.13827914444
1.13549505438
1.13242510121
1.12901205972
1.12518791664
1.12087660898
1.11599873368
1.1104783286
1.10425152463
1.09727649354
1.08954372234
1.08108531513
1.07198185227
1.06236540529
1.05241765353
1.04236265114
1.03245456235
1.02296148316
1.01414713911
1.00625268321
0.999480944745
0.993985024438
0.989862197098
0.987153226809
0.985846468264
0.98588547681
0.987178594076
0.989609129107
0.993045034182
0.997347339099
1.00237697249
1.00799988906
1.01409061843
1.02053446147
1.02722860272
1.03408240447
1.04101711907
1.04796521567
1.05486947524
1.06168196891
1.06836300163
1.07488007685
1.08120691775
1.08732256551
1.09321056482
1.09885823944
1.10425605578
1.10939707006
1.11427645237
1.11889108085
1.12323919864
1.12732012671
1.13113402621
1.13468170445
1.13796445925
1.14098395735
1.14374214273
1.14624117179
1.14848337245
1.15047122485
1.15220736172
1.12532832685
1.12685874844
1.12815008375
1.12920704418
1.13003464141
1.13063825485
1.131023691
1.13119722415
1.13116560317
1.13093600461
1.13051590588
1.12991284555
1.12913403095
1.12818574743
1.12707252113
1.12579599022
1.12435345262
1.12273608505
1.12092687359
1.11889836317
1.11661042241
1.11400832724
1.11102157865
1.10756396618
1.10353543805
1.09882630591
1.09332416009
1.086923578
1.07953827622
1.07111482672
1.06164651515
1.05118548507
1.03985112254
1.02783279853
1.0153856442
1.00281893052
0.990477714425
0.978719505147
0.967888577447
0.958291115441
0.950174639209
0.943714397659
0.939007674636
0.936075731865
0.934872212694
0.935295849977
0.937205052215
0.940432429742
0.944797818484
0.950118960204
0.956219559027
0.962934829652
0.970114881541
0.977626378841
0.985352918907
0.993194522921
1.00106656028
1.00889835347
1.01663164245
1.02421903136
1.03162249683
1.03881200472
1.04576425946
1.05246159414
1.05889100011
1.06504328831
1.07091237167
1.07649465619
1.08178852842
1.08679392726
1.09151198928
1.09594475748
1.10009494494
1.10396574574
1.10756068679
1.11088351501
1.11393811537
1.11672845595
1.11925855688
1.12153248047
1.12355434026
1.09743724068
1.09931882057
1.10096632989
1.10238559161
1.10358263404
1.10456374966
1.10533553777
1.10590491705
1.10627908891
1.10646542587
1.10647125152
1.10630346972
1.10596799231
1.10546890708
1.10480732538
1.10397985348
1.10297665049
1.10177907255
1.10035696531
1.09866575821
1.09664363499
1.09420919906
1.09126020184
1.08767402724
1.08331068383
1.07801899642
1.07164646293
1.06405282029
1.05512675224
1.04480443573
1.03308788641
1.02006050426
1.00589702708
0.990865416988
0.97531906745
0.959679009319
0.944407285728
0.929974095205
0.916822375316
0.905334201495
0.895804164021
0.888423782839
0.883277480147
0.880349032989
0.879536650894
0.880673188205
0.883547639682
0.887925330109
0.893564952722
0.900231584016
0.907705659131
0.915788401121
0.92430442429
0.933102264671
0.942053509661
0.951051069486
0.960006997368
0.968850144426
0.977523837701
0.985983695937
0.994195645061
1.00213415944
1.00978073198
1.01712256224
1.02415144424
1.03086283231
1.03725506273
1.04332870978
1.0490860567
1.05453066406
1.0596670206
1.06450026326
1.06903595586
1.07327991686
1.07723808893
1.08091644376
1.08432091731
1.08745737101
1.09033157569
1.09294921526
1.09531590763
1.07020844331
1.0725056704
1.07457489351
1.07642298869
1.07805692904
1.07948383129
1.08071097619
1.08174578476
1.08259572634
1.08326812552
1.08376982536
1.08410665339
1.08428262547
1.08429881428
1.08415180582
1.08383167513
1.08331943748
1.08258398174
1.08157857658
1.08023716244
1.07847080502
1.07616487696
1.07317773279
1.06934180318
1.06446810218
1.05835504392
1.05080213893
1.04162854508
1.0306956004
1.01793145839
1.0033549633
0.98709519491
0.96940294429
0.950650941116
0.931320949773
0.91197765718
0.893231219198
0.875692097408
0.859923008889
0.846393607907
0.83544581326
0.827276940189
0.821939433402
0.819354356886
0.819336400874
0.821625053465
0.825915495049
0.831886059135
0.83921989057
0.847620057616
0.856818700543
0.866581388912
0.87670799423
0.887031262872
0.897414036851
0.907745815718
0.917939130314
0.927926024319
0.93765481208
0.947087193673
0.956195751472
0.964961818147
0.973373687032
0.981425126987
0.989114161435
0.996442072495
1.00341259445
1.0100312649
1.01630490645
1.02224121577
1.02784844087
1.03313513083
1.03810994481
1.04278151001
1.04715832
1.05124866661
1.05506059992
1.05860191203
1.06188014097
1.0649025919
1.06767637297
1.04385996889
1.04663758845
1.04919379229
1.05153642212
1.05367329563
1.05561223681
1.0573610676
1.05892753886
1.06031916979
1.06154295479
1.06260488396
1.06350920956
1.06425737694
1.06484652764
1.06526747882
1.06550209413
1.06551999465
1.06527462574
1.06469880645
1.0637000505
1.06215616176
1.05991185939
1.05677744577
1.05253073742
1.04692355605
1.0396939289
1.03058468799
1.01936833665
1.00587689509
0.990034082316
0.97188589736
0.951624784873
0.929602474899
0.906327518034
0.882445452521
0.858702001927
0.835892072169
0.81479927315
0.796131725921
0.780460516263
0.768172663512
0.759454884933
0.754300845004
0.752534591414
0.753849603255
0.757856372157
0.764125966793
0.772226788352
0.781751237782
0.79233205191
0.80365016118
0.815436412158
0.827469327108
0.839570630035
0.851599770225
0.863448244958
0.87503419843
0.886297547475
0.897195736714
0.907700135222
0.91779303587
0.92746519348
0.936713828934
0.945541026925
0.953952460577
0.961956384016
0.969562842478
0.976783057774
0.983628954337
0.990112797586
0.996246921863
1.00204352972
1.0075145482
1.01267153059
1.0175255949
1.02208739194
1.02636709752
1.0303744246
1.03411865191
1.03760866608
1.04085301489
1.01863892552
1.02195929921
1.02506474344
1.02796395543
1.0306654756
1.03317769679
1.03550882048
1.0376667323
1.03965875875
1.04149125374
1.043168948
1.04469397665
1.04606448329
1.04727268525
1.04830228097
1.04912509477
1.04969689871
1.04995243833
1.04979983384
1.0491147394
1.04773492137
1.0454562439
1.04203138306
1.037172854
1.03056202249
1.02186555793
1.01076015402
0.996965232079
0.98028179292
0.960633787231
0.938106694742
0.912976932518
0.885725764516
0.85703288349
0.827747655511
0.798839334048
0.771330156886
0.746216859057
0.724386258167
0.706530950651
0.693077789752
0.684178375361
0.679731891136
0.679420117122
0.682764069627
0.689198754933
0.698133461865
0.709000505781
0.721286680191
0.734548673338
0.748416970827
0.762592514615
0.776839454699
0.790976299948
0.804866892485
0.818411994695
0.831541862231
0.844209921994
0.856387529487
0.868059706167
0.879221726964
0.889876422885
0.900032071812
0.909700765094
0.918897154163
0.927637497613
0.935938943996
0.943818998391
0.951295131556
0.958384499279
0.965103746734
0.971468878274
0.97749517764
0.983197167067
0.9885885965
0.993682456273
0.998491008174
1.00302583101
1.00729787764
1.01131754083
1.01509472563
0.994818347297
0.998738433554
1.00244929463
1.00596035841
1.00928075255
1.01241928762
1.01538437047
1.01818381393
1.02082449585
1.02331180431
1.02564878597
1.02783489334
1.02986420475
1.0317229746
1.03338636671
1.0348142425
1.03594593228
1.03669402994
1.03693743585
1.03651414402
1.03521462538
1.03277707829
1.02888624202
1.02317779997
1.01525049755
1.00468780161
0.99109008295
0.974116831382
0.953536373897
0.929278223021
0.901481027002
0.870527806443
0.837060462082
0.801967896523
0.766346293609
0.731434671463
0.698531290469
0.668896194283
0.643641200175
0.623618935907
0.609284792198
0.600716951878
0.597676135631
0.599645584021
0.605899735794
0.615636386312
0.628055761213
0.642425278462
0.658113838062
0.674601583488
0.691475239406
0.708416161142
0.725185696501
0.741610525978
0.757569317181
0.772981232975
0.78779639266
0.801988160147
0.815547033509
0.828475881409
0.84078628033
0.852495732737
0.863625578784
0.87419944706
0.884242119851
0.893778714343
0.902834102797
0.911432512225
0.91959725808
0.927350577411
0.934713535423
0.941705985943
0.948346571274
0.954652750712
0.960640849842
0.966326124864
0.971722837742
0.976844339043
0.981703156054
0.986311084089
0.990679278847
0.972692728934
0.977260818827
0.981623916538
0.985792049901
0.989774793777
0.993581221832
0.997219769697
1.00069796832
1.00402199047
1.00719593314
1.01022073504
1.01309260116
1.01580078035
1.0183245213
1.02062902659
1.02266024857
1.02433844138
1.02555052407
1.02614154237
1.02590585757
1.02457914008
1.02183277401
1.01727281287
1.01044603871
1.00085578868
0.987989811886
0.971361315245
0.95056244696
0.925326834168
0.895594780325
0.861571988291
0.823771123998
0.78302619414
0.740473337314
0.697498036398
0.655655599305
0.616574179179
0.581843843504
0.552863628264
0.530744427458
0.515936410784
0.50837416157
0.507636824731
0.512953204714
0.523224102551
0.537328704318
0.554198063714
0.572905563164
0.592697161039
0.612985493242
0.633329191965
0.653407674866
0.6729965628
0.691945996374
0.710162531411
0.727594544122
0.744220760678
0.760041421195
0.775071587402
0.789336150476
0.802866160871
0.815696169799
0.827862334546
0.839401093835
0.850348264181
0.860738444035
0.870604640741
0.879978057106
0.888887990963
0.897361813654
0.905425002706
0.913101210951
0.920412359438
0.927378745267
0.93401915818
0.940351001689
0.946390415871
0.952152399826
0.957650932283
0.962899088921
0.967909154725
0.95257231184
0.957824700106
0.962874210741
0.967731343693
0.972405985281
0.976907323475
0.981243653738
0.985422026057
0.9894476646
0.99332306723
0.997046663043
1.00061087365
1.00399939171
1.00718346496
1.01011696749
1.01273006855
1.0149213963
1.01654876733
1.01741883933
1.01727646718
1.01579509924
1.01257020695
1.00711840215
0.998885404392
0.987266146101
0.971639783489
0.951420971374
0.926126338749
0.89545177311
0.859352319669
0.81811304434
0.772397288695
0.723259806066
0.672117642776
0.620681549133
0.570862015104
0.52467051886
0.484132022906
0.450971971373
0.426877713006
0.412155757056
0.406435667923
0.409115447178
0.419183262812
0.434862858399
0.45463344432
0.477076948406
0.50105081838
0.525689919522
0.550364690359
0.574634042687
0.598202090343
0.620881783967
0.642565804534
0.663203929961
0.682785807422
0.701328082057
0.718864946834
0.735441322838
0.751108025491
0.765918406154
0.779926073947
0.793183397726
0.805740564046
0.817645025887
0.828941221862
0.83967047922
0.849871038916
0.859578159159
0.868824267106
0.87763913785
0.886050086621
0.894082164914
0.901758354638
0.909099756651
0.916125771629
0.922854272194
0.929301765728
0.935483547524
0.94141384365
0.947105942369
0.934776275792
0.940734080604
0.946488449252
0.952050236556
0.957429516685
0.962635457302
0.967676061775
0.972557721038
0.977284493873
0.981857005453
0.986270819231
0.990514098259
0.994564333172
0.998383883443
1.00191406999
1.00506759132
1.00771913996
1.0096943052
1.01075719626
1.01059773336
1.00882023332
1.00493571605
0.99836116555
0.988429594184
0.974414901709
0.955574863417
0.931213827714
0.900763705582
0.863877725136
0.820526724882
0.771083433525
0.716377667505
0.657706633446
0.59679198414
0.535690388789
0.476681895727
0.422182826011
0.374916097045
0.336627478954
0.310818522035
0.29699886049
0.294065096104
0.301433729342
0.318283529167
0.34111130252
0.368139651359
0.397448767164
0.427691467231
0.457939530211
0.48757163467
0.516191230205
0.543563289034
0.569566641068
0.594158600732
0.617348999401
0.639181386731
0.659719660025
0.679038747868
0.697218271312
0.714338353541
0.730476952799
0.745708256393
0.760101800287
0.773722074613
0.786628446442
0.798875282702
0.810512193154
0.821584339464
0.832132774741
0.842194790592
0.851804257423
0.860991949626
0.869785851188
0.878211439838
0.886291949415
0.894048611139
0.901500874856
0.908666611447
0.915562297342
0.922203181495
0.928603434215
0.919625068169
0.926291431226
0.932750707819
0.939014006867
0.945091485076
0.950992176203
0.956723664611
0.962291535023
0.967698503535
0.972943100935
0.97801773833
0.982905938895
0.987578473252
0.991988099162
0.996062595204
0.999695817432
1.0027366311
1.00497581727
1.00613146852
1.00583400036
1.00361271791
0.998886835008
0.990964810028
0.979056595105
0.962303555207
0.939830002862
0.910818162856
0.874604763638
0.83079252218
0.779364152767
0.720781224111
0.656046682493
0.58671047266
0.514806957066
0.442736197095
0.373114511567
0.308548441132
0.253656976865
0.207541407238
0.181010585764
0.169512555751
0.17014771224
0.183173025747
0.210526488176
0.242422290344
0.278736176865
0.316348730277
0.353889685447
0.390482412905
0.425594723125
0.458934196647
0.490370312112
0.51987982355
0.547508225731
0.573342592836
0.597492760189
0.620078639062
0.641221959082
0.661041130413
0.679648249238
0.697147537987
0.713634719182
0.729196976369
0.743913267414
0.757854834357
0.771085808684
0.783663848033
0.79564076539
0.80706312825
0.817972815985
0.828407530439
0.838401258996
0.847984691833
0.857185596443
0.866029153082
0.874538254966
0.882733776777
0.890634814589
0.898258899599
0.905622187036
0.912739620265
0.907432165098
0.914790061768
0.921933878118
0.928874896546
0.935623273395
0.942187820813
0.948575608483
0.954791306939
0.96083616315
0.966706459635
0.972391260593
0.977869194665
0.983103969463
0.988038269323
0.992585673532
0.996620276454
0.999963832791
1.00237053885
1.00351004423
1.00295000563
1.00014044789
0.994403323309
0.984931794686
0.970804622392
0.951021205973
0.924561848442
0.890475273592
0.847991170932
0.79664982345
0.736434418733
0.667885478582
0.592171934592
0.511091123385
0.426978181375
0.342556359161
0.260810682485
0.182614570263
0.121753207386
0.057871934276
0.0355026815284
0.0293259537596
0.0332695331879
0.0500140311796
0.0979261364755
0.139053905513
0.18783032751
0.235139248349
0.280934142418
0.324521726187
0.365551989941
0.403903361474
0.439595272207
0.472734374577
0.503477249915
0.532004507008
0.55850360684
0.583158142041
0.606141646638
0.627614438618
0.647722405818
0.666596979719
0.684355792383
0.701103689872
0.716933897407
0.731929212691
0.746163156513
0.759701043236
0.772600954555
0.784914612319
0.796688153394
0.807962813322
0.818775527277
0.829159457324
0.839144454731
0.848757465472
0.858022886154
0.866962876639
0.87559763446
0.883945634951
0.892023839479
0.899847872418
0.898495599134
0.90650646493
0.91429284245
0.921866128668
0.929236421133
0.93641225152
0.943400114638
0.95020370428
0.956822731943
0.963251159462
0.969474621938
0.975466755318
0.981184080075
0.986559041169
0.991490786528
0.99583331461
0.99938078158
1.0018500861
1.00286140298
1.00191816023
0.998389051067
0.991495968053
0.980313049683
0.963783001634
0.940757020252
0.910063463014
0.870607430011
0.82149851446
0.762197567884
0.692666418188
0.61349825082
0.526000681679
0.432193892356
0.334668421358
0.236366368508
0.142590723697
0.0380339136731
0.00520664219038
0
0
0
0
0
0.00416689132947
0.0280662903571
0.0984806121986
0.155454617541
0.210291400731
0.26138229023
0.308649926727
0.352210993984
0.392273658437
0.429102055852
0.462984219667
0.494208745892
0.52305045895
0.549762846232
0.574574963864
0.597691063554
0.619291747949
0.639535890979
0.658562857876
0.67649475554
0.693438567729
0.709488105129
0.72472574483
0.739223958815
0.753046644191
0.76625027396
0.77888488908
0.790994952298
0.802620082758
0.813795688452
0.824553511435
0.834922098647
0.844927209196
0.854592167084
0.863938166558
0.872984535465
0.881748960064
0.890247672474
0.893089602533
0.9016929376
0.910058068878
0.918196470579
0.926118147897
0.933831323185
0.941341894032
0.948652564444
0.955761510793
0.96266039366
0.96933146512
0.975743450913
0.981845815327
0.987560957564
0.992773866086
0.997318809021
1.00096281556
1.00338606874
1.00415995059
1.00272440688
0.998367535117
0.990211759225
0.977212416685
0.958175656655
0.931802679373
0.896765915425
0.851819251142
0.795938784703
0.728483533782
0.649358629688
0.559159133922
0.459271954652
0.351903074155
0.239829070272
0.124018584965
0.016910971098
0
0
0
0
0
0
0
0
0
0.0112599718764
0.0778477405907
0.14354733883
0.20245746976
0.256132614124
0.30500019326
0.349469894515
0.38998256385
0.426975031041
0.4608562953
0.491996436403
0.520723386063
0.547324025764
0.572047425402
0.595108941262
0.61669445993
0.636964419704
0.656057442908
0.674093525362
0.691176789025
0.70739783248
0.722835725347
0.737559694775
0.751630549528
0.765101882495
0.778021087174
0.790430218411
0.802366722952
0.813864061087
0.824952237024
0.835658252461
0.846006495031
0.856019070805
0.865716087701
0.875115894186
0.884235275023
0.891456703568
0.900570754222
0.909429839611
0.918045494264
0.926427621602
0.934584135721
0.942520353191
0.950238026563
0.957733867716
0.964997353351
0.972007536785
0.97872851229
0.985103098141
0.99104423775
0.996423591258
1.00105684388
1.00468544897
1.00695492365
1.00739049758
1.00537193649
1.00011072725
0.990634420508
0.975784529704
0.954235531155
0.924542566898
0.885223700676
0.834878450298
0.772337777505
0.696832704611
0.608161539022
0.506833593068
0.394184235427
0.272586744346
0.146852540431
0.0172418130203
0
0
0
0
0
0
0
0
0
0
0
0.0102233265403
0.0837081721949
0.14916491107
0.209219878557
0.263404959003
0.312243002066
0.35636996501
0.396389496455
0.432841906928
0.466198342709
0.496863807885
0.525183757052
0.55145178447
0.57591718406
0.598791825478
0.620256151685
0.640464285798
0.659548318618
0.677621879538
0.694783098318
0.711117057841
0.726697825772
0.741590139826
0.755850808866
0.769529881081
0.782671621101
0.7953153301
0.807496036531
0.819245079773
0.830590604686
0.841557981323
0.852170160884
0.862447976137
0.872410391593
0.882074705693
0.893800578723
0.903324119568
0.912573267755
0.92155962022
0.930292992185
0.938781019515
0.947028491849
0.955036299719
0.962799831688
0.97030659701
0.977532775152
0.984438308505
0.990960066764
0.997002537343
1.00242546448
1.00702791489
1.01052845175
1.01254152819
1.01255094767
1.00988234252
1.0036780978
0.992879885109
0.976225685741
0.952269370012
0.919430836571
0.87608257016
0.820673559966
0.751883722961
0.668792302933
0.57103427131
0.458907557116
0.333335874109
0.195152013359
0.0402193512096
0
0
0
0
0
0
0
0
0
0
0
0
0
0.0216087952526
0.101529302523
0.168993865581
0.228530346583
0.281619201274
0.32921861738
0.372124475836
0.411016184337
0.446468465421
0.478963484509
0.50890418803
0.536627132165
0.562413878987
0.586500693154
0.609086598977
0.630339988285
0.65040400345
0.66940091047
0.687435650839
0.704598730736
0.720968577321
0.736613466915
0.751593108915
0.765959952272
0.779760267731
0.793035048123
0.805820760379
0.818149976025
0.830051901397
0.841552824262
0.85267648971
0.863444414771
0.873876147928
0.883989476238
0.900279911583
0.910095070195
0.919614195674
0.928848967506
0.937809148152
0.946502152871
0.954932334587
0.96309985997
0.970999002765
0.978615615842
0.985923464304
0.992879010881
0.999414150357
1.00542630929
1.01076529118
1.01521630284
1.01847881091
1.02014133024
1.01965302454
1.01629417025
1.00914909865
0.997087068037
0.978758314642
0.952613728124
0.916956386997
0.870030612677
0.810148397852
0.735843740055
0.646033813822
0.540158346164
0.418293660029
0.281434790903
0.133221110567
0.00569818911484
0
0
0
0
0
0
0
0
0
0
0
0
0
0.0028643713992
0.0665353327626
0.137484334873
0.201559044545
0.25857307318
0.309407509104
0.354994763273
0.396145167216
0.433533660336
0.467716229765
0.499150009332
0.528211518566
0.555212005423
0.580409970582
0.604021245897
0.62622705026
0.647180414001
0.667011304806
0.685830727159
0.703734012396
0.720803470475
0.737110537371
0.752717522647
0.767679038801
0.782043176163
0.795852473308
0.809144722207
0.821953638961
0.834309424344
0.846239233043
0.857767566072
0.868916596964
0.879706438706
0.890155354556
0.911003446962
0.920979433098
0.930636010453
0.939984979039
0.949036105074
0.957796666847
0.966270704144
0.974457842253
0.98235150913
0.989936296805
0.997184135112
1.00404885016
1.01045858039
1.01630543743
1.02143175944
1.02561235976
1.02853239313
1.02976093051
1.02872114278
1.02465921057
1.0166157039
1.00340507973
0.983610792367
0.955604697842
0.917599079158
0.86773665092
0.804217226588
0.725448360722
0.630189625871
0.517629488646
0.387257052516
0.238112666825
0.0657547012626
0
0
0
0
0
0
0
0
0
0
0
0
0
0
0
0.0317219719419
0.113547380098
0.183118522602
0.243912222702
0.297693957776
0.345693647441
0.388870721997
0.427995408504
0.463690478034
0.49646130729
0.526719710762
0.554802998035
0.58098909394
0.605508453892
0.6285534252
0.650285603013
0.670841624615
0.690337751529
0.708873510602
0.7265346029
0.743395240724
0.759520035884
0.774965533991
0.789781467942
0.804011787317
0.817695507832
0.830867415248
0.843558650616
0.855797197675
0.867608288305
0.87901473766
0.890037216669
0.900694465499
0.926026363303
0.936023893599
0.945677364887
0.954998753929
0.963997907764
0.972682075458
0.981055136833
0.989116396159
0.996858754959
1.00426600877
1.01130892732
1.01793967922
1.0240840591
1.02963088687
1.03441790589
1.03821356214
1.04069426822
1.04141723374
1.03978976937
1.03503721453
1.02617329857
1.01197868448
0.990995311305
0.961545318076
0.921782881757
0.869784131341
0.803673362413
0.721772466712
0.622745063258
0.505688631636
0.37011067951
0.215733112581
0.0422927875167
0
0
0
0
0
0
0
0
0
0
0
0
0
0
0
0.0201218565728
0.102512031666
0.174907959264
0.238512127173
0.294717497075
0.344762117174
0.389675658807
0.430294925493
0.467294905585
0.50121994285
0.53251059084
0.561525398788
0.58855811279
0.61385109851
0.637605777102
0.659990745755
0.681148118216
0.701198499674
0.720244912364
0.738375912025
0.755668077314
0.772188010558
0.787993955387
0.8031371121
0.817662713023
0.831610906018
0.845017483501
0.857914486007
0.870330702734
0.882292086166
0.893822093278
0.904941961625
0.915670924347
0.945348023473
0.955224177384
0.964730760205
0.973880000537
0.982681923108
0.991143877101
0.999269760176
1.00705880541
1.0145037442
1.02158808819
1.02828218744
1.03453762234
1.04027938307
1.04539520027
1.0497213473
1.05302428813
1.05497776705
1.05513541487
1.05289977448
1.04748989546
1.03791131147
1.02293415488
1.00108702351
0.970675354924
0.929832559936
0.876608917373
0.809096268789
0.725575652194
0.624661936822
0.505410900631
0.367369847684
0.210654411972
0.0364957922096
0
0
0
0
0
0
0
0
0
0
0
0
0
0
0
0.0176903540343
0.102003851957
0.176853516308
0.242718916518
0.300857675158
0.352539837585
0.398853810885
0.440687319373
0.478753849209
0.51362588013
0.545764482564
0.575543300485
0.603267330325
0.629187445333
0.653511599247
0.676413485812
0.698039261393
0.71851279345
0.73793978371
0.756411028293
0.774005012091
0.790789986401
0.806825642895
0.82216447014
0.836852858882
0.850932007099
0.864438664309
0.877405745779
0.889862840227
0.901836629026
0.913351230088
0.924428475231
0.935088125434
0.968911107653
0.978524315962
0.987741930243
0.996576524768
1.00503841702
1.01313520361
1.02087099604
1.0282452251
1.03525082923
1.04187157286
1.04807815577
1.05382267609
1.0590309069
1.06359175692
1.0673432433
1.07005435681
1.07140241906
1.07094600326
1.06809430688
1.06207509385
1.05190496404
1.03636761838
1.01400761563
0.983148228937
0.94194148335
0.888455174716
0.820794560784
0.737244818252
0.636404418277
0.517260438718
0.379138167808
0.221466730575
0.0435522560893
0
0
0
0
0
0
0
0
0
0
0
0
0
0
0
0.022064350609
0.111424827929
0.18906506458
0.256776283502
0.316325547559
0.369177663731
0.416503336196
0.459230669218
0.498096086511
0.53368666526
0.566473520142
0.596837579634
0.625089324638
0.651483880479
0.676232582498
0.699511878848
0.721470222471
0.742233440032
0.761908941739
0.780589043955
0.798353608476
0.81527215207
0.831405542689
0.846807371084
0.861525065861
0.875600804429
0.88907226041
0.901973218959
0.914334084273
0.926182297767
0.937542680501
0.948437708988
0.958887729073
0.996602083169
1.00581694027
1.01460996364
1.02299418406
1.03098034177
1.03857644079
1.04578701251
1.05261196128
1.05904481265
1.06507011791
1.07065968592
1.07576721804
1.08032082215
1.08421279613
1.08728602919
1.08931642211
1.08999093997
1.08888136948
1.08541464552
1.07884180261
1.0682091967
1.05233749378
1.02981569673
0.999018569732
0.958155333294
0.905354350987
0.838781583075
0.756778775657
0.657988894464
0.541403765495
0.406186870573
0.250826877489
0.06984259319
0
0
0
0
0
0
0
0
0
0
0
0
0
0
0
0.0379053958825
0.133034170276
0.212441488805
0.281015069873
0.341208218731
0.394643718952
0.442525914602
0.485786050259
0.525156857943
0.56122109649
0.594446415532
0.625211300934
0.653824654175
0.680540682176
0.705570292403
0.729089867515
0.751248064767
0.772171118378
0.79196700069
0.810728708091
0.828536871524
0.845461842552
0.861565369746
0.876901953112
0.891519943995
0.90546244258
0.918768033344
0.931471389832
0.943603772972
0.9551934414
0.966265987418
0.976844607786
0.986950314156
1.02825292447
1.03694453067
1.04518810653
1.05299726288
1.06038330206
1.06735480077
1.07391691648
1.08007029615
1.08580941623
1.09112011926
1.0959760336
1.10033347255
1.10412431439
1.10724628394
1.10955001779
1.11082234613
1.11076542886
1.10897182164
1.10489630298
1.09782642929
1.08685529809
1.07086176643
1.04850507413
1.01824189608
0.978373480613
0.927127754253
0.862775211689
0.783767747804
0.688877588945
0.577305731644
0.448756560127
0.303688526248
0.145122825937
0.00623092200435
0
0
0
0
0
0
0
0
0
0
0
0
0
0.00364373178562
0.0841237707173
0.170878108176
0.247854609042
0.315523351928
0.375351940425
0.428686962984
0.476621611298
0.520025751451
0.559592318474
0.595876680995
0.629327243639
0.660308865561
0.689120777897
0.716010341002
0.74118365654
0.764813795055
0.787047208533
0.808008755176
0.827805657917
0.846530639592
0.864264419096
0.881077709034
0.89703282257
0.912184972317
0.926583325394
0.94027186439
0.953290092948
0.965673616128
0.977454618885
0.988662260512
0.999322998243
1.00946084892
1.0190975935
1.06364395994
1.07170153929
1.07928519707
1.08640925295
1.09308571177
1.0993238838
1.10512974728
1.11050493935
1.11544521567
1.11993815867
1.12395984169
1.12747007139
1.13040574365
1.13267177276
1.13412901975
1.13457869492
1.1337429033
1.13124141364
1.12656543982
1.11905028674
1.10785012957
1.09191985321
1.07001049019
1.04068585439
1.00236775351
0.953414846925
0.892235114792
0.817423916526
0.727909739374
0.623079926051
0.502845927504
0.36754033865
0.217041284015
0.0452384129407
0
0
0
0
0
0
0
0
0
0
0
0
0
0.0286448069002
0.132952355483
0.218982033556
0.293686216526
0.359579167364
0.418221792169
0.470808920745
0.51829632852
0.561454547286
0.600906878094
0.637159643362
0.670626342064
0.701646761492
0.730502009035
0.757426307412
0.782616251096
0.806238082006
0.828433422812
0.849323809006
0.869014284081
0.887596262411
0.905149818186
0.921745523131
0.937445928398
0.952306764845
0.966377919668
0.979704234691
0.992326161774
1.00428030308
1.01559985773
1.02631499136
1.03645314074
1.04603926177
1.05509602517
1.10250768896
1.10983728848
1.1166676895
1.12301404406
1.12888918997
1.13430331596
1.13926339111
1.14377225392
1.14782721373
1.15141796269
1.15452352903
1.15710792561
1.15911406783
1.16045546725
1.16100517765
1.16058151767
1.15893027448
1.15570347375
1.15043545343
1.14251795644
1.13117725988
1.11545788666
1.09421894581
1.06615017557
1.02981469583
0.983723612211
0.926443417784
0.856730620826
0.77368022143
0.676868035768
0.566466326979
0.443334899223
0.309248079649
0.16854134004
0.0200163859692
0
0
0
0
0
0
0
0
0
0
0
0.0138736650015
0.113099321218
0.200098678842
0.278925920241
0.349355152179
0.412392163318
0.469079057356
0.520326851556
0.566903580051
0.609448813605
0.648492774334
0.684474852276
0.717759955555
0.748652326827
0.777406936586
0.804238745401
0.829330171874
0.852837086787
0.874893614258
0.89561597567
0.915105569542
0.933451443338
0.95073228199
0.96701801244
0.982371102926
0.996847619332
1.01049808782
1.02336820266
1.03549940981
1.04692939047
1.05769246319
1.06781991902
1.0773403003
1.08627963012
1.09466159622
1.14453338226
1.1510595342
1.15706222501
1.16255754401
1.16755926937
1.17207858388
1.17612357956
1.17969845636
1.18280228192
1.18542713006
1.18755535527
1.18915569146
1.19017779183
1.19054476736
1.19014325559
1.18881059711
1.18631886187
1.18235581311
1.17650348699
1.16821594768
1.15679895327
1.1413956499
1.12098378068
1.09439087009
1.06033388791
1.01748841846
0.964588910553
0.900556170249
0.82464168806
0.736572489966
0.63667766832
0.525980391199
0.406231665862
0.27967007591
0.146379431994
0.0202464814068
0
0
0
0
0
0
0
0
0
0.0153408860877
0.106232332843
0.195692692308
0.275477083819
0.347784203237
0.413347350163
0.472857743008
0.527004423969
0.576427644774
0.621696629413
0.663305304535
0.701676721366
0.737170972607
0.770093988465
0.800705967938
0.829228914903
0.855853115882
0.880742577735
0.904039524628
0.925868081997
0.946337277068
0.965543474951
0.983572354145
1.00050050914
1.01639675276
1.0313231775
1.04533602383
1.05848639395
1.07082084175
1.08238186331
1.09320830727
1.10333572003
1.11279663729
1.12162083026
1.12983551214
1.13746550725
1.18937225114
1.19503856577
1.20015869799
1.20474974573
1.20882649759
1.21240120313
1.21548315805
1.21807801987
1.22018673606
1.22180392277
1.22291547905
1.22349516071
1.22349977547
1.22286260932
1.22148467311
1.21922340065
1.21587857756
1.21117558863
1.20474659496
1.19611103283
1.1846578668
1.16963325415
1.15013850137
1.12514408846
1.09352564984
1.05412662634
1.00584944507
0.947772492308
0.879284341682
0.800220823632
0.710985868103
0.612633377558
0.506879072626
0.39599275217
0.282661418578
0.172513791091
0.0466380772239
0.0064925678303
0
0
0
0
0
0.00558226393682
0.0379635348173
0.134034270876
0.212375477167
0.288023710909
0.358596532362
0.423943127416
0.484240107543
0.539800664947
0.591002793742
0.638239157151
0.681886962439
0.722292913674
0.759767638622
0.794585454839
0.826986842914
0.857182070549
0.885355098321
0.911667315233
0.936260896263
0.959261711332
0.980781788158
1.00092136687
1.01977059838
1.03741094122
1.0539163079
1.06935400649
1.08378551593
1.09726712738
1.10985047814
1.12158299931
1.1325082942
1.14266646114
1.15209437075
1.16082590597
1.16889217005
1.17632166617
1.18314044963
1.2366429512
1.24141169418
1.24561374972
1.24926724684
1.25238800314
1.25498935182
1.2570818099
1.25867251409
1.25976432106
1.26035443107
1.26043234755
1.25997693267
1.25895226539
1.25730196389
1.25494161798
1.25174901514
1.24755197445
1.24211387244
1.23511740055
1.22614777215
1.21467749935
1.20005592404
1.18150775603
1.15814567005
1.12900215936
1.09308490751
1.04945756656
0.997343923934
0.936248324683
0.866079676944
0.78726142306
0.700806288103
0.608333337279
0.51201359364
0.414483808588
0.318807642379
0.225774400602
0.152178573578
0.073203653377
0.0455100206668
0.0380232159248
0.0436048151337
0.0662961707501
0.131029485735
0.187491009691
0.255062283967
0.321184891427
0.385630124553
0.447330784949
0.505739128275
0.5606497057
0.612059647831
0.660083098679
0.704895693503
0.74669926894
0.785700667562
0.822099943934
0.856084518979
0.887826903305
0.917484436179
0.945200070016
0.971103619733
0.995313146281
1.01793629854
1.03907153057
1.05880916433
1.07723229685
1.09441756518
1.11043578779
1.12535250268
1.13922842069
1.15211981046
1.16407882869
1.17515380684
1.18538950319
1.19482732712
1.20350554064
1.21145944117
1.21872152751
1.22532165029
1.23128714586
1.28593717705
1.28978796652
1.29305460248
1.29575620461
1.29790957417
1.29952907807
1.30062640011
1.30121009621
1.30128486489
1.30085041226
1.29989975082
1.29841672708
1.29637252726
1.29372087331
1.29039160822
1.28628240355
1.28124843484
1.27509010186
1.26753925995
1.25824500594
1.24676083016
1.23253585135
1.21491376487
1.19314382729
1.16640835561
1.13387047249
1.0947438724
1.04838309927
0.994388429428
0.932714559454
0.863767882118
0.788474473449
0.70830197891
0.625227564261
0.541666069337
0.460379495638
0.384302600441
0.319038771399
0.263732286187
0.232401040343
0.219813750447
0.222785847085
0.242143807677
0.280853181905
0.326120762357
0.377897624342
0.431945372175
0.486347953005
0.539845329704
0.591648208643
0.641297090068
0.688552787387
0.733319336403
0.775591055728
0.815416910854
0.852877148681
0.888068426844
0.921094643385
0.952061471665
0.981073230204
1.00823117883
1.03363265785
1.05737070721
1.0795339469
1.10020659146
1.1194685278
1.13739541934
1.15405881841
1.16952627972
1.18386147281
1.19712429367
1.20937097679
1.22065420856
1.23102324282
1.24052401891
1.249199282
1.25708870533
1.26422901341
1.27065410494
1.2763951735
1.28148082347
1.3368251126
1.33975293814
1.34208312996
1.34383568399
1.34502826641
1.34567615359
1.34579206391
1.34538582803
1.34446382284
1.34302806695
1.34107484291
1.33859267324
1.3355594401
1.3319384071
1.32767289171
1.32267936568
1.31683885658
1.3099867177
1.30190115947
1.2922914182
1.28078707803
1.26693081783
1.25017761923
1.22990405847
1.20543145379
1.17606604977
1.1411578292
1.10017683462
1.05280220873
0.999015029111
0.939182303138
0.874117464702
0.805104063151
0.733876197222
0.662562926502
0.593618892202
0.529784601895
0.474335309735
0.429557413422
0.400095024706
0.385648808715
0.385171473407
0.398267115567
0.424158981474
0.45840586445
0.498769618571
0.542717876822
0.588428650514
0.634608490876
0.680356963355
0.725063847355
0.768328007826
0.809896174642
0.849618314268
0.887415817894
0.923259212478
0.957152739865
0.989123758217
1.01921545436
1.04748179202
1.07398395556
1.09878779284
1.12196193129
1.14357635632
1.16370131691
1.18240647106
1.19976021425
1.21582915252
1.23067769311
1.24436773255
1.25695842651
1.26850602833
1.27906378553
1.28868188455
1.29740743577
1.30528449142
1.31235409032
1.31865432353
1.32422041624
1.32908482097
1.33327731724
1.38886053114
1.39087334362
1.39228005225
1.39310133402
1.39335552277
1.39305860249
1.39222411532
1.39086293971
1.38898287674
1.38658795998
1.38367737717
1.38024386076
1.37627137335
1.37173188891
1.36658106204
1.36075260251
1.35415125093
1.34664441153
1.33805276558
1.32814058453
1.31660698588
1.30307999346
1.28711589095
1.26820684403
1.24579990177
1.21933002898
1.18826855103
1.1521862065
1.11082701392
1.06418577021
1.01257895334
0.956697144698
0.897628059163
0.836844002848
0.776156229898
0.717647943191
0.663601067179
0.616424468561
0.578295629749
0.551460933375
0.536504452722
0.533196108374
0.541013683045
0.558863252553
0.58457751044
0.616262048869
0.65208727747
0.690533540903
0.730408058328
0.770801007342
0.811032063049
0.850600258024
0.889141962829
0.926397772294
0.962187243286
0.99638993349
1.0289312425
1.05977179746
1.08889940795
1.11632287271
1.14206712874
1.16616938946
1.18867602927
1.20964004727
1.22911899293
1.247173269
1.2638647478
1.27925565093
1.2934076514
1.30638116398
1.31823479434
1.32902492161
1.33880539244
1.34762730755
1.35553888428
1.36258538148
1.36880907439
1.37424926977
1.37894235237
1.38292185528
1.38621854739
1.44158539289
1.44270153656
1.44320915109
1.44312931686
1.44248075956
1.4412798933
1.43954079859
1.43727509896
1.43449168551
1.43119622069
1.42739033009
1.42307036598
1.41822560087
1.41283568902
1.40686722706
1.40026926461
1.39296768012
1.38485846547
1.37580017923
1.36560614556
1.35403739762
1.34079786081
1.32553377682
1.30783976529
1.28727403922
1.26338494114
1.23574997347
1.2040267702
1.16801307946
1.12771011201
1.08338114249
1.03559583487
0.985251274677
0.933563753188
0.882030716272
0.83236748278
0.786423299976
0.746073519927
0.713048906649
0.688805759998
0.674035058532
0.668819244953
0.672801482835
0.685154552707
0.704581859458
0.72970858733
0.759171166489
0.791740162272
0.826368184779
0.862191645883
0.898513331471
0.93477863676
0.970551836227
1.00549506148
1.03935064405
1.0719266043
1.10308478107
1.1327310741
1.16080735095
1.1872846725
1.21215758204
1.235439273
1.25715749827
1.27735111682
1.29606719305
1.31335857778
1.32928190857
1.34389597344
1.35726038773
1.36943453855
1.38047675625
1.39044367672
1.39938976277
1.40736695718
1.41442444353
1.42060849482
1.42596239277
1.43052640362
1.4343377984
1.43743090776
1.43983720263
1.49453386392
1.49477961795
1.49442142635
1.49348041687
1.49197535842
1.48992274921
1.48733685733
1.48422968451
1.48061081276
1.47648707874
1.47186200287
1.46673487996
1.46109941783
1.45494179351
1.44823799169
1.44095030485
1.43302292573
1.42437666395
1.41490298956
1.40445785642
1.39285609135
1.37986752665
1.36521645463
1.34858629895
1.32963150172
1.30799836651
1.2833558368
1.25543585638
1.22408110694
1.18929578703
1.15129312599
1.11053211525
1.06773610581
1.02388784741
0.980198969262
0.938055294564
0.898940329032
0.864338108829
0.835612056403
0.813866208384
0.799760449332
0.793517465304
0.794972404314
0.803594638041
0.818552363639
0.838869828855
0.863521889902
0.891518395713
0.921954666622
0.954033409422
0.98706947595
1.02048536168
1.05380240181
1.08663045511
1.11865744504
1.14963935549
1.1793909107
1.2077770122
1.23470494779
1.26011736786
1.28398601632
1.30630619482
1.32709193045
1.34637180682
1.36418541056
1.38058033871
1.39560970914
1.4093301154
1.4217999684
1.433078171
1.44322307516
1.45229167676
1.46033900809
1.46741769332
1.47357763699
1.47886582028
1.48332618388
1.48699957974
1.48992377711
1.49213351093
1.49366056253
1.54723577455
1.54664324067
1.54545915832
1.54370427853
1.54139700314
1.53855351248
1.53518785989
1.53131201032
1.52693579141
1.52206671368
1.51670960257
1.51086596865
1.50453302624
1.49770225738
1.49035741326
1.48247185692
1.47400518984
1.46489918384
1.45507317147
1.44441924251
1.43279785155
1.42003474655
1.40592044006
1.39021369481
1.37265058456
1.35296050541
1.33088994471
1.30623380704
1.27887268692
1.24881283912
1.21622405475
1.18146964195
1.14512267718
1.1079638993
1.07095889511
1.03521472194
1.00191773898
0.972255459138
0.947325018533
0.928030947987
0.914988765698
0.908498184085
0.908549749543
0.914844020638
0.926842105909
0.943846990686
0.965073724993
0.989712867014
1.01697795048
1.04613622938
1.07652636478
1.10756676961
1.13875762695
1.1696787872
1.19998505535
1.22939989924
1.25770830085
1.28474927076
1.31040840424
1.33461075015
1.357314177
1.37850335017
1.39818437714
1.41638013375
1.43312625231
1.44846773028
1.46245610491
1.47514713256
1.48659890939
1.49687037215
1.50602012165
1.51410551668
1.52118199237
1.52730256253
1.53251747172
1.5368739679
1.54041617144
1.54318502044
1.54521827608
1.54655057462
1.54721351519
1.59921963694
1.59782515671
1.59585989765
1.59334375775
1.59029431655
1.58672699577
1.5826551984
1.57809040903
1.57304223105
1.5675183277
1.56152422243
1.55506290157
1.54813414947
1.54073353535
1.53285096708
1.52446873542
1.51555900115
1.50608073731
1.49597623852
1.48516745741
1.47355262414
1.46100383777
1.44736655782
1.43246211895
1.41609446795
1.39806219411
1.3781765107
1.35628510187
1.33230069989
1.30623202774
1.27821356585
1.2485297969
1.21762946681
1.18612616072
1.15478302852
1.1244813112
1.09617383474
1.07082585065
1.04934619527
1.03251276378
1.02090635646
1.01487438361
1.01451744778
1.01969459514
1.03005278644
1.04507543458
1.06413471506
1.0865434765
1.111600232
1.13862415152
1.16697998715
1.19609408958
1.22546313021
1.2546571874
1.28331868956
1.31115847791
1.33795001844
1.36352257649
1.38775397435
1.41056338527
1.43190447708
1.45175910438
1.47013165915
1.48704412305
1.50253181698
1.51663981206
1.52941994678
1.54092838547
1.55122364973
1.56036505619
1.56841149785
1.57542051238
1.58144758709
1.58654565717
1.59076476006
1.59415181491
1.59675050128
1.59860121598
1.59974109094
1.60020405836
1.60002095218
1.65001543969
1.64785865388
1.64516046684
1.64193941624
1.63821178032
1.63399176402
1.62929167266
1.62412206037
1.61849183536
1.61240829702
1.60587707137
1.59890190136
1.59148423823
1.58362257188
1.57531143397
1.56654001332
1.55729034406
1.54753507111
1.53723487164
1.52633572189
1.51476634503
1.50243635115
1.48923576142
1.47503675867
1.45969857113
1.44307631277
1.42503431163
1.40546392443
1.38430507614
1.36156986832
1.33736573824
1.31191505104
1.28556789295
1.25880532512
1.23223134952
1.20655295412
1.18254840956
1.16102446842
1.14276364707
1.12846477719
1.11868627411
1.11380312163
1.11398008532
1.1191640898
1.12909973402
1.1433641023
1.16141162674
1.18262207959
1.20634510947
1.23193724178
1.25878985461
1.2863482924
1.31412319659
1.34169552429
1.36871677678
1.39490582871
1.42004353773
1.44396608087
1.46655774011
1.48774366095
1.50748294129
1.52576227424
1.54259026683
1.557992481
1.5720071918
1.58468182345
1.59607000413
1.6062291704
1.6152186496
1.62309815028
1.62992659617
1.63576124483
1.64065704009
1.64466615383
1.64783767979
1.65021744825
1.65184793571
1.65276824899
1.65301416672
1.6526182251
1.65160983753
1.69915751476
1.6962810965
1.69290111456
1.68903423379
1.68469495334
1.67989581006
1.67464757628
1.66895944281
1.66283917448
1.65629321992
1.64932675096
1.64194359877
1.63414604666
1.62593443155
1.61730650349
1.60825649531
1.59877386946
1.58884174071
1.57843502731
1.5675184642
1.55604471953
1.54395298546
1.53116854957
1.51760396742
1.5031625119
1.48774452466
1.47125709777
1.45362714389
1.43481738592
1.41484417598
1.39379546637
1.37184686533
1.34927367043
1.32645711982
1.3038836435
1.28213615242
1.26187586988
1.2438121218
1.22865766946
1.21707151596
1.20959887749
1.20661875789
1.2083065374
1.21461953006
1.22531105197
1.23996732563
1.25805580637
1.27897512584
1.30209981134
1.3268162892
1.35254927631
1.37877918375
1.40505189132
1.43098249419
1.45625458135
1.48061642328
1.503875209
1.52589022867
1.54656567298
1.56584352585
1.58369686695
1.6001237752
1.61514192953
1.62878393517
1.64109335736
1.65212141531
1.66192427228
1.67056085079
1.67809110086
1.68457465225
1.69006978761
1.6946326799
1.69831684503
1.70117276764
1.70324766467
1.70458535751
1.70522622871
1.70520724411
1.70456202495
1.70332095819
1.70151133559
1.74618781774
1.7426378274
1.73863000274
1.73417864734
1.72929603217
1.7239926076
1.71827721442
1.71215728826
1.70563904856
1.69872765935
1.69142734402
1.68374143016
1.67567229445
1.6672211716
1.65838778855
1.64916978625
1.6395619015
1.62955490321
1.61913431601
1.60827902175
1.59695990789
1.58513882569
1.5727682213
1.5597918891
1.54614734337
1.5317702791
1.51660146706
1.500596187
1.48373595974
1.46604194851
1.44758906376
1.4285196503
1.40905575807
1.38950933146
1.37028978291
1.35190745092
1.3349684286
1.32015193815
1.30816114316
1.29965029271
1.29514906225
1.29499825545
1.29930644806
1.30794094121
1.32056141346
1.33667799256
1.35571272335
1.37705255761
1.40008994988
1.42425139091
1.44901578898
1.47392485873
1.49858746028
1.52267951988
1.54594086707
1.56817006326
1.58921806927
1.6089814004
1.627395246
1.64442688555
1.66006961496
1.67433730418
1.68725963691
1.69887803363
1.7092422252
1.71840742371
1.7264320264
1.73337578457
1.73929837044
1.7442582789
1.74831200699
1.75151346065
1.75391354496
1.7555599008
1.75649675699
1.7567648724
1.75640154731
1.75544068757
1.75391290861
1.75184566937
1.74926342855
1.79065996113
1.78648669339
1.781908216
1.77693603788
1.7715798102
1.7658475376
1.75974579198
1.75327992569
1.74645427844
1.73927236949
1.73173706259
1.7238506867
1.7156150904
1.70703160331
1.69810087495
1.68882256168
1.67919483847
1.66921372729
1.65887226022
1.64815953623
1.63705978583
1.6255516255
1.61360775655
1.60119542824
1.58827802463
1.57481812777
1.56078233922
1.54614800091
1.53091176525
1.5150997782
1.49877915677
1.48207058646
1.46516230051
1.4483262358
1.43193693625
1.41649087011
1.40261581023
1.39104803867
1.38255367817
1.37780623559
1.37728498144
1.38120505686
1.38948036269
1.40174297683
1.41743691357
1.43592090092
1.45654361298
1.4786879884
1.50179357171
1.52536596654
1.54897935233
1.57227527513
1.59495929763
1.61679631354
1.63760500991
1.65725183829
1.67564479761
1.69272728516
1.70847222067
1.72287659488
1.73595654035
1.74774297602
1.75827783808
1.76761088087
1.77579701137
1.78289410819
1.78896126984
1.79405743522
1.79824032127
1.80156562611
1.80408645121
1.80585290176
1.80691182983
1.80730669054
1.80707748642
1.80626077953
1.80488975502
1.8029943232
1.80060125002
1.79773430857
1.79441444584
1.83214428707
1.82740341737
1.82231545538
1.81688876858
1.81113008202
1.80504467961
1.79863661066
1.7919089002
1.78486376007
1.77750279531
1.76982719763
1.76183791395
1.7535357744
1.74492155994
1.73599598747
1.72675958933
1.71721246791
1.70735391542
1.6971819067
1.68669250092
1.67587922634
1.66473257036
1.65323974922
1.64138498108
1.62915052018
1.61651871686
1.6034753399
1.59001433853
1.57614416194
1.56189576674
1.54733265476
1.53256386279
1.51776187193
1.50318858949
1.48923226099
1.47645214035
1.46560915154
1.45762916975
1.45343685108
1.45370550973
1.45874692571
1.46847260645
1.4823848847
1.49966223861
1.51940461172
1.54079583882
1.56315884011
1.58595191735
1.60874572818
1.63119975972
1.65304401313
1.67406599436
1.69410151575
1.71302782346
1.73075801043
1.74723611163
1.76243259037
1.77634011293
1.78896960478
1.80034662049
1.81050806383
1.8194992842
1.82737155891
1.83417995437
1.83998154668
1.84483397188
1.84879427142
1.85191799531
1.85425852602
1.85586658783
1.8567899091
1.85707300889
1.85675708267
1.85587996588
1.85447615758
1.85257688951
1.85021022902
1.84740120669
1.8441719616
1.84054189931
1.83652785894
1.87023415845
1.86498795252
1.85945650952
1.85364482455
1.84755650091
1.84119393296
1.83455849632
1.8276507453
1.82047061627
1.81301763385
1.80529111478
1.79729036125
1.78901483283
1.78046428254
1.7716388404
1.76253902661
1.75316567816
1.74351977829
1.73360218981
1.7234133119
1.71295270604
1.70221877022
1.69120857795
1.6799180356
1.66834254197
1.65647835155
1.64432484876
1.63188795112
1.61918492433
1.60625112093
1.59314974984
1.57998705208
1.56693748588
1.55428638705
1.54249832492
1.53230897843
1.52479779082
1.52131358155
1.5230742703
1.53057766666
1.54366164251
1.56160491644
1.58314761898
1.60668095649
1.63090241384
1.65496046239
1.67835607078
1.70081136605
1.72217308952
1.74235489801
1.76130668339
1.77899963867
1.79541955735
1.81056401487
1.82444112063
1.83706871279
1.84847351347
1.85869009531
1.86775966728
1.87572875012
1.88264782453
1.88857002571
1.89354993888
1.89764253102
1.90090223646
1.90338220053
1.90513367554
1.90620555722
1.90664404578
1.90649241468
1.90579086979
1.9045764827
1.90288318354
1.90074180028
1.89818013368
1.89522305866
1.89189264489
1.88820829099
1.88418686798
1.8798428691
1.87518856434
1.90455349158
1.89887182441
1.89296848957
1.88684501921
1.88050183038
1.87393838218
1.8671533421
1.86014476237
1.8529102661
1.84544724172
1.83775304282
1.82982518799
1.82166155311
1.81326054581
1.80462124968
1.79574352432
1.78662804769
1.77727629039
1.76769041855
1.75787313379
1.74782747639
1.73755664055
1.72706387713
1.71635258797
1.70542674299
1.69429177787
1.68295616494
1.67143392416
1.65974853351
1.64793918463
1.63607145783
1.62425687457
1.6126902468
1.60172050953
1.59197606404
1.58455214283
1.58118593674
1.58411777135
1.59507290391
1.61365147576
1.63853478297
1.66787284438
1.6991346455
1.72935818411
1.7571396373
1.78214136476
1.80449843491
1.82449129514
1.84240676017
1.85849140743
1.87294345092
1.88591845002
1.89753864533
1.90790201099
1.91708972811
1.92517184298
1.93221128175
1.93826652576
1.94339326524
1.94764531436
1.95107502002
1.95373334451
1.95566975568
1.95693201934
1.95756595843
1.95761521954
1.95712107129
1.95612224613
1.95465482997
1.95275219815
1.95044499367
1.947761142
1.94472589604
1.94136190533
1.93768930375
1.93372581099
1.92948684386
1.92498563435
1.92023335221
1.91523923067
1.91001069471
1.9347653645
1.92872630562
1.92252867873
1.91617061994
1.90964943989
1.90296174993
1.89610359917
1.88907062376
1.88185820877
1.87446166251
1.86687640147
1.85909814286
1.85112309936
1.84294816906
1.83457111113
1.82599069667
1.81720682335
1.80822058415
1.79903428437
1.78965140837
1.780076549
1.77031532792
1.76037435421
1.75026129063
1.73998512276
1.72955676017
1.71899015949
1.70830429442
1.69752662886
1.68669955195
1.6758931069
1.66523148773
1.65494924894
1.64550828154
1.63782589793
1.63366032258
1.636060505
1.64921582152
1.67583329861
1.71190011402
1.75381158522
1.79821973128
1.84070132588
1.87559025522
1.90315080098
1.92492329871
1.94233671838
1.95646702495
1.96808149979
1.9777210754
1.98576783925
1.99249358947
1.99809387236
2.00271178933
2.00645463036
2.00940543354
2.01163093669
2.01318696627
2.01412201757
2.01447957225
2.01429954771
2.01361916152
2.01247341206
2.0108953164
2.00891600283
2.00656472317
2.00386882793
2.00085373085
1.99754287876
1.99395773488
1.99011777915
1.98604052588
1.98174155743
1.97723457174
1.97253144121
1.96764228045
1.96257552087
1.95733799035
1.95193499686
1.94637041529
1.9406467773
1.960581332
1.95427109291
1.94786269889
1.9413511211
1.93473079208
1.9279956979
1.92113948302
1.91415556899
1.90703728793
1.89977803112
1.89237141189
1.88481144111
1.87709271167
1.86921058708
1.86116138722
1.85294256297
1.84455285054
1.83599239661
1.8272628472
1.81836739778
1.80931080902
1.80009940284
1.79074106729
1.78124531648
1.77162347641
1.76188910862
1.75205886691
1.74215417801
1.73220461733
1.72225503494
1.71238135176
1.70272668409
1.69358457623
1.68558734993
1.68011163142
1.68006480024
1.69107200883
1.72188885627
1.7779688277
1.84119769942
1.90598047778
1.96853327121
2.02192643951
2.05285853975
2.07120842592
2.08238413673
2.08919241551
2.09318346842
2.09528058714
2.09606301774
2.09590412351
2.09504737301
2.09365228368
2.09182376643
2.08963135038
2.08712188611
2.08432792967
2.08127323061
2.07797626912
2.07445248074
2.07071560348
2.06677844542
2.06265327719
2.05835198891
2.05388610638
2.04926672942
2.0445044338
2.03960916268
2.03459012304
2.02945569577
2.02421336322
2.01886965528
2.01343011321
2.00789926947
2.00228064151
1.99657673749
1.99078907178
1.98491818883
1.9789636941
1.97292429126
1.96679782537
1.981770888
1.97528299199
1.96875255445
1.96217177162
1.95553256778
1.94882665341
1.94204559741
1.93518091445
1.92822416853
1.92116709325
1.91400172863
1.90672057365
1.8993167522
1.89178418888
1.88411778985
1.87631362213
1.86836908392
1.86028305816
1.85205604215
1.84369024831
1.83518967552
1.82656015734
1.81780940325
1.80894706389
1.79998487562
1.79093698587
1.78182066484
1.77265786047
1.7634786876
1.75432955062
1.74529267128
1.73653399242
1.72842141695
1.72181394872
1.71874823296
1.72397110761
1.74794695612
1.81075246338
1.92962555477
2.02920773187
2.11918306825
2.20005318075
2.26190874847
2.26179329974
2.25519314352
2.24651733586
2.23693257932
2.22699124698
2.21703378844
2.20726437321
2.19779076798
2.18865695085
2.17986771826
2.17140556796
2.16324162092
2.15534241842
2.14767400156
2.14020423782
2.13290402854
2.1257478109
2.11871362385
2.11178291534
2.10494020721
2.09817269349
2.09146982106
2.08482288247
2.0782246386
2.07166898015
2.06515063144
2.05866489631
2.05220744381
2.04577413016
2.03936085297
2.03296343341
2.02657752262
2.02019852856
2.01382156034
2.00744138736
2.00105241137
1.99464864968
1.98822372884
1.99817036484
1.99160398352
1.98504400053
1.97848036735
1.97190299332
1.9653017725
1.95866662558
1.95198755759
1.94525473249
1.9384585652
1.93158983128
1.92463979386
1.91760034646
1.91046416934
1.90322489559
1.89587728234
1.88841738083
1.88084269878
1.87315234827
1.86534717328
1.8574298538
1.8494049875
1.84127915767
1.83306100881
1.82476137469
1.8163935546
1.8079739526
1.79952359395
1.79107180526
1.78266536778
1.77439179774
1.76643958357
1.75925573843
1.75395889614
1.75341133667
1.76492057632
1.80681189057
1.92688604943
2.04800801793
2.16180027052
2.26737052621
2.36265848709
2.43914862874
2.47330971012
2.43177566814
2.39942552933
2.37137636527
2.34634028585
2.32378369952
2.30334412503
2.28472136316
2.26765812459
2.2519342434
2.23736210197
2.22378217796
2.2110589644
2.19907740128
2.18773981158
2.17696328082
2.16667741291
2.15682240426
2.14734738937
2.13820902003
2.12937024714
2.12079927867
2.11246869117
2.10435467453
2.09643639232
2.08869544193
2.08111540017
2.07368144227
2.06638002296
2.05919861045
2.05212546487
2.04514945423
2.03825990195
2.03144646096
2.02469901043
2.01800757172
2.01136224118
2.00475313786
2.00969047368
2.00314796962
1.99665261765
1.99019276329
1.98375688858
1.97733361305
1.97091170982
1.96448013759
1.95802808948
1.95154505902
1.94502092404
1.93844604805
1.93181139853
1.92510868051
1.91833048272
1.91147043283
1.9045233569
1.89748543746
1.89035436431
1.88312947214
1.87581186055
1.86840449492
1.86091229245
1.8533422083
1.84570336026
1.83800728237
1.83026852726
1.82250616723
1.81474761585
1.80703853322
1.79946897541
1.79224372473
1.78587494123
1.78171856973
1.78347864768
1.80130004357
1.86086205207
1.99906803605
2.12781830339
2.24969315812
2.36423600408
2.46876061056
2.55546553201
2.60436428035
2.56503908807
2.5186614376
2.47589811656
2.43824382538
2.40520099277
2.37600012295
2.34996247654
2.32654349404
2.30531224398
2.28592530643
2.26810587643
2.2516283958
2.23630733427
2.22198887764
2.20854464547
2.19586685023
2.18386450372
2.17246040231
2.16158870349
2.15119295988
2.14122451272
2.13164117159
2.12240612455
2.1134870354
2.10485529373
2.09648539068
2.0883543981
2.08044153348
2.07272779573
2.06519565989
2.05782882083
2.05061197786
2.0435306535
2.03657104117
2.02971987735
2.02296433484
2.01629193452
2.01632168922
2.00990549937
2.00356797539
1.99729656164
1.99107895684
1.98490309617
1.97875714793
1.97262952542
1.96650891466
1.96038431852
1.95424511774
1.94808114901
1.94188279967
1.93564111807
1.9293479378
1.92299601305
1.91657916157
1.91009241051
1.90353214023
1.89689622072
1.89018413584
1.88339709287
1.87653811891
1.86961215557
1.86262618492
1.85558947194
1.8485141389
1.84141662801
1.83432151563
1.82727161432
1.82035517764
1.81378064664
1.80808730196
1.80476051466
1.80813607475
1.83194565183
1.92634194973
2.04854373169
2.17523388697
2.29931567698
2.41756689391
2.52628470253
2.61783762937
2.6752955587
2.66623694796
2.59304816219
2.53755759762
2.49185454866
2.4527191419
2.41850622987
2.3881943472
2.36106564217
2.33658052587
2.31431839427
2.29394419854
2.27518704864
2.25782541493
2.241676413
2.22658781679
2.21243198247
2.19910115157
2.18650377216
2.17456158441
2.16320728924
2.1523826673
2.14203705035
2.13212607098
2.12261063439
2.11345606878
2.10463142023
2.09610886526
2.08786321979
2.07987152708
2.07211271106
2.06456728356
2.0572170966
2.05004513204
2.04303532282
2.03617240093
2.02944176822
2.02282938716
2.01813677617
2.01194585511
2.0058553406
1.99985249701
1.99392489594
1.98806038763
1.98224708545
1.97647336414
1.97072787216
1.96499955897
1.95927771759
1.95355204277
1.94781270476
1.94205043809
1.93625664419
1.93042350597
1.92454411161
1.91861258411
1.91262421232
1.90657557911
1.90046468211
1.89429104424
1.88805581437
1.88176186704
1.87541392985
1.86901881629
1.86258596623
1.85612882256
1.84966844374
1.84324312228
1.836934341
1.83093787506
1.82576169955
1.82278481998
1.82584208526
1.845560579
1.90891050862
2.05313806187
2.18600364316
2.31190412554
2.43068649196
2.53908988706
2.62911066887
2.68202465022
2.64191949445
2.59152375158
2.54341783683
2.50015378138
2.46170680657
2.42748206133
2.39684186022
2.36922902577
2.34418192595
2.32132307613
2.30034370421
2.28098994697
2.26305167245
2.24635370089
2.2307489589
2.21611313005
2.20234044974
2.1893403747
2.1770349244
2.16535654225
2.15424636242
2.14365279596
2.13353037016
2.12383877062
2.11454204653
2.1056079483
2.09700737314
2.08871389893
2.08070339102
2.07295366903
2.06544422365
2.05815597494
2.05107106551
2.04417268292
2.03744490711
2.0308725791
2.02444118828
2.01528994066
2.0094160444
2.00365453037
1.99799316812
1.99242002482
1.986923434
1.98149197527
1.9761144655
1.9707799619
1.96547777775
1.96019751143
1.95492908892
1.94966282026
1.94438946958
1.93910033812
1.93378735893
1.92844320139
1.92306138296
1.91763638472
1.91216376737
1.90664028369
1.90106398489
1.89543432067
1.88975224024
1.88402031876
1.87824297765
1.87242697932
1.86658266895
1.86072721078
1.8548931471
1.8491512598
1.84367217936
1.838893571
1.83597463846
1.83802015709
1.85327758132
1.90302010467
2.04125409129
2.16817278149
2.29002526862
2.40489170322
2.5080321989
2.59004386403
2.63518460382
2.58705107898
2.54339647465
2.50348379405
2.46716900326
2.43419364379
2.40421278306
2.37687006664
2.35183632561
2.32882219888
2.3075786923
2.28789325538
2.26958472272
2.25249842136
2.23650186721
2.22148112506
2.20733778072
2.19398643812
2.18135265259
2.16937122176
2.15798476818
2.14714255984
2.13679952508
2.1269154269
2.11745416826
2.10838320564
2.09967305231
2.09129685601
2.08323003888
2.07544998927
2.06793579706
2.06066802558
2.05362851446
2.04680020844
2.0401670086
2.03371364247
2.02742555086
2.02128878897
2.00801235156
2.00253647398
1.9971757142
1.99191894703
1.98675528124
1.98167403293
1.97666470701
1.97171698729
1.96682073595
1.9619660029
1.95714304599
1.95234236236
1.9475547315
1.94277127001
1.93798349787
1.93318341556
1.92836359052
1.92351725148
1.91863838796
1.91372185233
1.90876346141
1.90376009534
1.89870979352
1.89361185354
1.88846695337
1.88327735507
1.87804734313
1.87278429672
1.86750143805
1.86222499039
1.85701295342
1.85200453602
1.84755042271
1.84455517493
1.84537347739
1.85617345006
1.89359745881
2.00809946395
2.11550513592
2.23013914917
2.33763871665
2.43014058113
2.49347844765
2.52772812752
2.48588977515
2.45401421261
2.42618158104
2.40051820158
2.37644773936
2.3537803069
2.33242610087
2.31231295869
2.29336717654
2.27551214955
2.25867087108
2.24276841728
2.22773362152
2.21349998682
2.20000605003
2.18719539336
2.17501644626
2.16342217318
2.15236970845
2.14181997577
2.13173731481
2.12208912731
2.11284554918
2.10397915092
2.09546466689
2.08727875201
2.07939976416
2.07180757008
2.06448337239
2.05740955545
2.05056954795
2.04394770023
2.03752917465
2.03129984738
2.02524622046
2.01935534292
2.01361474025
1.99660408578
1.99159335482
1.98669221251
1.98189111272
1.97718063945
1.97255149021
1.9679944643
1.9635004567
1.9590604584
1.95466556393
1.95030698697
1.94597608454
1.94166439056
1.93736365889
1.93306591619
1.92876352398
1.92444924944
1.92011634377
1.91575862626
1.91137057231
1.90694740303
1.90248517487
1.89798086896
1.89343248502
1.88883915651
1.88420133416
1.87952116207
1.87480336643
1.87005747788
1.86530349396
1.86058637435
1.85601308921
1.85184666419
1.84874160573
1.84831858749
1.85449993377
1.87621797516
1.92960560008
2.00307960017
2.12574401253
2.22404567142
2.30003689009
2.31794085525
2.34013738314
2.3410004802
2.33399582126
2.32347151107
2.31111602428
2.29776790216
2.28393168358
2.26993994857
2.25601730549
2.24231428339
2.22892927232
2.21592390579
2.20333404915
2.1911776423
2.17946027077
2.16817910677
2.15732568811
2.14688787263
2.13685120833
2.12719988993
2.11791742229
2.108987076
2.10039219551
2.09211640271
2.08414372644
2.07645867964
2.06904629966
2.06189216285
2.05498238134
2.04830358753
2.04184291051
2.03558794706
2.02952672941
2.02364769117
2.01793963241
2.01239168479
2.00699327718
2.00173410246
1.98142287103
1.97692817175
1.97253059151
1.96822248241
1.96399619989
1.95984409918
1.95575853349
1.95173185493
1.9477564189
1.94382459308
1.93992877176
1.93606139628
1.93221498239
1.92838215494
1.92455569022
1.92072856615
1.91689401982
1.91304561186
1.90917729669
1.90528349712
1.90135918204
1.89739994583
1.89340208963
1.8893627082
1.88527979556
1.88115240646
1.8769809699
1.87276799916
1.86851981271
1.86425079965
1.85999402331
1.85582739191
1.85193721412
1.84876810603
1.84735824812
1.8500111532
1.86128829179
1.88779796338
1.9301556626
1.99378235105
2.05945211887
2.11758260549
2.15562545498
2.18438372925
2.20163683521
2.21043618288
2.21349034566
2.21263315126
2.20907316459
2.20362964506
2.19687725797
2.18922957806
2.18098902769
2.17237868449
2.16356374057
2.15466658572
2.1457776866
2.1369635582
2.12827266369
2.11973981162
2.11138945142
2.1032381551
2.09529649414
2.08757046477
2.08006257431
2.07277267196
2.06569858612
2.05883661443
2.05218190127
2.04572872892
2.03947074199
2.03340112038
2.0275127119
2.02179813362
2.01624984847
2.01086022246
2.00562156655
2.00052616631
1.995566302
1.9907342611
1.98602234498
1.96287028981
1.95892481014
1.9550585874
1.95126602343
1.94754139206
1.94387884928
1.9402724424
1.93671611929
1.93320373868
1.92972908252
1.92628587127
1.92286778309
1.91946847759
1.91608162482
1.91270094009
1.90932022471
1.9059334129
1.90253462453
1.89911822312
1.89567887847
1.89221163293
1.8887119705
1.88517588915
1.88159997913
1.8779815177
1.87431860793
1.87061043369
1.86685780944
1.86306446408
1.85924012233
1.8554079158
1.85162198873
1.84800827589
1.84485490703
1.84279768243
1.8431460356
1.84826053686
1.8613273667
1.88420705623
1.91844572631
1.95862683188
1.99890988936
2.0332557202
2.06169029664
2.08349141591
2.09920349742
2.10986423568
2.11651083175
2.12002084598
2.12109607227
2.1202881282
2.11802932985
2.11465906702
2.11044447382
2.10559630155
2.10028110981
2.09463068125
2.08874933322
2.08271962275
2.07660681468
2.07046239259
2.06432682595
2.05823175774
2.05220173901
2.04625560854
2.04040759366
2.0346681911
2.02904487412
2.02354266157
2.01816457715
2.01291202074
2.00778506927
2.00278272072
1.99790309213
1.99314358022
1.9885009916
1.98397164797
1.97955147088
1.97523604966
1.97102069552
1.96690048427
1.94137633225
1.93799513517
1.93467157693
1.93140209606
1.92818288456
1.92500991012
1.92187893552
1.91878553581
1.91572511478
1.9126929214
1.90968406727
1.90669354593
1.90371625495
1.90074702126
1.89778063057
1.89481186115
1.8918355223
1.88884649757
1.88583979252
1.88281058675
1.87975428966
1.87666659962
1.87354356688
1.87038166261
1.86717786161
1.86392975927
1.86063577443
1.85729556421
1.85391095247
1.85048807949
1.84704239219
1.84361004045
1.84027305965
1.83721201842
1.83480613408
1.83379211351
1.83542236766
1.8413690954
1.85304925127
1.87133580094
1.89477772368
1.92072531281
1.94613010981
1.96944476969
1.98963708674
2.00632332056
2.01958779778
2.02975355335
2.03722715767
2.04241707489
2.04569784265
2.04739801383
2.04779912469
2.04713925827
2.04561817864
2.04340268224
2.04063159679
2.03742021934
2.03386414952
2.03004254723
2.02602087328
2.02185318055
2.01758402165
2.01325003372
2.00888125357
2.00450220853
2.00013282188
1.99578916454
1.99148408009
1.98722770474
1.98302790059
1.97889061692
1.97482019167
1.97081960329
1.96689068104
1.96303428063
1.95925043075
1.95553845527
1.95189707479
1.94832449101
1.94481845649
1.9173833157
1.9145639403
1.91177842427
1.90902508308
1.90630189423
1.90360652847
1.90093637679
1.89828857415
1.895660021
1.89304740344
1.89044721305
1.88785576698
1.88526922938
1.88268363448
1.88009491237
1.87749891758
1.87489146116
1.87226834622
1.86962540729
1.8669585532
1.86426381342
1.86153738785
1.85877570033
1.85597545784
1.85313372091
1.85024799988
1.84731641311
1.84433799303
1.8413133406
1.83824608303
1.83514613566
1.8320368657
1.82897023273
1.82605682422
1.82351951348
1.82177265257
1.82149606635
1.82360540328
1.82901357641
1.83835722582
1.85140212567
1.86713624927
1.88411337594
1.90111792984
1.91720073676
1.9317419517
1.94442689187
1.95516748575
1.96401965871
1.97111915281
1.97663857227
1.98076115974
1.98366591351
1.98551981924
1.9864743435
1.98666439139
1.98620863358
1.98521054763
1.98375978725
1.98193365522
1.97979855418
1.97741134805
1.97482060276
1.97206769543
1.96918779318
1.96621070914
1.96316164631
1.96006184117
1.95692911867
1.95377836976
1.95062196165
1.94747008971
1.94433107921
1.94121164366
1.93811710588
1.93505158704
1.93201816807
1.9290190273
1.92605555773
1.9231284667
1.92023786044
1.89133021134
1.88905420867
1.88678756416
1.88453019326
1.88228161916
1.88004100867
1.87780720355
1.87557874821
1.87335391453
1.87113072464
1.86890697252
1.8666802449
1.86444794241
1.86220730139
1.85995541706
1.85768926846
1.85540574563
1.85310167928
1.85077387317
1.84841913934
1.84603433617
1.84361640937
1.84116243634
1.83866967538
1.83613562363
1.8335580941
1.83093533612
1.8282662564
1.82555087014
1.82279126674
1.8199936927
1.81717295777
1.81436137557
1.8116257175
1.80909605553
1.80700640657
1.80573263521
1.80578801772
1.80773405408
1.81203063057
1.81879642586
1.82773956422
1.83824905864
1.84962870723
1.86122039582
1.87248433054
1.88303164744
1.89261800968
1.90111711519
1.90848942519
1.91475419658
1.91996755419
1.92420657642
1.92755833548
1.93011266291
1.93195757506
1.933176536
1.93384695907
1.9340395249
1.93381802392
1.93323952472
1.93235473418
1.93120846047
1.92984012087
1.92828425719
1.92657103605
1.92472672058
1.92277410652
1.92073291986
1.9186201756
1.91645049897
1.91423641135
1.91198858347
1.9097160588
1.90742645006
1.90512611142
1.9028202893
1.90051325376
1.89820841302
1.8959084129
1.89361522301
1.86363833405
1.86187356335
1.86009412682
1.85830118288
1.85649548524
1.85467741899
1.85284703275
1.85100406741
1.84914798211
1.84727797819
1.8453930215
1.84349186375
1.84157306344
1.83963500678
1.83767592918
1.83569393752
1.83368703381
1.83165314033
1.82959012652
1.82749583776
1.82536812626
1.82320488399
1.82100407821
1.81876379066
1.81648226316
1.81415795658
1.8117896395
1.80937654356
1.80691866723
1.80441740208
1.80187683768
1.79930642758
1.79672620729
1.7941763236
1.7917326627
1.78952830856
1.78777421578
1.78676253039
1.7868334447
1.7883038825
1.79136029458
1.79599137063
1.80199088873
1.80903000424
1.81672967329
1.82472072098
1.8326836973
1.84036735784
1.84759077175
1.85423584115
1.86023579751
1.86556318424
1.87021909942
1.87422434936
1.87761255614
1.88042499119
1.88270682164
1.88450446138
1.8858637596
1.88682881035
1.8874412137
1.88773965991
1.88775974008
1.88753391227
1.88709157113
1.88645918378
1.88566046508
1.88471657369
1.88364631585
1.88246634818
1.88119137371
1.87983432753
1.87840655004
1.87691794679
1.87537713459
1.87379157417
1.87216768989
1.8705109772
1.86882609872
1.86711696987
1.86538683487
1.83469917752
1.83340263334
1.83206878239
1.83069962868
1.82929680051
1.82786158298
1.8263949476
1.8248975794
1.82336990211
1.82181210156
1.82022414779
1.81860581628
1.81695670849
1.81527627218
1.81356382175
1.81181855881
1.81003959335
1.80822596551
1.80637666827
1.80449067103
1.80256694419
1.80060448486
1.79860234396
1.79655965548
1.79447566979
1.79234979566
1.79018166156
1.78797121989
1.78571894469
1.78342622783
1.78109618096
1.77873522633
1.77635611714
1.77398328947
1.77166141261
1.76946699741
1.76752011804
1.76598909143
1.76507910585
1.76500057217
1.76591935088
1.76791306515
1.77095315966
1.77491907265
1.7796275232
1.78486540594
1.79041842345
1.79609131611
1.80171913843
1.80717124774
1.81235038833
1.81718903372
1.82164457198
1.82569433423
1.82933101229
1.83255870797
1.8353896752
1.8378417195
1.83993617541
1.8416963687
1.84314647275
1.84431067791
1.84521260493
1.84587490577
1.8463190063
1.84656495474
1.84663134784
1.84653531304
1.84629253009
1.84591727954
1.84542250872
1.84481990826
1.84411999405
1.84333219093
1.84246491555
1.84152565663
1.84052105138
1.83945695746
1.83833852002
1.8371702337
1.83595599961
1.80486493928
1.80398585515
1.80304880073
1.8020562256
1.80101026958
1.7999127886
1.79876537931
1.7975694026
1.79632600617
1.79503614631
1.79370060892
1.79232003011
1.79089491636
1.78942566442
1.78791258103
1.7863559026
1.78475581479
1.7831124721
1.7814260174
1.77969660142
1.77792440202
1.77610964337
1.77425261506
1.77235369156
1.77041335336
1.76843221267
1.76641105056
1.76435088028
1.76225306777
1.76011957195
1.75795342442
1.75575966291
1.75354706465
1.75133115085
1.74913890578
1.74701517736
1.74502947326
1.74327999664
1.74189060697
1.74099763481
1.74072684691
1.74116854042
1.74236037941
1.74428370644
1.74687087692
1.75001904749
1.75360588315
1.75750375426
1.76159057344
1.76575682353
1.76990921566
1.77397179421
1.77788533963
1.78160578173
1.78510214813
1.78835439604
1.79135133763
1.79408877025
1.79656785818
1.79879377297
1.8007745771
1.80252032494
1.80404235105
1.80535271595
1.80646378162
1.80738789256
1.8081371412
1.8087232003
1.80915720778
1.80944969215
1.80961052906
1.80964892138
1.80957339673
1.80939181779
1.80911140172
1.8087387457
1.80827985664
1.80774018316
1.80712464882
1.80643768554
1.80568326669
)
;

boundaryField
{
    left
    {
        type            cyclic;
    }
    right
    {
        type            cyclic;
    }
    bottom
    {
        type            cyclic;
    }
    top
    {
        type            cyclic;
    }
    frontAndBack
    {
        type            empty;
    }
}


// ************************************************************************* //
