# Forces per unit density on the immersed bodies
# time  cylinder:Fp(x y z)  cylinder:Fv(x y z)
0.025 -5.98522553749 8.74300631892e-15 0 -1.49377903228 3.46944695195e-17 0
0.05 -0.957043544811 -1.29948135585e-14 0 -0.809060453967 -8.34401991945e-16 0
0.075 -0.705809900631 4.72712147204e-15 0 -0.669389327353 -1.0182826804e-15 0
0.1 -0.607608228412 5.9501015226e-16 0 -0.588620486083 -1.29583843655e-15 0
0.125 -0.547411082568 -9.87057657831e-16 0 -0.536759757012 -1.46237189025e-15 0
0.15 -0.510919071779 -1.88044024796e-15 0 -0.500589184016 -1.63757896132e-15 0
0.175 -0.478849525309 -4.26189709609e-16 0 -0.472683208475 -1.65072292743e-15 0
0.2 -0.448267349112 1.91535155791e-15 0 -0.448624277664 -1.54078003611e-15 0
0.225 -0.415150418473 -9.64723093078e-16 0 -0.432213300758 -1.80226927132e-15 0
0.25 -0.396089241124 1.31578775653e-15 0 -0.415268760744 -4.18480354536e-15 0
0.275 -0.385158799562 7.68222291336e-15 0 -0.395229290188 -3.80858539151e-15 0
0.3 -0.376606229375 2.51166275278e-15 0 -0.377007777492 -4.39383772421e-15 0
0.325 -0.366940007899 2.07689768161e-15 0 -0.363035487262 -4.40771551202e-15 0
0.35 -0.350978832802 -3.73008915422e-15 0 -0.349164711302 -5.47478729018e-15 0
0.375 -0.343685826689 6.75891634327e-15 0 -0.341253293624 -5.61486621087e-15 0
0.4 -0.337502866192 -1.02305316996e-15 0 -0.334861117876 -4.84595003014e-15 0
0.425 -0.331287519555 6.10188982675e-16 0 -0.331717793724 -5.2857024313e-15 0
0.45 -0.332663206697 1.99397789946e-14 0 -0.32942004835 -2.8631610971e-15 0
0.475 -0.326264459147 8.08467875979e-15 0 -0.322177343253 -1.9316145905e-15 0
0.5 -0.319631231781 8.53050269312e-15 0 -0.317933946591 -1.52135248843e-15 0
0.525 -0.313908217305 1.62335422882e-14 0 -0.314296691563 7.1991024253e-17 0
0.55 -0.309886634054 1.53418944215e-14 0 -0.312833751643 2.3722343534e-15 0
0.575 -0.306317840366 2.6300854127e-14 0 -0.308058359664 2.29387046501e-15 0
0.6 -0.297987456383 1.49860050584e-14 0 -0.303567526887 3.62996985985e-15 0
0.625 -0.283320849532 -2.84008927487e-14 0 -0.302639225029 -6.03629559531e-16 0
0.65 -0.27862897176 3.27168847569e-15 0 -0.297188856268 -4.36250428143e-15 0
0.675 -0.276951463458 2.17106064029e-14 0 -0.289144145445 -2.48927397792e-15 0
0.7 -0.275823241453 2.00137215828e-14 0 -0.2811791314 -1.29594685677e-15 0
0.725 -0.272856822932 9.08561420543e-15 0 -0.275299180667 -1.16714363868e-15 0
0.75 -0.264567657529 -4.55364912444e-16 0 -0.268578946988 -2.69380871776e-15 0
0.775 -0.262263383111 6.20770795878e-15 0 -0.265746734859 -2.52510685972e-15 0
0.8 -0.260270429332 4.2856343474e-15 0 -0.263539957005 -2.0246391369e-15 0
0.825 -0.257794351508 1.19938781129e-14 0 -0.263575760105 -1.18481613409e-15 0
0.85 -0.261181997736 3.86049699153e-14 0 -0.264001242171 3.10255293678e-15 0
0.875 -0.257941258669 1.88052698413e-14 0 -0.260061531136 3.79037079501e-15 0
0.9 -0.254470927774 1.32892828686e-14 0 -0.258256913586 3.44689554677e-15 0
0.925 -0.251468553965 2.04827474426e-14 0 -0.25669189208 4.49900533495e-15 0
0.95 -0.251150318823 7.58290999436e-15 0 -0.255657124284 5.7879048776e-15 0
0.975 -0.248262032656 5.14341783682e-14 0 -0.254451077675 8.64039093758e-15 0
1 -0.242071691137 2.6000089668e-14 0 -0.252106639816 1.03178946778e-14 0
1.025 -0.235833006798 -1.43566799074e-14 0 -0.251667771429 7.47458464481e-15 0
1.05 -0.228744061991 -7.48084320185e-14 0 -0.249192733849 -3.29348093936e-15 0
1.075 -0.226420849987 1.04434690062e-14 0 -0.242792996253 -6.89389951375e-15 0
1.1 -0.226214740291 1.44156605056e-14 0 -0.237094289498 -3.42640412571e-15 0
1.125 -0.224990497642 9.83566526835e-15 0 -0.232602618806 -1.39341663208e-15 0
1.15 -0.218793633258 -1.62890534394e-15 0 -0.227193970503 -2.20103883036e-15 0
1.175 -0.216654583448 5.41277092592e-15 0 -0.226132361775 -1.27328703137e-15 0
1.2 -0.214620155901 1.53208608994e-14 0 -0.223948874377 -3.40005801291e-16 0
1.225 -0.213531545494 8.89154201655e-15 0 -0.222434789041 9.93346030431e-16 0
1.25 -0.212044037675 1.08567668744e-14 0 -0.222499336355 1.89692012098e-15 0
1.275 -0.214945320425 4.06775307882e-14 0 -0.22312782729 6.30051566475e-15 0
1.3 -0.212193747142 2.27001577258e-14 0 -0.22027837919 7.19389825488e-15 0
1.325 -0.209355230391 2.62385599359e-14 0 -0.218951381433 7.52262835357e-15 0
1.35 -0.206884443374 2.48256276647e-14 0 -0.217908853574 9.26992857475e-15 0
1.375 -0.205356213569 1.96739326219e-14 0 -0.218182655689 1.12904477434e-14 0
1.4 -0.20424301748 4.12641925837e-14 0 -0.216062959769 1.21620183881e-14 0
1.425 -0.199229005765 2.57543010355e-14 0 -0.214032448559 1.42221168653e-14 0
1.45 -0.19409995393 2.61048235979e-14 0 -0.213677178621 1.36600258015e-14 0
1.475 -0.188215448119 -4.82619044555e-14 0 -0.211609724491 5.63955891535e-15 0
1.5 -0.187292480115 1.67801970236e-14 0 -0.205043173448 1.76085274833e-15 0
1.525 -0.185864893101 2.09988276767e-14 0 -0.201957923274 4.29100114815e-15 0
1.55 -0.18485045361 2.07141161862e-14 0 -0.198000576291 5.314000108e-15 0
1.575 -0.182541621236 1.78158269387e-14 0 -0.195262523326 6.01049158361e-15 0
1.6 -0.176970616674 3.82983575409e-15 0 -0.191149892397 4.14262808085e-15 0
1.625 -0.175718124921 1.61058232723e-14 0 -0.189597035197 4.64060213867e-15 0
1.65 -0.174504871449 1.14782315597e-14 0 -0.188320939417 5.34685143383e-15 0
1.675 -0.172763750364 1.32103529504e-14 0 -0.188532974145 6.02230938729e-15 0
1.7 -0.171841879617 2.08754454695e-14 0 -0.186819919697 6.66784336079e-15 0
1.725 -0.173876224867 3.67522852429e-14 0 -0.187248482425 1.05280367757e-14 0
1.75 -0.171072784104 2.04844821661e-14 0 -0.184887599285 1.03372171933e-14 0
1.775 -0.16847362742 2.40033687371e-14 0 -0.183597318719 1.04031366854e-14 0
1.8 -0.166124891979 2.49882579906e-14 0 -0.182540296498 1.18099974245e-14 0
1.825 -0.164592183093 2.04042512053e-14 0 -0.182426638675 1.35325778361e-14 0
1.85 -0.163485429626 3.71497791703e-14 0 -0.180521888489 1.37862052027e-14 0
1.875 -0.159098266947 2.49539972019e-14 0 -0.178632732935 1.57803982961e-14 0
1.9 -0.155508723273 7.86136021731e-15 0 -0.177236197008 1.41585961705e-14 0
1.925 -0.151567765175 1.66116035857e-14 0 -0.174403272966 1.09617718548e-14 0
1.95 -0.147728180047 1.25044289159e-14 0 -0.171673966634 9.88754434231e-15 0
1.975 -0.146426312195 2.29242081047e-14 0 -0.168549309299 1.01734484552e-14 0
2 -0.145438214708 2.12434236868e-14 0 -0.164899694288 9.98100256958e-15 0
2.025 -0.143852962118 1.50147906261e-14 0 -0.161871958352 9.70263366179e-15 0
2.05 -0.139228264231 6.36589305575e-15 0 -0.157920660515 7.82100079144e-15 0
2.075 -0.13742649431 1.2684623317e-14 0 -0.156813289423 7.88811290592e-15 0
2.1 -0.13565637126 1.78434740941e-14 0 -0.154862019737 7.90990536959e-15 0
2.125 -0.134207116609 9.91546254825e-15 0 -0.153379561112 8.02591500204e-15 0
2.15 -0.132333720798 1.2708584185e-14 0 -0.153135266349 8.05865790765e-15 0
2.175 -0.131039117144 -2.36126222741e-14 0 -0.151304652259 6.23784877918e-15 0
2.2 -0.132279939088 2.51697534343e-14 0 -0.151317660686 7.94416615824e-15 0
2.225 -0.129805926882 3.0117835309e-14 0 -0.1488316588 9.37444566418e-15 0
2.25 -0.127321904971 1.39066275856e-14 0 -0.147277567841 9.65633822902e-15 0
2.275 -0.125035372478 1.48624602209e-14 0 -0.146055850846 9.4217168789e-15 0
2.3 -0.122610189021 1.78503045678e-14 0 -0.144777853662 1.01004274389e-14 0
2.325 -0.120989631829 1.80088149254e-14 0 -0.143390344355 1.05310725418e-14 0
2.35 -0.11987776231 2.60160071112e-14 0 -0.142223413295 1.18830991736e-14 0
2.375 -0.115977054742 2.26380600463e-14 0 -0.140254012548 1.32299482106e-14 0
2.4 -0.113147214301 1.99618425088e-14 0 -0.138344263551 1.28955006395e-14 0
2.425 -0.109546285229 1.77489045596e-14 0 -0.135082822767 1.09168452273e-14 0
2.45 -0.106291951905 2.07086680703e-14 0 -0.133804863403 1.07832850722e-14 0
2.475 -0.104997943921 1.86592278087e-14 0 -0.130404095898 1.07414077632e-14 0
2.5 -0.102922707773 1.40372197373e-14 0 -0.128090294926 1.05341083079e-14 0
2.525 -0.10134651512 1.42173599282e-14 0 -0.125209736199 9.50108047792e-15 0
2.55 -0.0993903091404 1.05338372573e-14 0 -0.122697574823 8.57457551143e-15 0
2.575 -0.0971188931409 9.86352926419e-15 0 -0.120681270661 8.04380433789e-15 0
2.6 -0.0929711051777 3.92871499222e-15 0 -0.117505046653 6.61482587455e-15 0
2.625 -0.0914856524489 1.03130394849e-14 0 -0.115831610815 6.7659636574e-15 0
2.65 -0.0898449485489 7.68384921662e-15 0 -0.11425938173 6.80401915365e-15 0
2.675 -0.088114184648 8.10788068628e-15 0 -0.112728003177 6.62686051867e-15 0
2.7 -0.0861059466728 2.07852398487e-15 0 -0.111892019754 6.25302760959e-15 0
2.725 -0.0844987118261 1.29152331191e-14 0 -0.110020737648 6.25562969481e-15 0
2.75 -0.0847051953071 1.43747860837e-14 0 -0.109481802565 7.32486987731e-15 0
2.775 -0.0822657082747 9.22222367916e-15 0 -0.10701611677 7.06314347287e-15 0
2.8 -0.0799146510165 7.24008526742e-15 0 -0.105211829048 6.67716749947e-15 0
2.825 -0.0775931542619 7.65273261427e-15 0 -0.103598737799 6.54250958965e-15 0
2.85 -0.0754176908359 9.71488514634e-15 0 -0.101870964824 6.9935376934e-15 0
2.875 -0.073544273379 8.75384834065e-15 0 -0.0999626651211 6.85497665576e-15 0
2.9 -0.0714927272382 8.06039263113e-15 0 -0.0985265868282 7.07615389894e-15 0
2.925 -0.0701029990365 6.20272062879e-15 0 -0.0971901756001 7.22013594745e-15 0
2.95 -0.0665840400043 9.42974675124e-15 0 -0.0953281526137 7.82936439476e-15 0
2.975 -0.0642696170597 7.86621202203e-15 0 -0.093080407395 7.17794354228e-15 0
3 -0.0615373158629 9.58273445404e-15 0 -0.0913876065014 7.38671344686e-15 0
3.025 -0.0585197377863 7.92145212272e-15 0 -0.0885355666276 6.58383802121e-15 0
3.05 -0.0561554514417 1.00067252661e-14 0 -0.0874027217999 6.74043069623e-15 0
3.075 -0.0540414716557 9.21664003797e-15 0 -0.0841975462133 6.27952280018e-15 0
3.1 -0.0519010846999 6.1528202238e-15 0 -0.0822359722574 6.28338527042e-15 0
3.125 -0.0500605098664 4.71730944238e-15 0 -0.0797817885393 5.46939338437e-15 0
3.15 -0.0481802441433 4.23418895432e-15 0 -0.0774202101892 4.90108171061e-15 0
3.175 -0.0461733894641 4.50266451728e-15 0 -0.0751809335341 4.48756700203e-15 0
3.2 -0.0439648794993 4.45514935707e-15 0 -0.0731498457827 4.25093987788e-15 0
3.225 -0.0407653214762 2.9253943018e-15 0 -0.0704201731225 3.91960769397e-15 0
3.25 -0.0388954609297 4.09817579178e-15 0 -0.0688502750133 3.86458443372e-15 0
3.275 -0.0368722953104 2.06404988587e-15 0 -0.0671186684462 3.75486317386e-15 0
3.3 -0.0349037693163 3.47389218086e-15 0 -0.0650885446118 3.51731447787e-15 0
3.325 -0.0329849864994 2.13007779817e-15 0 -0.0632440238835 3.34422160103e-15 0
3.35 -0.0310131041535 2.09337755464e-15 0 -0.0614315697425 3.18159127516e-15 0
3.375 -0.0288962471398 7.67452507794e-16 0 -0.060001329878 3.06384691923e-15 0
3.4 -0.0269500063598 4.70185956142e-15 0 -0.0580350534273 2.94295837699e-15 0
3.425 -0.025009083528 2.17149432116e-15 0 -0.0561119080024 2.76102925245e-15 0
3.45 -0.0239576422854 -2.83410447888e-16 0 -0.0548783648151 2.59471263919e-15 0
3.475 -0.0215772928726 2.18862471549e-15 0 -0.0526017454342 2.47393251718e-15 0
3.5 -0.0193606902706 9.24499192478e-16 0 -0.0505830329439 2.2949307385e-15 0
3.525 -0.0171370086924 2.07451243683e-15 0 -0.0486562838905 2.25665840181e-15 0
3.55 -0.0149241196014 2.22771020381e-15 0 -0.0467667400346 2.26901830658e-15 0
3.575 -0.0127425866414 2.17843321507e-15 0 -0.0448903914187 2.24993634834e-15 0
3.6 -0.0106015443706 1.533116082e-15 0 -0.0429721147648 2.37971534839e-15 0
3.625 -0.00845250610814 2.08600497986e-15 0 -0.0410215663743 2.22673442185e-15 0
3.65 -0.00645033968836 1.19002030452e-15 0 -0.0393137731052 2.20277355384e-15 0
3.675 -0.00413351740978 2.63911071816e-15 0 -0.0371908994524 2.55503083968e-15 0
3.7 -0.00192585874459 2.87744546072e-15 0 -0.0352415592386 2.33341991562e-15 0
3.725 8.74818623775e-05 2.17795585906e-15 0 -0.0335884354909 2.84393270804e-15 0
3.75 0.00236238574365 2.23860791795e-15 0 -0.0313920661537 2.58356293275e-15 0
3.775 0.00454628470706 2.32879257463e-15 0 -0.0292969299694 2.41224310763e-15 0
3.8 0.00670464176508 2.70861739477e-15 0 -0.0272545336706 2.41209402983e-15 0
3.825 0.00873200587717 -1.4481434308e-15 0 -0.0251234358738 2.56241357885e-15 0
3.85 0.0111291138731 1.81705169032e-15 0 -0.0230299837881 2.16335941674e-15 0
3.875 0.0133112474394 2.16861440914e-15 0 -0.0211394668688 2.16719817005e-15 0
3.9 0.015247109173 -3.95111054334e-15 0 -0.0190736723291 2.09383495243e-15 0
3.925 0.0175357524962 1.9412707661e-15 0 -0.0171704791381 1.94279203727e-15 0
3.95 0.0197126663039 2.0867978027e-15 0 -0.0152543132038 1.98818283885e-15 0
3.975 0.0218067258941 2.45766948459e-15 0 -0.0132709376979 2.2636277889e-15 0
4 0.0238887607271 1.87584594125e-15 0 -0.0112775523852 2.12957635467e-15 0
4.025 0.0259469176385 3.80283911999e-17 0 -0.0092835312303 1.97903488302e-15 0
4.05 0.0280147806952 2.2289570363e-15 0 -0.00729787894399 1.93118429776e-15 0
4.075 0.030077165041 2.18762182848e-15 0 -0.00532364687925 1.99638550591e-15 0
4.1 0.0321359371964 1.82124280934e-15 0 -0.00335716504655 1.97192658253e-15 0
4.125 0.0342069084616 2.17965294251e-15 0 -0.00140474701124 1.9474744354e-15 0
4.15 0.0362513016327 1.70829604802e-15 0 0.000547557764737 1.87228501474e-15 0
4.175 0.038285975305 1.67633918899e-15 0 0.00249855707451 1.77084434898e-15 0
4.2 0.0403218295729 1.85813278826e-15 0 0.00445031986428 1.70789878957e-15 0
4.225 0.0423550324887 1.76193695051e-15 0 0.00639954131191 1.63423783986e-15 0
4.25 0.0441660505051 1.23620731707e-15 0 0.00834163735497 1.55578945994e-15 0
4.275 0.0462042171079 1.89052332816e-15 0 0.0103055089841 1.4953214719e-15 0
4.3 0.0482044755475 1.1175955994e-15 0 0.0122590324274 1.43328139071e-15 0
4.325 0.0501977820204 1.80644344969e-15 0 0.0142077765397 1.47424390404e-15 0
4.35 0.0521905263156 1.9775305525e-15 0 0.0161600808322 1.52219952138e-15 0
4.375 0.0542110111277 1.68701858039e-16 0 0.0179288002159 1.51254334578e-15 0
4.4 0.0563156283675 1.9090089752e-15 0 0.019796017656 1.46580067962e-15 0
4.425 0.0583449643025 1.68387439409e-15 0 0.0217190804773 1.50747470062e-15 0
4.45 0.0603455403677 1.76741217148e-15 0 0.0236282320931 1.5582153623e-15 0
4.475 0.0623517319497 1.75944328551e-15 0 0.0255507240636 1.57816468227e-15 0
4.5 0.0643616175313 2.07700610183e-15 0 0.0274747175075 1.62150566412e-15 0
4.525 0.0663469939558 1.6512941188e-15 0 0.0293776052577 1.61296757201e-15 0
4.55 0.0683491859218 1.416835399e-15 0 0.0312916824074 1.59643348888e-15 0
4.575 0.0703421583832 1.52308721191e-15 0 0.033203211368 1.58968433035e-15 0
4.6 0.0723280590003 1.50151158868e-15 0 0.035110300014 1.57987230069e-15 0
4.625 0.0743156480642 1.57577943749e-15 0 0.0370174767979 1.57220157032e-15 0
4.65 0.0762949533003 1.61264231135e-15 0 0.0389188681647 1.57306893206e-15 0
4.675 0.078272998277 1.5318692495e-15 0 0.0408197063489 1.57035842663e-15 0
4.7 0.0800932358925 9.29486522472e-16 0 0.0430764987957 1.58347727292e-15 0
4.725 0.0820096935608 1.82102596891e-15 0 0.0449158109942 1.58808513215e-15 0
4.75 0.0839613882731 1.52189458952e-15 0 0.0467930405521 1.54937911459e-15 0
4.775 0.0859132820482 1.40555969641e-15 0 0.048674062449 1.55078857741e-15 0
4.8 0.0878515164323 1.37975568471e-15 0 0.0505476679926 1.55496275578e-15 0
4.825 0.089796919932 1.5645037349e-15 0 0.0524146279686 1.5418981196e-15 0
4.85 0.0917286550682 1.49511479586e-15 0 0.0542879550917 1.53203187983e-15 0
4.875 0.0936611308583 1.36826314168e-15 0 0.056158818981 1.51007678584e-15 0
4.9 0.0955621541875 1.58163412922e-15 0 0.0580082723888 1.51669041909e-15 0
4.925 0.0974682494613 1.49956002476e-15 0 0.0598596092674 1.50004791574e-15 0
4.95 0.0993678525802 1.36240844995e-15 0 0.0617140225022 1.48340541239e-15 0
4.975 0.101260774663 1.35037380583e-15 0 0.0635642422687 1.47299707154e-15 0
5 0.103139994056 1.49901792368e-15 0 0.0654081808549 1.49674109912e-15 0
5.025 0.105007822164 1.36869682255e-15 0 0.0672496505168 1.46974446502e-15 0
5.05 0.106862772242 1.24531461532e-15 0 0.0690867804571 1.44740990027e-15 0
5.075 0.108713930152 1.44307309158e-15 0 0.070922348958 1.4431815118e-15 0
5.1 0.110554240418 1.27198598876e-15 0 0.0727618562549 1.42453323443e-15 0
5.125 0.112385507925 1.27068494615e-15 0 0.0745940700704 1.43797734137e-15 0
5.15 0.114184643269 1.30841518176e-15 0 0.076400507244 1.42648479834e-15 0
5.175 0.115990032443 4.92010945874e-16 0 0.0782140676165 1.25062720596e-15 0
5.2 0.117779233979 2.84060969191e-17 0 0.0800386876602 1.04213512819e-15 0
5.225 0.119564775998 2.05564731903e-16 0 0.0818531329438 9.19078181616e-16 0
5.25 0.121330593042 9.10729824888e-17 0 0.0836515053492 7.888655007e-16 0
5.275 0.123091299347 -5.89805981832e-17 0 0.0854575184071 6.66133814775e-16 0
5.3 0.124856086732 1.51788304148e-17 0 0.0872827245867 5.71699805552e-16 0
5.325 0.126725755933 -1.87740448188e-15 0 0.0885357230392 1.55691431969e-16 0
5.35 0.128697246838 -1.77462211592e-15 0 0.090206594693 1.60461921528e-17 0
5.375 0.130485978929 -1.00201964781e-15 0 0.0919745585395 -1.47993596544e-16 0
5.4 0.132245682539 -1.58033308661e-15 0 0.0937323769353 -2.97613496347e-16 0
5.425 0.134000168565 -1.72366461382e-15 0 0.0954898683818 -4.61328024393e-16 0
5.45 0.13573687153 -1.94440817614e-15 0 0.0972357833205 -6.3284880808e-16 0
5.475 0.13747365892 -1.9511302296e-15 0 0.0989788246895 -8.10766384585e-16 0
5.5 0.139217059385 -2.16254965324e-15 0 0.100748903189 -9.43797991149e-16 0
5.525 0.140924510749 -2.45181479286e-15 0 0.102451168734 -1.10176624768e-15 0
5.55 0.14265773039 -2.44032224983e-15 0 0.104179996718 -1.28835744156e-15 0
5.575 0.144400890481 -2.75929452898e-15 0 0.105951677815 -1.43645945833e-15 0
5.6 0.146097408726 -2.88441145968e-15 0 0.107651496767 -1.59757190116e-15 0
5.625 0.147838394138 -2.94469310047e-15 0 0.109379003178 -1.80194401067e-15 0
5.65 0.149215999498 6.32523547428e-16 0 0.111939941342 -2.3250715589e-15 0
5.675 0.15090828563 -3.93391916265e-15 0 0.113510156876 -2.22771020381e-15 0
5.7 0.152672685736 -4.57771841267e-15 0 0.115151346874 -2.65163325325e-15 0
5.725 0.154434698437 -4.76008121808e-15 0 0.116786965789 -2.87909886904e-15 0
5.75 0.156250551145 -4.63800005346e-15 0 0.118429725996 -3.06254587662e-15 0
5.775 0.16003466627 -9.33801647118e-15 0 0.121313318986 -4.04786881097e-15 0
5.8 0.161127766109 -2.57931696834e-15 0 0.122320734246 -3.84387617222e-15 0
5.825 0.16269336445 -5.13911829758e-15 0 0.123761781907 -3.70173726741e-15 0
5.85 0.164390601603 -4.44143419959e-15 0 0.125316996858 -3.66688016756e-15 0
5.875 0.166069911061 -4.43720581111e-15 0 0.126899946095 -3.71648241695e-15 0
5.9 0.167533253907 -4.68407864579e-15 0 0.128623103758 -3.70704985805e-15 0
5.925 0.169010064501 -5.01183296253e-15 0 0.130449033372 -3.77811931046e-15 0
5.95 0.170430431516 -4.74609501006e-15 0 0.132261257936 -3.79394866218e-15 0
5.975 0.17188608772 -5.59643477394e-15 0 0.134120244669 -3.91307537588e-15 0
6 0.173351141821 -4.90200328246e-15 0 0.136008632386 -3.96929125852e-15 0
6.025 0.174817033508 -4.95025027913e-15 0 0.137867873801 -4.01455669923e-15 0
6.05 0.176258858737 -4.4974874519e-15 0 0.139501642235 -4.44788520251e-15 0
6.075 0.17864740817 -8.05974210982e-15 0 0.140492462225 -4.61886388511e-15 0
6.1 0.181283623175 3.74320800051e-16 0 0.142615490514 -4.75043181875e-15 0
6.125 0.181505948184 -8.2179814169e-15 0 0.143789060433 -4.22056866452e-15 0
6.15 0.183306566684 -7.12624403931e-15 0 0.145344878005 -4.48758055455e-15 0
6.175 0.186043536724 -2.4992486379e-15 0 0.147949385905 -5.21320318728e-15 0
6.2 0.185379343914 -5.36013291044e-15 0 0.150337076751 -4.67443263459e-15 0
6.225 0.186626175074 -7.22843009407e-15 0 0.151552066787 -4.58550095139e-15 0
6.25 0.1879638986 -6.77124914299e-15 0 0.152965663607 -4.6169123212e-15 0
6.275 0.189306367349 -6.39732814249e-15 0 0.154371223212 -4.60054891521e-15 0
6.3 0.186371482369 1.1245344933e-15 0 0.157350189084 -3.1988300897e-15 0
6.325 0.189336817851 -3.03880184904e-15 0 0.157760168197 -3.25911173049e-15 0
6.35 0.189901328162 2.50017020975e-15 0 0.160878881811 -2.57563068096e-15 0
6.375 0.192127191928 -5.97698973648e-15 0 0.159093959109 -1.93811980354e-15 0
6.4 0.194490391588 -4.06315606161e-15 0 0.159610187717 -2.45203163329e-15 0
6.425 0.19539120408 3.83850937147e-15 0 0.161310756836 -1.49533163629e-15 0
6.45 0.197134999126 -2.60121785223e-15 0 0.161908251867 -1.07249278902e-15 0
6.475 0.198805146542 -2.75387351811e-15 0 0.162686456405 -1.13971332372e-15 0
6.5 0.200406119274 9.54097911787e-17 0 0.163528804044 -9.30245463993e-16 0
6.525 0.201688307939 -1.26678181833e-15 0 0.16454035931 -7.10369263413e-16 0
6.55 0.202650270914 -2.81458883977e-16 0 0.165821102375 -6.0802057833e-16 0
6.575 0.200977966012 7.27109344956e-15 0 0.165541244885 7.09068220806e-16 0
6.6 0.202628141994 1.06685493773e-16 0 0.167733557027 7.60676244216e-16 0
6.625 0.203828081883 -2.16406753628e-16 0 0.169592281389 3.43258407809e-16 0
6.65 0.205226804548 -1.78242837157e-15 0 0.170405629931 4.98732999343e-17 0
6.675 0.207040919098 -1.17700987845e-15 0 0.171732891228 -2.61726404438e-16 0
6.7 0.208586506681 -1.43374895289e-15 0 0.173301352988 -4.42571326809e-16 0
6.725 0.209606391629 9.06805013023e-15 0 0.176273657699 -4.73471088724e-16 0
6.75 0.21126785732 -3.71230823859e-15 0 0.177464827349 -4.42354486374e-16 0
6.775 0.213084406272 -1.97801844348e-15 0 0.178778438193 -8.33534630207e-16 0
6.8 0.217756560213 -9.80313920318e-15 0 0.18199432872 -2.62355241698e-15 0
6.825 0.218518499912 -2.69641080297e-15 0 0.182435086812 -2.14444347696e-15 0
6.85 0.219383841717 -1.62218329047e-15 0 0.183815169699 -1.74355972368e-15 0
6.875 0.220202456245 -9.49912891401e-15 0 0.185600856908 -1.90445532608e-15 0
6.9 0.221087302345 -1.75619067899e-15 0 0.187476832885 -2.12530730861e-15 0
6.925 0.222053047975 -2.63612916218e-15 0 0.189140692531 -2.6057443963e-15 0
6.95 0.225293305343 -9.96490216731e-16 0 0.190904690266 -2.8999426558e-15 0
6.975 0.224979799274 -4.23651998899e-15 0 0.1912894102 -1.84083976361e-15 0
7 0.227875983145 -7.88626976223e-15 0 0.193955956135 -3.53408573022e-15 0
7.025 0.22622733173 -2.43528070973e-15 0 0.195861493115 -2.44523842906e-15 0
7.05 0.22706485526 -5.1185184563e-15 0 0.196545420376 -3.54086029974e-16 0
7.075 0.22533598535 -1.33140026781e-15 0 0.199786840243 -2.70183181383e-16 0
7.1 0.224940226832 3.88404586271e-15 0 0.198208320036 8.63458610167e-16 0
7.125 0.224232107346 7.0299668864e-15 0 0.200491544419 2.41777084464e-15 0
7.15 0.227351677136 -5.5892790396e-15 0 0.198831421852 2.87833992751e-15 0
7.175 0.228480671134 4.69155964078e-15 0 0.199351858135 3.35755728775e-15 0
7.2 0.230307587138 3.26301485831e-15 0 0.198886974124 4.31252256128e-15 0
7.225 0.231805949132 1.24908763888e-14 0 0.198783339909 4.85158788144e-15 0
7.25 0.232353791989 3.70840511077e-14 0 0.199447304827 6.83394313361e-15 0
7.275 0.229632002264 1.84513862522e-14 0 0.198444532687 8.29436345995e-15 0
7.3 0.23096279841 1.07214584433e-14 0 0.200601110007 7.37235793247e-15 0
7.325 0.23215488185 7.5781395048e-15 0 0.201326937624 6.70730831986e-15 0
7.35 0.233813526447 4.44869835414e-15 0 0.202529953295 5.55545193182e-15 0
7.375 0.23532518015 5.57583493266e-15 0 0.20403502834 4.9682480352e-15 0
7.4 0.236483810658 1.38764867652e-14 0 0.206816074148 4.71790575357e-15 0
7.425 0.241824399767 -4.13427972412e-15 0 0.210113364598 3.43648720591e-15 0
7.45 0.242188074718 3.93717176916e-15 0 0.210042132741 3.91884875245e-15 0
7.475 0.242950657318 2.81892564846e-16 0 0.211195883185 3.98086511672e-15 0
7.5 0.24339439255 -2.84191073452e-15 0 0.212904918276 3.62459628284e-15 0
7.525 0.24415821082 4.30905311433e-15 0 0.214324714884 2.63672547338e-15 0
7.55 0.245977191713 5.27854669696e-15 0 0.215172561101 2.54272514502e-15 0
7.575 0.246935407816 2.18728030479e-14 0 0.21704590744 3.64211970045e-15 0
7.6 0.24908522592 -2.17328325475e-15 0 0.21924564966 2.78711786723e-15 0
7.625 0.246726121395 4.33583290799e-15 0 0.220673232118 3.71547275368e-15 0
7.65 0.245658311665 -5.94759430508e-16 0 0.222347907305 4.06335320853e-15 0
7.675 0.243978373176 1.24128138324e-14 0 0.22078903871 5.32733579472e-15 0
7.7 0.242277671149 1.0851562704e-14 0 0.222864987097 6.75241113024e-15 0
7.725 0.243769072775 4.46084141847e-15 0 0.222131275888 7.49400541622e-15 0
7.75 0.245858283632 4.00807859124e-15 0 0.220308501044 8.4663179245e-15 0
7.775 0.24749069393 8.94943841256e-15 0 0.219325299429 8.59425378086e-15 0
7.8 0.247913814063 3.97919544537e-14 0 0.219259069483 1.04386985167e-14 0
7.825 0.244541679695 2.12213059625e-14 0 0.217659102011 1.2200527047e-14 0
7.85 0.245595791673 1.05293378183e-14 0 0.219708514519 1.13680766189e-14 0
7.875 0.24643545678 1.2549856987e-14 0 0.220337920132 1.02259780504e-14 0
7.9 0.248204151355 6.806187558e-15 0 0.221344625227 9.45424294407e-15 0
7.925 0.249224587642 1.50964310497e-14 0 0.224185469476 8.77466502236e-15 0
7.95 0.251129461132 6.09321620937e-15 0 0.224998591604 9.09168573759e-15 0
7.975 0.256466546443 -2.57606436183e-16 0 0.22835271552 7.40304085395e-15 0
8 0.255975545909 6.70470623465e-15 0 0.228572904976 8.11568694192e-15 0
8.025 0.255875783376 1.64696815214e-14 0 0.230081712488 7.96124234245e-15 0
8.05 0.256024237996 8.58579700391e-15 0 0.231784226615 8.13471469005e-15 0
8.075 0.257377047382 1.07887873982e-14 0 0.23452939902 7.10019608212e-15 0
8.1 0.259245149171 1.00754907889e-15 0 0.235002326371 7.01786447965e-15 0
8.125 0.256766929699 6.13224748758e-15 0 0.23583361356 7.693705292e-15 0
8.15 0.254991173498 1.37086861502e-15 0 0.237437848402 8.28611431195e-15 0
8.175 0.253012233677 1.99952901458e-14 0 0.236620304771 1.00596614372e-14 0
8.2 0.250632534838 -2.31498847869e-15 0 0.236227642342 1.06637788877e-14 0
8.225 0.252507412996 6.31699553777e-14 0 0.234654612592 1.37312036741e-14 0
8.25 0.254608552405 1.26261848199e-14 0 0.232540522564 1.59199910199e-14 0
8.275 0.255423768411 1.99796776346e-14 0 0.231392646336 1.53011284199e-14 0
8.3 0.251738684071 2.3665965021e-14 0 0.229099645349 1.55713116012e-14 0
8.325 0.252406274929 -3.06699110553e-14 0 0.230766466079 1.26229322134e-14 0
8.35 0.253020377019 4.53335285977e-14 0 0.231229171112 1.19979980812e-14 0
8.375 0.254622547826 1.29883083455e-14 0 0.232130841454 1.20474377002e-14 0
8.4 0.255679752786 1.69807744255e-14 0 0.234775700368 1.10783777985e-14 0
8.425 0.261417664775 8.29197821517e-16 0 0.238019023257 9.39103395742e-15 0
8.45 0.261337693177 5.53311736706e-15 0 0.237486243527 9.6612171388e-15 0
8.475 0.261017308893 3.42644749379e-14 0 0.238713166335 1.09671386556e-14 0
8.5 0.261095462896 1.37734875588e-14 0 0.239955670652 1.19459563769e-14 0
8.525 0.263778149109 2.21868964173e-14 0 0.241675377107 1.03383285006e-14 0
8.55 0.264122599574 1.40194930318e-14 0 0.243309078006 1.0240208204e-14 0
8.575 0.260811889374 1.08508579726e-14 0 0.244052045901 1.15333869571e-14 0
8.6 0.258767519885 5.75405066476e-15 0 0.2453465762 1.16999984966e-14 0
8.625 0.256262851876 1.99068192486e-14 0 0.244330898865 1.28924648735e-14 0
8.65 0.253403206926 -1.87350135405e-16 0 0.243490739559 1.30182323255e-14 0
8.675 0.255143233893 1.42559575256e-14 0 0.241413988767 1.33018596138e-14 0
8.7 0.257027253933 1.39810038546e-14 0 0.238851626089 1.48839274239e-14 0
8.725 0.257165628189 4.0452884098e-14 0 0.237694492781 1.65974005373e-14 0
8.75 0.252924262725 2.78678989607e-14 0 0.23519808984 1.80844922371e-14 0
8.775 0.25394618929 1.58506020809e-14 0 0.235778834436 1.68315882065e-14 0
8.8 0.2551689387 1.81326308135e-14 0 0.236677488661 1.59598896599e-14 0
8.825 0.255745000218 2.39877562258e-14 0 0.239554608131 1.57562764919e-14 0
8.85 0.257473358128 1.32077508652e-14 0 0.239958962407 1.60209302422e-14 0
8.875 0.262799193711 3.45860493023e-16 0 0.243097389961 1.30270143631e-14 0
8.9 0.261447162006 1.13377189581e-14 0 0.243109193864 1.3353359217e-14 0
8.925 0.260949330617 2.27463447383e-14 0 0.244535069817 1.39304800334e-14 0
8.95 0.260928007003 2.35034431154e-14 0 0.248018289536 1.32870873592e-14 0
8.975 0.261631802292 6.25031710416e-15 0 0.248798634334 1.21588394734e-14 0
9 0.258733891053 2.35897998184e-14 0 0.248500582286 1.3985127211e-14 0
9.025 0.256210239728 7.48211646177e-15 0 0.249605775397 1.46594346588e-14 0
9.05 0.251363811117 1.65284452791e-14 0 0.249988554751 1.56996811385e-14 0
9.075 0.252897443056 1.31014990523e-14 0 0.244194556785 1.60539984084e-14 0
9.1 0.253711559551 1.89770074654e-14 0 0.242558073821 1.73103718859e-14 0
9.125 0.254887321731 1.03311456612e-14 0 0.240081619364 1.80393894267e-14 0
9.15 0.254307444559 4.0850135774e-14 0 0.239276907169 1.91353009826e-14 0
9.175 0.249556211331 2.98545910216e-14 0 0.236793787537 2.08227532439e-14 0
9.2 0.25044111158 1.88698882908e-14 0 0.237477016055 1.91413725148e-14 0
9.225 0.251842338135 2.10192106775e-14 0 0.238261223523 1.85704316508e-14 0
9.25 0.252720038408 1.75003241065e-14 0 0.240539079973 1.82935264159e-14 0
9.275 0.258191078483 2.24126273096e-15 0 0.243407453272 1.56431942053e-14 0
9.3 0.257271044837 1.05273862544e-14 0 0.242802711509 1.60709119623e-14 0
9.325 0.256402886031 3.66696690374e-14 0 0.243744134338 1.73326522405e-14 0
9.35 0.255410710476 2.01351522261e-14 0 0.24524979225 1.83367318725e-14 0
9.375 0.255760431811 2.50916908778e-14 0 0.24612601742 1.76852212345e-14 0
9.4 0.25495462088 1.97257574858e-14 0 0.248607858365 1.67473592503e-14 0
9.425 0.252607018225 1.14652346861e-14 0 0.247550231018 1.72093835357e-14 0
9.45 0.249187109961 2.29772798011e-14 0 0.245976775102 1.82531940951e-14 0
9.475 0.245649797959 8.33708102554e-15 0 0.244465889076 1.82852864794e-14 0
9.5 0.246838180824 1.84548556992e-14 0 0.241722579607 1.90355543828e-14 0
9.525 0.248155488691 1.87714427335e-14 0 0.238545143603 2.00946030648e-14 0
9.55 0.24745422804 4.49007150904e-14 0 0.237195336781 2.14823818456e-14 0
9.575 0.242612625383 3.33708755074e-14 0 0.234387800608 2.31301523074e-14 0
9.6 0.243249291053 1.9283186159e-14 0 0.234783948194 2.16560710337e-14 0
9.625 0.244385945782 1.79617605511e-14 0 0.235329640732 2.06117675011e-14 0
9.65 0.245061765364 1.88959091429e-14 0 0.237354110394 2.03869039705e-14 0
9.675 0.250224828975 4.24053153703e-15 0 0.239957173772 1.78702538878e-14 0
9.7 0.248968377985 1.30609498911e-14 0 0.239184753813 1.83003568896e-14 0
9.725 0.247891421196 2.1967670738e-14 0 0.239935923822 1.87606007118e-14 0
9.75 0.24650866088 2.00596917549e-14 0 0.241336965883 1.8796135438e-14 0
9.775 0.246257777912 3.37183623036e-14 0 0.24212940147 1.93913082206e-14 0
9.8 0.245529604993 1.81441775667e-13 0 0.243788982696 2.80187623049e-14 0
9.825 0.242013483479 1.93609166785e-14 0 0.243434438885 2.99117380713e-14 0
9.85 0.236419359522 3.47213577334e-14 0 0.243303015833 2.6837473216e-14 0
9.875 0.237148821873 1.88104740118e-14 0 0.237191592387 2.48967513272e-14 0
9.9 0.237427486294 2.2441250247e-14 0 0.235046256007 2.4351180794e-14 0
9.925 0.237871803098 3.38964967206e-14 0 0.232230701951 2.48768020072e-14 0
9.95 0.233296035167 3.36492986253e-14 0 0.228587702017 2.51760418069e-14 0
9.975 0.232942823974 3.80208017847e-14 0 0.229273064523 2.46721046371e-14 0
10 0.232546185312 6.86438753061e-14 0 0.229063544241 2.56691369549e-14 0
