/*--------------------------------*- C++ -*----------------------------------*\
| =========                 |                                                 |
| \\      /  F ield         | OpenFOAM: The Open Source CFD Toolbox           |
|  \\    /   O peration     | Version:  v2106                                 |
|   \\  /    A nd           | Website:  www.openfoam.com                      |
|    \\/     M anipulation  |                                                 |
\*---------------------------------------------------------------------------*/
FoamFile
{
    version     2.0;
    format      ascii;
    arch        "LSB;label=32;scalar=64";
    class       volScalarField;
    location    "200.12193263222102";
    object      T;
}
// * * * * * * * * * * * * * * * * * * * * * * * * * * * * * * * * * * * * * //

dimensions      [0 0 0 1 0 0 0];

internalField   nonuniform List<scalar> 
6561
(
1.29275390496
1.29212278165
1.29141512498
1.29063411649
1.28978272896
1.28886374074
1.28787975046
1.28683319207
1.28572634999
1.28456137438
1.28334029659
1.28206504446
1.28073745768
1.27935930309
1.27793228968
1.27645808344
1.27493832176
1.27337462728
1.27176862112
1.27012193513
1.26843622316
1.26671317109
1.26495450559
1.26316200195
1.2613374915
1.25948287074
1.25760011643
1.25569131587
1.25375873123
1.2518049351
1.2498330861
1.2478474647
1.24585445792
1.24386424407
1.24189341643
1.239968564
1.23813026245
1.23643606953
1.23496044946
1.23378977849
1.23301200217
1.23270345108
1.23291699308
1.23367507936
1.23496857066
1.23676038542
1.23899214836
1.2415919284
1.24448157138
1.24758273943
1.25082132201
1.2541302664
1.2574510809
1.26073433362
1.26393945773
1.26703412294
1.26999337118
1.27279865664
1.27543688284
1.27789949323
1.28018164632
1.28228148857
1.28419952749
1.28593810028
1.28750093005
1.28889275957
1.29011905265
1.29118575305
1.29209909214
1.29286543705
1.29349117243
1.29398260971
1.29434591875
1.29458707771
1.2947118374
1.29472569732
1.29463389092
1.29444137815
1.29415284366
1.29377269943
1.29330509078
1.26239712265
1.26207018037
1.26165108534
1.26114278388
1.26054812722
1.2598698774
1.25911071525
1.25827325019
1.25736003166
1.25637356175
1.25531630901
1.25419072301
1.25299924953
1.25174434602
1.25042849706
1.24905422949
1.24762412684
1.24614084268
1.24460711239
1.24302576304
1.24139972077
1.23973201542
1.23802578202
1.236284259
1.23451078353
1.23270878497
1.23088177918
1.22903336944
1.22716726546
1.22528734255
1.22339778097
1.22150335314
1.21960996301
1.2177255749
1.21586166599
1.21403523736
1.21227116177
1.21060424324
1.20907999254
1.20775308371
1.20668297774
1.20592736021
1.20553504212
1.20554017933
1.20595895094
1.20678895356
1.2080108904
1.20959177913
1.21148884825
1.21365343874
1.21603445813
1.21858115797
1.22124517846
1.22398191334
1.22675130385
1.22951818776
1.23225232406
1.23492819643
1.23752467816
1.24002462071
1.24241441073
1.24468352617
1.24682411119
1.24883058166
1.25069926739
1.25242809317
1.25401629842
1.25546419351
1.25677294985
1.25794442074
1.25898098948
1.25988544156
1.2606608579
1.26131052628
1.2618378685
1.26224638111
1.26253958756
1.26272100035
1.26279409154
1.26276227042
1.26262886732
1.23230965095
1.2322298853
1.23204494226
1.23175729169
1.23136943075
1.23088388235
1.23030319712
1.2296299587
1.22886679173
1.22801637242
1.22708144112
1.22606481656
1.22496941131
1.22379824806
1.222554476
1.22124138694
1.21986243047
1.21842122735
1.21692158066
1.21536748376
1.21376312437
1.21211288411
1.21042133283
1.20869321732
1.20693344434
1.20514705839
1.20333921605
1.20151516023
1.19968020178
1.19783972164
1.19599921713
1.19416443145
1.19234162508
1.19053806624
1.18876281893
1.18702786361
1.18534946868
1.18374953986
1.18225647335
1.18090495594
1.17973431583
1.17878548006
1.17809710727
1.17770174844
1.17762279748
1.17787268406
1.17845240845
1.17935223996
1.18055324486
1.18202927277
1.18374907564
1.18567831927
1.18778133933
1.19002257218
1.19236764869
1.19478417484
1.1972422425
1.19971472005
1.20217737213
1.20460885223
1.20699060536
1.20930671065
1.21154368708
1.21369027992
1.21573724069
1.21767710948
1.21950400591
1.22121343245
1.22280209258
1.22426772453
1.22560895131
1.22682514633
1.22791631421
1.22888298581
1.22972612652
1.23044705664
1.231047383
1.23152894069
1.23189374393
1.23214394526
1.23228180226
1.2026498977
1.20276333325
1.20276084221
1.20264425255
1.20241554136
1.2020768278
1.2016303707
1.20107857064
1.20042397577
1.19966929125
1.19881739151
1.1978713351
1.19683438121
1.19571000754
1.19450192843
1.19321411277
1.19185080055
1.1904165171
1.18891608418
1.18735462657
1.18573757321
1.18407065191
1.18235987652
1.18061152591
1.17883211445
1.17702835379
1.1752071073
1.17337533923
1.17154006345
1.16970830019
1.1678870553
1.16608334519
1.1643043018
1.16255740251
1.16085087274
1.15919429076
1.15759937159
1.15608081525
1.15465699774
1.15335021421
1.15218621445
1.15119293661
1.15039858364
1.14982938346
1.14950743765
1.14944900039
1.14966339266
1.15015260604
1.1509115283
1.15192864846
1.15318707263
1.15466569094
1.15634036558
1.15818504704
1.16017276107
1.16227643821
1.16446957922
1.16672676405
1.16902402015
1.17133907014
1.17365147927
1.17594272265
1.17819618983
1.18039714229
1.18253263671
1.18459142461
1.18656383689
1.18844165994
1.19021800853
1.19188719931
1.19344462792
1.19488665168
1.19621047926
1.19741406836
1.19849603182
1.19945555236
1.20029230613
1.2010063947
1.20159828542
1.20206875972
1.20241886899
1.17353129267
1.17378858132
1.17392106786
1.17392984751
1.17381627824
1.17358197069
1.17322878376
1.17275882517
1.17217445695
1.17147830504
1.17067327274
1.16976255717
1.16874966806
1.16763844818
1.16643309423
1.16513817728
1.16375866158
1.16229992034
1.16076774725
1.1591683621
1.15750840925
1.15579494744
1.1540354296
1.15223767179
1.15040981038
1.14856024742
1.14669758482
1.14483054901
1.14296790945
1.14111839698
1.13929063155
1.13749307398
1.13573402313
1.13402168573
1.13236434954
1.13077068288
1.12925016057
1.12781357214
1.12647351215
1.12524470548
1.12414401194
1.12319000683
1.12240213551
1.12179954933
1.12139980329
1.12121761234
1.12126383133
1.12154476302
1.12206183136
1.1228116003
1.12378608036
1.12497324631
1.12635768692
1.12792131591
1.12964408695
1.13150467108
1.13348106904
1.13555114313
1.13769306274
1.13988566398
1.14210872856
1.14434318963
1.14657127349
1.14877658672
1.15094415774
1.15306044147
1.15511329476
1.15709192945
1.15898684892
1.16078977317
1.16249355663
1.16409210201
1.16558027317
1.16695380905
1.16820924051
1.16934381129
1.17035540415
1.17124247279
1.1720039802
1.17263934346
1.17314838535
1.14502716702
1.14538466544
1.145609933
1.14570330883
1.1456654947
1.14549754483
1.14520086164
1.14477719727
1.14422866041
1.14355772794
1.14276726099
1.14186052446
1.14084120934
1.13971345676
1.13848188267
1.13715160174
1.13572824909
1.13421799819
1.13262757314
1.1309642536
1.1292358704
1.12745079018
1.12561788738
1.12374650221
1.12184638386
1.1199276185
1.11800054268
1.11607564349
1.11416344856
1.11227441048
1.11041879269
1.10860656746
1.10684733982
1.10515031585
1.10352433545
1.10197798781
1.10051981716
1.09915860567
1.09790369087
1.09676524592
1.09575443507
1.09488336711
1.09416480707
1.09361165955
1.09323628622
1.09304974988
1.09306108454
1.09327667644
1.09369981434
1.09433043683
1.09516507653
1.09619698043
1.0974163729
1.09881082246
1.10036567397
1.10206451177
1.10388962521
1.10582245477
1.10784400314
1.10993520134
1.11207722456
1.11425175589
1.11644119914
1.11862884349
1.12079898417
1.12293700403
1.12502942113
1.12706390769
1.12902928512
1.13091550013
1.13271358592
1.13441561246
1.13601462897
1.13750460178
1.13888034972
1.14013747925
1.14127232094
1.14228186881
1.14316372328
1.14391603897
1.14453747766
1.11717645627
1.11759683162
1.11787858933
1.11802134584
1.11802516321
1.1178905414
1.11761841673
1.1172101664
1.11666761868
1.11599306837
1.11518929703
1.11425959703
1.11320779862
1.11203829879
1.11075609059
1.10936679131
1.10787666767
1.10629265614
1.10462237613
1.10287413392
1.10105691501
1.09918036283
1.09725474177
1.09529088327
1.09330011364
1.09129416367
1.08928506053
1.08728500351
1.08530622682
1.08336085356
1.08146074717
1.0796173685
1.07784164912
1.07614389366
1.07453372579
1.07302009158
1.07161132971
1.07031530771
1.06913960853
1.06809173431
1.06717928046
1.06641003045
1.06579193172
1.06533293554
1.06504071008
1.0649222593
1.06498349483
1.06522881253
1.06566071982
1.06627954879
1.06708327558
1.06806745317
1.06922525235
1.07054759792
1.07202338148
1.07363973064
1.07538231397
1.07723566321
1.07918349666
1.08120903085
1.0832952706
1.08542527074
1.08758236507
1.08975036081
1.09191369796
1.09405757502
1.09616804313
1.09823207135
1.10023758659
1.10217349149
1.10402966377
1.10579694047
1.10746709033
1.1090327771
1.11048751666
1.11182563009
1.11304219493
1.11413299631
1.11509447941
1.11592370463
1.11661830637
1.08998975969
1.09044220439
1.090750339
1.09091313502
1.09093007439
1.09080114666
1.09052685229
1.09010821204
1.08954678245
1.08884467674
1.08800459064
1.08702983234
1.08592435545
1.0846927936
1.08334049523
1.08187355642
1.08029884987
1.07862404758
1.07685763449
1.07500891071
1.07308797956
1.07110571888
1.06907373373
1.06700428861
1.06491021859
1.06280481916
1.06070171601
1.05861471682
1.05655764872
1.05454418583
1.05258767315
1.05070095386
1.04889620875
1.04718481758
1.04557725292
1.04408301705
1.04271063004
1.0414676728
1.04036088069
1.03939627371
1.03857929997
1.03791496298
1.03740790407
1.03706241805
1.03688239214
1.03687117198
1.03703137038
1.03736464256
1.03787145517
1.03855087494
1.03940039869
1.04041583937
1.04159127654
1.04291907247
1.04438994987
1.04599312336
1.04771647409
1.04954675577
1.05146982037
1.05347085251
1.05553460264
1.05764561099
1.05978841594
1.06194774209
1.06410866511
1.06625675172
1.06837817464
1.07045980288
1.07248926903
1.07445501541
1.07634632137
1.07815331433
1.07986696715
1.08147908438
1.08298227987
1.08436994809
1.08563623122
1.08677598399
1.08778473796
1.08865866666
1.08939455297
1.06345537994
1.06391553344
1.06422611098
1.06438554855
1.06439284007
1.06424754095
1.063949778
1.06350026544
1.062900327
1.06215192367
1.06125768643
1.06022095314
1.05904580823
1.05773712379
1.05630060006
1.05474280318
1.05307119758
1.05129417037
1.04942104442
1.04746207738
1.04542844349
1.04333219545
1.0411862043
1.0390040757
1.03680004225
1.03458883247
1.03238551829
1.03020534435
1.02806354341
1.02597514332
1.02395477192
1.02201646656
1.02017349564
1.01843819957
1.01682185855
1.0153345944
1.01398531224
1.01278168581
1.01173018656
1.01083615126
1.01010387797
1.00953673486
1.00913726452
1.00890726678
1.00884784729
1.00895942479
1.00924169742
1.00969357431
1.01031308377
1.0110972717
1.01204210457
1.01314238962
1.0143917226
1.01578246964
1.01730578663
1.0189516759
1.02070907746
1.02256598987
1.02450961433
1.02652651506
1.02860278888
1.0307242372
1.03287653443
1.03504538773
1.03721668417
1.03937662229
1.04151182635
1.04360944223
1.04565721495
1.04764354851
1.04955754907
1.05138905299
1.05312864171
1.05476764522
1.05629813625
1.05771291722
1.05900550176
1.0601700928
1.06120155884
1.06209540991
1.06284777468
1.03754507085
1.0379947508
1.0382898386
1.03842836487
1.03840894979
1.03823081453
1.03789379872
1.03739838427
1.03674572525
1.03593768341
1.03497686872
1.03386668384
1.03261137108
1.03121606008
1.02968681397
1.02803067145
1.02625568169
1.02437092887
1.02238654279
1.02031369219
1.01816455741
1.01595227965
1.01369088482
1.01139518097
1.00908062969
1.00676319328
1.00445916089
1.00218495855
0.999956948618
0.997791225293
0.99570341284
0.993708472821
0.991820526039
0.990052693942
0.988416963335
0.98692407746
0.985583455872
0.984403144825
0.983389798887
0.98254869297
0.981883761828
0.981397661755
0.981091847051
0.980966652624
0.981021373977
0.981254337112
0.981662953078
0.982243754782
0.982992416607
0.98390375997
0.984971749872
0.986189488556
0.987549212591
0.989042299152
0.990659286128
0.992389909168
0.994223157127
0.996147345738
0.998150207915
1.00021899793
1.00234060592
1.0045016788
1.0066887434
1.00888832801
1.01108707886
1.01327186852
1.015429894
1.01754876291
1.01961656685
1.02162194153
1.02355411399
1.02540293754
1.0271589154
1.02881321438
1.03035767003
1.0317847848
1.03308772091
1.03426028941
1.03529693703
1.03619273229
1.03694335221
1.01221932517
1.01264616394
1.01291355972
1.01301927904
1.01296169648
1.01273981438
1.01235328863
1.01180246089
1.01108839683
1.01021293002
1.00917871064
1.00798925772
1.00664901329
1.0051633963
1.00353885357
1.00178290483
0.999904178237
0.997912432565
0.995818562119
0.993634580573
0.991373580288
0.989049664521
0.986677851026
0.984273947124
0.981854398032
0.979436112149
0.977036268749
0.974672114952
0.972360759605
0.970118971768
0.967962990568
0.965908351553
0.963969732504
0.962160819331
0.960494190754
0.958981219337
0.957631986294
0.956455208407
0.955458176939
0.954646710157
0.954025122312
0.953596212328
0.953361274784
0.953320134213
0.953471201676
0.953811550458
0.95433700604
0.955042244577
0.955920894006
0.956965632715
0.958168282027
0.959519890468
0.961010809469
0.962630761606
0.964368903497
0.966213885993
0.968153914322
0.970176810453
0.972270079286
0.974420979445
0.976616598624
0.978843932684
0.981089967122
0.983341759138
0.985586518351
0.987811684225
0.990004998423
0.99215457062
0.994248936637
0.996277108177
0.998228613858
1.00009353158
1.00186251262
1.00352679823
1.00507822946
1.0065092515
1.0078129136
1.00898286593
1.01001335451
1.01089921568
1.01163587119
0.987432127349
0.987829195611
0.988062137636
0.988128601231
0.988026850241
0.98775579251
0.987315014193
0.986704820421
0.985926282089
0.984981288108
0.983872602125
0.982603922173
0.981179941252
0.979606406243
0.977890171995
0.976039246915
0.97406282592
0.971971306354
0.969776282468
0.967490514364
0.965127868119
0.962703225012
0.96023235955
0.957731788136
0.955218592603
0.952710225262
0.950224304039
0.947778407605
0.945389880435
0.943075656547
0.940852108006
0.938734920545
0.936738994283
0.934878363408
0.933166125599
0.931614370775
0.9302340998
0.929035127117
0.928025966312
0.927213703269
0.926603866729
0.926200309505
0.926005114645
0.926018539269
0.926239004991
0.926663138695
0.9272858618
0.928100521296
0.929099052202
0.930272159304
0.93160950598
0.933099899315
0.93473146312
0.936491793354
0.938368093322
0.940347288474
0.942416122549
0.944561237951
0.946769243791
0.949026774977
0.951320545334
0.953637397046
0.955964347966
0.958288637618
0.960597772081
0.962879567475
0.965122191472
0.967314202096
0.969444583084
0.97150277518
0.973478702889
0.975362796485
0.977146009246
0.978819830181
0.980376292683
0.981807979762
0.98310802664
0.98427012161
0.985288506141
0.986157975253
0.98687387918
0.96313517064
0.96350065056
0.963697566115
0.96372359066
0.963577013549
0.963256775978
0.962762513394
0.96209460436
0.961254225471
0.960243411448
0.959065119125
0.957723293416
0.956222932777
0.954570151002
0.952772231539
0.950837669909
0.948776199405
0.946598795019
0.944317650775
0.94194612633
0.939498660013
0.936990647425
0.934438287351
0.931858399748
0.929268223864
0.926685207484
0.924126800435
0.921610266223
0.919152524445
0.916770033231
0.914478715482
0.912293925666
0.910230446502
0.908302498285
0.906523739501
0.904907236766
0.903465385795
0.902209772621
0.901150974668
0.900298312533
0.899659573407
0.899240733874
0.899045712225
0.899076177978
0.899331439687
0.899808422789
0.900501738922
0.901403838584
0.902505231617
0.903794755397
0.905259869124
0.906886953685
0.90866159968
0.910568870504
0.912593532033
0.91472024493
0.91693371936
0.919218834739
0.921560728982
0.923944862702
0.926357063929
0.928783558595
0.931210991253
0.933626439608
0.93601742547
0.938371923899
0.940678371538
0.942925674609
0.945103216622
0.947200865636
0.949208980817
0.95111841802
0.952920534253
0.954607190961
0.956170756249
0.957604106326
0.958900626584
0.960054212864
0.96105927358
0.961910733435
0.962604039525
0.939281590817
0.939618539352
0.939782868358
0.93977241632
0.939585631702
0.939221615911
0.938680173094
0.93796186645
0.937068080403
0.936001087469
0.934764118084
0.933361431019
0.931798381226
0.930081481225
0.928218451378
0.926218253757
0.924091103928
0.921848454946
0.919502948404
0.917068328671
0.914559318542
0.911991457557
0.909380908082
0.906744238542
0.904098197583
0.901459496538
0.89884461964
0.896269681015
0.893750343927
0.891301810772
0.888938882348
0.886676073043
0.884527756743
0.882508308698
0.880632203733
0.878914032689
0.877368407557
0.876009740566
0.874851901219
0.873907774701
0.873188761525
0.872704268623
0.8724612447
0.872463807216
0.87271299642
0.873206675926
0.873939582296
0.874903510841
0.876087613198
0.877478775281
0.879062041805
0.880821055301
0.882738482049
0.884796403677
0.88697666009
0.889261135987
0.891631988973
0.894071821741
0.896563803955
0.899091751276
0.901640169777
0.904194273851
0.906739985029
0.909263918076
0.911753359489
0.914196242332
0.916581120177
0.918897142013
0.92113402919
0.923282054915
0.925332026454
0.927275269942
0.929103617633
0.930809397407
0.932385424417
0.933824994861
0.935121881998
0.936270334631
0.937265078431
0.938101320549
0.938774758059
0.915829298605
0.916145519005
0.916285628424
0.916247762828
0.916030657537
0.91563369634
0.91505696765
0.914301327145
0.913368465853
0.912260982128
0.910982455198
0.909537517236
0.907931919977
0.906172591026
0.90426767413
0.902226547044
0.900059810332
0.897779240707
0.895397703638
0.892929022083
0.89038780154
0.88778921617
0.885148766296
0.882482023685
0.879804386765
0.877130872285
0.874475971413
0.871853595782
0.869277131446
0.866759606086
0.86431395787
0.861953375413
0.859691660298
0.857543550613
0.855524939274
0.85365292713
0.851945668287
0.850421991799
0.84910081558
0.848000399488
0.847137509037
0.846526574684
0.846178931861
0.846102214681
0.846299954587
0.846771408628
0.847511615445
0.848511654545
0.84975906847
0.851238399006
0.852931786952
0.854819588928
0.856880972304
0.85909445888
0.861438397893
0.863891358116
0.866432436643
0.869041487895
0.871699280623
0.874387593127
0.877089258011
0.879788167743
0.882469251483
0.885118432356
0.887722572774
0.890269413882
0.892747513634
0.895146186765
0.897455448737
0.899665964951
0.901769005806
0.903756407787
0.905620540475
0.907354279226
0.908950983256
0.910404478885
0.911709047778
0.912859420161
0.913850773054
0.914678733744
0.915339388742
0.892744001699
0.893052019495
0.893181203211
0.893130109327
0.892897879143
0.892484292913
0.89188983111
0.89111574191
0.890164113407
0.889037948402
0.887741238743
0.886279035248
0.884657508162
0.882883992048
0.880967008037
0.878916255736
0.876742566979
0.874457814386
0.872074769622
0.869606909714
0.867068174847
0.864472687875
0.861834453734
0.859167065478
0.856483451176
0.853795700893
0.851115013219
0.848451794605
0.845815930877
0.843217228798
0.84066599836
0.838173717202
0.835753692526
0.833421619088
0.831195929468
0.829097848132
0.82715109326
0.825381216005
0.823814617961
0.82247733489
0.82139370901
0.820585086861
0.82006867296
0.819856643925
0.819955589492
0.820366303899
0.821083911039
0.822098275589
0.823394632686
0.824954360842
0.826755824796
0.828775224041
0.830987395941
0.833366536934
0.835886819451
0.838522894449
0.841250279356
0.844045638446
0.846886967442
0.849753696767
0.852626728783
0.855488423979
0.858322549848
0.861114204448
0.863849724633
0.866516586949
0.869103307295
0.871599343754
0.87399500563
0.876281370529
0.878450210515
0.880493927699
0.882405499206
0.884178431234
0.885806721764
0.8872848315
0.888607662615
0.889770545028
0.890769229997
0.891599890963
0.892259131674
0.870001997867
0.870319117637
0.870455656982
0.870410704541
0.87018391536
0.869775568823
0.869186633586
0.868418838109
0.867474744715
0.86635782425
0.865072527387
0.863624347404
0.862019868005
0.860266788479
0.85837391741
0.856351125597
0.854209249052
0.85195993444
0.849615422555
0.847188270712
0.844691022617
0.842135844143
0.839534154875
0.836896296956
0.834231292614
0.831546747048
0.828848951147
0.826143226231
0.823434529081
0.820728300767
0.818031500379
0.815353721177
0.812708250139
0.810112911817
0.807590541143
0.80516896127
0.80288039955
0.800760349433
0.798845965448
0.797174147476
0.795779515285
0.794692486043
0.793937645314
0.79353255278
0.793487059202
0.793803143755
0.794475223024
0.795490842303
0.796831638927
0.798474464106
0.800392559996
0.802556707204
0.804936280011
0.807500168512
0.810217546398
0.813058478783
0.815994376269
0.818998309229
0.822045200934
0.825111920104
0.828177293514
0.831222058016
0.834228769241
0.837181681723
0.840066612602
0.842870798454
0.845582752549
0.848192127778
0.85068958882
0.853066695771
0.855315800411
0.857429955533
0.859402837223
0.861228679662
0.862902221829
0.864418665462
0.865773643607
0.866963199217
0.867983773333
0.868832202525
0.869505725374
0.847592796861
0.847941198499
0.848108441445
0.848094244383
0.847898869581
0.847523183376
0.846968723141
0.846237768737
0.845333415626
0.84425964573
0.843021390835
0.841624581869
0.840076175781
0.838384150292
0.836557455552
0.834605911332
0.832540039102
0.83037082095
0.828109382286
0.825766603358
0.823352675796
0.820876634721
0.818345913019
0.815765980397
0.81314014237
0.810469579553
0.80775370103
0.804990863577
0.80217946944
0.799319400811
0.796413685073
0.793470221472
0.79050335043
0.787535024903
0.784595359676
0.78172239307
0.778960990973
0.776360941069
0.773974404342
0.771852988146
0.770044759827
0.768591520153
0.767526604107
0.766873387844
0.766644575054
0.766842234107
0.767458477195
0.768476624092
0.769872676185
0.771616935107
0.77367562588
0.776012418422
0.778589776493
0.781370094884
0.784316611455
0.787394099642
0.790569359778
0.793811534897
0.797092279864
0.800385812921
0.803668876922
0.80692063464
0.810122519049
0.813258055835
0.816312671937
0.819273500749
0.822129191836
0.824869730713
0.827486272334
0.829970990429
0.832316943738
0.834517959323
0.836568532615
0.838463743495
0.840199187509
0.841770921287
0.843175421223
0.844409554597
0.845470562427
0.846356053447
0.847064008771
0.825521595005
0.825928413852
0.826154816966
0.826201234439
0.826068611823
0.825758471868
0.825272981698
0.82461502271
0.823788259376
0.822797201796
0.82164725519
0.820344747701
0.818896925918
0.817311905731
0.815598564839
0.813766363023
0.811825077797
0.809784447222
0.807653719267
0.805441118947
0.803153260752
0.800794554205
0.798366672876
0.795868178835
0.793294410358
0.790637744878
0.787888335328
0.785035381088
0.782068933047
0.778982149047
0.77577382127
0.772450907147
0.769030730438
0.765542499436
0.762027829021
0.758540055639
0.755142288024
0.751904316955
0.748898681302
0.746196320077
0.743862301564
0.741952094639
0.740508743206
0.73956115286
0.739123533234
0.739195890446
0.739765358287
0.740808105711
0.742291555683
0.744176682623
0.746420207169
0.748976564283
0.751799573953
0.754843787413
0.758065513997
0.761423554841
0.764879681551
0.768398902772
0.771949561563
0.775503303384
0.779034949765
0.782522307305
0.78594593622
0.789288897595
0.792536493991
0.795676014249
0.798696490113
0.801588469769
0.804343811373
0.806955498127
0.809417475332
0.811724509076
0.8138720657
0.815856210884
0.817673527053
0.819321047789
0.820796208003
0.822096808721
0.8232209955
0.824167249637
0.824934391443
0.803811587085
0.804308911736
0.804627979225
0.804769992878
0.804736636976
0.804530138356
0.804153331763
0.803609725304
0.802903560947
0.802039863308
0.801024467893
0.799864017623
0.798565914081
0.797138207716
0.795589409884
0.793928209708
0.792163081424
0.79030177419
0.788350687632
0.786314153454
0.784193666751
0.781987139185
0.77968827738
0.777286218874
0.774765577675
0.772107053128
0.769288730432
0.766288141914
0.763085063325
0.759664895382
0.756022343533
0.752164983927
0.748116221233
0.743917133329
0.739626777435
0.73532070239
0.731087651301
0.72702470715
0.723231380905
0.719803317207
0.716826354551
0.714371600287
0.712491987049
0.711220528369
0.710570240413
0.710535485295
0.711094359441
0.712211709941
0.713842392072
0.71593445484
0.718432033451
0.721277818094
0.724415044585
0.727789008985
0.731348145225
0.735044725063
0.738835247427
0.742680583491
0.746545938003
0.75040067911
0.754218079838
0.757975005661
0.761651574686
0.765230810278
0.768698300394
0.772041873443
0.775251296996
0.778318003071
0.781234841693
0.783995863077
0.786596127776
0.789031543509
0.791298727031
0.793394889218
0.795317741523
0.797065422024
0.798636439422
0.800029633522
0.801244150913
0.802279434753
0.803135227689
0.782506059712
0.783130775642
0.783580825243
0.783858224444
0.783965428138
0.783905390143
0.783681624425
0.783298262734
0.78276010208
0.782072633243
0.781242038904
0.780275146993
0.779179321889
0.77796227343
0.77663176223
0.775195180477
0.773658991579
0.772028021481
0.770304610655
0.768487660116
0.766571637555
0.764545649404
0.762392727352
0.760089516424
0.757606575762
0.754909500188
0.751961027683
0.748724206013
0.745166549526
0.741264935812
0.737010796754
0.732414988206
0.727511622144
0.722360155418
0.717045173046
0.711673575741
0.706369243064
0.701265631663
0.696497109355
0.692190053835
0.688454799969
0.6853793547
0.683025454063
0.681427142871
0.680591692112
0.680502376184
0.681122477967
0.682399886205
0.684271742619
0.686668737546
0.689518805328
0.692750105805
0.696293281244
0.700083045788
0.704059201538
0.708167189229
0.712358279661
0.716589501387
0.720823385318
0.725027591198
0.729174466166
0.733240572863
0.737206213926
0.741054971376
0.744773272907
0.748349992309
0.751776087678
0.755044278658
0.758148762183
0.76108496516
0.763849331816
0.766439143104
0.768852365466
0.771087526259
0.773143613308
0.775019996283
0.776716367793
0.778232702397
0.77956923194
0.780726435858
0.781705045261
0.761670173554
0.762463580789
0.763087267926
0.76354407801
0.763837242621
0.763970438523
0.763947842083
0.763774175195
0.763454734188
0.762995390363
0.762402547464
0.761683037604
0.760843933428
0.759892251077
0.758834516927
0.757676172547
0.756420798665
0.755069152513
0.753618035858
0.752059045073
0.750377300102
0.748550303779
0.746547140979
0.744328277894
0.74184625065
0.739047521356
0.735875710824
0.732276278479
0.728202511311
0.723622423322
0.718525894054
0.712931147228
0.706889553719
0.700487793139
0.693846651696
0.687116152992
0.680467248662
0.674080840216
0.668135361908
0.66279444914
0.658196267129
0.654445767735
0.651610536458
0.649720287082
0.648769554735
0.648722736827
0.649520464141
0.651086369226
0.653333520846
0.656170039318
0.659503646602
0.66324509747
0.667310568463
0.671623153664
0.676113643837
0.680720763247
0.685391019219
0.690078293045
0.694743273082
0.699352805613
0.703879217585
0.708299648218
0.712595413379
0.716751416962
0.720755616585
0.724598546226
0.728272895241
0.731773141272
0.735095233407
0.738236321402
0.741194526614
0.743968750357
0.746558515669
0.74896383879
0.751185127029
0.753223100117
0.755078732489
0.756753214333
0.758247929539
0.75956444893
0.760704537388
0.741392312682
0.742399452718
0.743242993116
0.743926592336
0.744454237836
0.74483029745
0.745059563943
0.745147284706
0.745099165663
0.744921334852
0.74462024685
0.744202504462
0.74367456934
0.743042329271
0.742310488237
0.741481747812
0.740555757736
0.739527832584
0.738387463294
0.737116699346
0.735688539662
0.73406554468
0.732198959929
0.730028707998
0.727484639911
0.72448941317
0.720963257731
0.716830686914
0.712028909845
0.706517334424
0.70028717431
0.693369875037
0.685842946685
0.677831909171
0.669507448595
0.661077508886
0.652774796278
0.64484091169
0.637508920192
0.630986553824
0.625442331494
0.620996370248
0.617716563288
0.615619901063
0.61467807285
0.614825926313
0.615971186686
0.618004112972
0.620806144529
0.624256993223
0.62823999826
0.63264582309
0.637374724826
0.642337687589
0.647456711643
0.652664516764
0.657903870661
0.663126703804
0.668293127664
0.673370436695
0.678332146013
0.683157095754
0.687828638251
0.692333914141
0.696663217003
0.700809442237
0.70476761371
0.708534480742
0.712108177788
0.715487939442
0.718673863912
0.721666718769
0.724467783478
0.727078723952
0.729501494972
0.731738266983
0.733791374296
0.735663282181
0.737356570748
0.73887393382
0.740218191176
0.721784861814
0.723053503496
0.724165550865
0.72512544003
0.725937867079
0.726607831914
0.727140669421
0.727542057769
0.727817989937
0.727974689999
0.728018450221
0.727955358978
0.727790883556
0.727529267072
0.727172696989
0.72672020661
0.726166283933
0.725499188542
0.724699020728
0.72373565092
0.7225667018
0.7211358755
0.719372021948
0.717189430823
0.714489869205
0.711166844598
0.707112415088
0.702226574297
0.696428814196
0.689670958132
0.681949847509
0.673318081586
0.663890883037
0.653847391982
0.643425300476
0.632908646574
0.622609620531
0.612846189058
0.603918070665
0.596084122902
0.589544489192
0.584430151612
0.580800352201
0.578647065966
0.577905104949
0.578465595
0.580190317288
0.582925107536
0.586511133982
0.590793507096
0.595627214526
0.600880714883
0.606437672554
0.612197332334
0.618073976174
0.623995817832
0.629903601283
0.635749089241
0.641493564197
0.647106416371
0.652563858705
0.657847785966
0.66294478011
0.667845255252
0.672542730713
0.677033218581
0.681314711721
0.685386758831
0.689250114187
0.692906451116
0.696358129629
0.699608010008
0.70265930539
0.705515467505
0.708180100704
0.710656900241
0.712949611496
0.715062007383
0.716997881666
0.718761056229
0.720355400567
0.702984269466
0.704563525855
0.705993685228
0.707279899421
0.708427501701
0.709442040429
0.710329292832
0.711095246069
0.711746028087
0.712287764929
0.712726334284
0.71306697741
0.713313724044
0.713468579027
0.713530417474
0.713493541004
0.713345865394
0.713066745464
0.712624501544
0.711973797375
0.711053131914
0.709782840452
0.70806413703
0.705779841502
0.702797479893
0.698975377878
0.694172138767
0.688259482752
0.681137834497
0.672753347571
0.663114374484
0.652304906211
0.640492400091
0.627927819692
0.614936629715
0.601900767799
0.589232974501
0.577346008259
0.566620064869
0.557372468502
0.549834608249
0.544140733073
0.540328127127
0.538346538009
0.538074942679
0.53934230943
0.541948223743
0.545681048389
0.550332191833
0.555706051669
0.561626015199
0.567937305867
0.574507548756
0.581225837224
0.588000921899
0.594758974566
0.601441232818
0.608001716815
0.614405126436
0.620624970338
0.62664194191
0.632442535126
0.638017881238
0.643362781789
0.648474911943
0.653354169074
0.658002143705
0.662421692613
0.666616596712
0.670591289034
0.674350640572
0.677899793861
0.681244036044
0.68438870469
0.687339120916
0.690100545439
0.692678154014
0.695077029397
0.69730216749
0.69935849565
0.701250901365
0.685150268922
0.687088846639
0.688885834399
0.690547017443
0.692078274599
0.693485598755
0.69477508878
0.695952896915
0.697025109781
0.697997533837
0.698875347398
0.699662571779
0.700361304655
0.700970651459
0.701485288626
0.701893600355
0.702175354422
0.702298929575
0.702218184398
0.70186917037
0.701167040199
0.700003677094
0.698246748719
0.695741031949
0.69231290587
0.68777880563
0.681958108102
0.674690347557
0.665855854701
0.655397971256
0.643344096666
0.629822222457
0.61506956097
0.599430547788
0.583342859286
0.5673118478
0.551875490547
0.5375631419
0.524851997086
0.514126293731
0.505646328421
0.499537775555
0.495797309888
0.494309135062
0.494871080005
0.497226178411
0.501091781168
0.506183710771
0.512233710864
0.519000112401
0.526272906004
0.533874794761
0.541659674774
0.549509677791
0.557331577545
0.565053079134
0.572619298283
0.579989589923
0.587134789874
0.594034875255
0.600677016855
0.607053981014
0.613162833205
0.619003896191
0.62457991944
0.629895421745
0.634956174558
0.639768798903
0.644340453573
0.648678596483
0.652790804611
0.656684640888
0.660367558802
0.66384683743
0.667129541168
0.67022249966
0.673132304378
0.675865319061
0.678427701726
0.680825436296
0.683064372039
0.66846415974
0.670808277262
0.673017773944
0.675098971088
0.677058186873
0.678901740302
0.680635916429
0.682266873147
0.683800462519
0.685241930501
0.686595448027
0.687863414473
0.689045462724
0.690137086086
0.691127805003
0.691998802128
0.69271998539
0.693246499926
0.693514810248
0.6934386207
0.692905094945
0.691772061573
0.689867122545
0.686989761842
0.682917609377
0.677417863461
0.670264433444
0.661260588947
0.650265822482
0.637224382969
0.622191772344
0.60535476405
0.587040561561
0.567711794663
0.547946056717
0.528401084977
0.509768649379
0.492721013075
0.477853546956
0.465629527873
0.456333426908
0.450064705333
0.446754580247
0.446191113439
0.448056803199
0.451977910519
0.457564860403
0.464443940421
0.472277691148
0.48077484674
0.489692691537
0.498834708662
0.508045733398
0.517206108765
0.526225760595
0.535038696223
0.543598161213
0.551872524914
0.559841873482
0.567495242631
0.574828403677
0.581842113928
0.588540748315
0.594931239068
0.601022261213
0.60682361239
0.612345745158
0.617599418293
0.622595440556
0.627344486126
0.631856965504
0.636142939351
0.640212065625
0.644073572634
0.647736252364
0.651208469817
0.654498185045
0.657612985357
0.660560125652
0.663346575085
0.665979068363
0.653126098713
0.655917147884
0.658579426451
0.661119685934
0.663544569727
0.665860596962
0.668074095964
0.670191063225
0.672216914853
0.674156086103
0.676011421227
0.677783280964
0.679468280484
0.681057559378
0.682534482776
0.683871686239
0.685027416907
0.685941201537
0.686529000554
0.686678194875
0.686242998906
0.685041182524
0.682853277573
0.679425671519
0.674479055925
0.667723486461
0.658880719714
0.647713464195
0.63405976049
0.617869071523
0.599235163648
0.578419972125
0.555862881583
0.532171544739
0.508093342571
0.484469916793
0.462179328097
0.442069611677
0.424883500255
0.411187025299
0.401279658321
0.395207350992
0.392805162544
0.393727202745
0.397491585183
0.403567115066
0.411426633415
0.420588425786
0.430638176734
0.441235044472
0.45210823655
0.463048927232
0.473900542663
0.484549112667
0.494914530651
0.504943052886
0.514601087337
0.523870180755
0.532743051796
0.54122050148
0.549309039223
0.557019080532
0.564363594174
0.571357098314
0.578014924819
0.584352687902
0.590385907303
0.596129747645
0.601598844603
0.606807195655
0.611768098633
0.616494125579
0.620997122551
0.62528822854
0.629377908407
0.633275996159
0.636991745828
0.640533887887
0.643910689581
0.647130017687
0.65019940215
0.639351407183
0.642623469191
0.645770915996
0.64880082201
0.651720040911
0.654535165783
0.657252425704
0.65987748974
0.662415138312
0.664868748102
0.667239520235
0.669525363221
0.671719324221
0.673807448457
0.675765943507
0.677557542204
0.679127007774
0.68039582275
0.681256264656
0.681565307605
0.681139099683
0.67974913086
0.677121574219
0.672941566418
0.666864266772
0.658534251949
0.647614030538
0.633821127965
0.61697135318
0.597023753925
0.574120851283
0.548616663662
0.521085516545
0.49230722897
0.463228788272
0.434907559863
0.408443695185
0.384904621072
0.365219437306
0.350119168127
0.339893689569
0.334486390314
0.333605619623
0.336734187674
0.343142176931
0.352087741165
0.362867628072
0.374873811707
0.387612445775
0.400699496196
0.413846618236
0.426844333204
0.439545828756
0.451852760214
0.463703442533
0.47506335655
0.485917699969
0.496265655112
0.506116050542
0.515484126748
0.524389159522
0.532852739147
0.54089754439
0.548546485535
0.555822119828
0.562746266033
0.569339763113
0.575622332186
0.581612511635
0.587327643401
0.592783894528
0.597996302524
0.602978836444
0.607744467966
0.612305248538
0.61667238985
0.620856345789
0.624866894509
0.628713219577
0.632403989128
0.635947431742
0.627365965924
0.631143324904
0.634797998899
0.638337283184
0.641768132871
0.645097095832
0.648330167604
0.651472533616
0.654528150866
0.657499104497
0.660384654831
0.663179868272
0.665873703636
0.668446408634
0.670866077326
0.673084240072
0.675030418599
0.676605699295
0.67767557706
0.678062614154
0.677539843719
0.675826300303
0.672586516088
0.667436170333
0.659956163426
0.649717021293
0.636314551443
0.619415980266
0.598813473057
0.57447927303
0.54661426323
0.515680394855
0.48240817903
0.447774275793
0.412951177325
0.379238952975
0.347995274998
0.320575592941
0.298118693855
0.281726755085
0.271585140393
0.267424574423
0.268824551535
0.275105309523
0.285089527306
0.297772695893
0.312224667136
0.327698045808
0.343628106188
0.359604709271
0.375340694881
0.390643298133
0.405390375176
0.419511470295
0.432973137118
0.445767782297
0.457905333082
0.469407118148
0.480301450221
0.490620494455
0.500398092715
0.509668287989
0.518464354566
0.526818188632
0.534759952185
0.542317892266
0.549518279327
0.556385424712
0.56294174902
0.569207881718
0.575202778517
0.580943847425
0.586447077521
0.591727166617
0.59679764551
0.601670997474
0.606358772291
0.610871694378
0.615219764715
0.619412356002
0.623458300094
0.617400833023
0.62169565309
0.625867047143
0.629922440437
0.63386879278
0.63771250113
0.641459208587
0.645113478948
0.648678280279
0.65215420109
0.655538298938
0.658822454694
0.661991079364
0.665017999887
0.66786234528
0.670463278959
0.672733496392
0.674551552606
0.675753325436
0.676123275381
0.675386632195
0.673204190624
0.669171954536
0.662828292561
0.653671364719
0.641189120159
0.624902943333
0.604423932889
0.579517921134
0.550172038369
0.516652562702
0.479541978129
0.439744014431
0.398450757781
0.357076523581
0.317175265833
0.280376587522
0.248497285804
0.222679717263
0.205210886258
0.195733352638
0.193478269787
0.198025550053
0.208815505711
0.223534722121
0.241013522205
0.259997258537
0.279608647957
0.299244670728
0.318502480265
0.3371249046
0.354959136337
0.371925892618
0.387996609796
0.403176721554
0.417493543691
0.430987638157
0.443706779891
0.455701842148
0.467024071391
0.477723350415
0.487847151384
0.4974399614
0.506543024874
0.515194292958
0.523428503732
0.531277340889
0.538769635731
0.545931589176
0.552786998807
0.559357481656
0.565662687252
0.571720498056
0.577547216039
0.583157735217
0.588565700544
0.593783653838
0.598823167448
0.603694966141
0.60840903731
0.612974728848
0.609686277212
0.614496618293
0.619179791569
0.623743276979
0.628193959102
0.632537996978
0.636780583911
0.640925549792
0.644974740053
0.648927082027
0.652777221455
0.65651358042
0.6601156566
0.663550359099
0.666767169446
0.669691944551
0.672219264487
0.674203400001
0.67544826155
0.675697115089
0.674623411091
0.67182473493
0.666822554175
0.659070944782
0.647977587897
0.632939766666
0.613396610801
0.588896314762
0.559173604272
0.52422875453
0.484395679743
0.440384037716
0.393280614604
0.344501827781
0.295705654609
0.248680518802
0.205185125627
0.168294690458
0.137379888547
0.119548265693
0.111723180866
0.111931929822
0.120297050915
0.13806067295
0.158787632706
0.182401269849
0.206869104744
0.231305898621
0.255146862049
0.278049254249
0.299823991449
0.320385716959
0.339718015962
0.357848874172
0.374833322404
0.390741342127
0.405649654151
0.419636334149
0.432777439024
0.445145026459
0.456806113449
0.467822249132
0.478249475743
0.488138523688
0.497535138123
0.506480470194
0.51501149051
0.523161398914
0.530960015468
0.538434144715
0.545607909787
0.552503055738
0.559139223158
0.565534194012
0.571704112043
0.577663680186
0.583426337255
0.589004415822
0.594409282739
0.599651462984
0.604740746617
0.604445462708
0.609753804549
0.614928044933
0.619975661598
0.624903403978
0.629717128705
0.634421508251
0.639019558317
0.643511908277
0.647895711985
0.652163063653
0.65629874681
0.660277107483
0.664057813422
0.667580252472
0.670756354774
0.673461722531
0.67552515054
0.676716955207
0.676737025191
0.675204165216
0.671649082059
0.665514145849
0.656163652396
0.642908432879
0.625047981488
0.601931515217
0.573036421564
0.53805855078
0.49700425386
0.45026963727
0.398688854444
0.343531448335
0.286434503808
0.229291055955
0.174150835134
0.121619083834
0.0808819306892
0.0383435938044
0.0234552122781
0.0193284789278
0.0218815746223
0.032828989581
0.0641796379117
0.0910329608542
0.122864764405
0.153733664212
0.183633584948
0.212125142988
0.238985115507
0.26413380271
0.287580891162
0.309392149362
0.329666041071
0.348517229678
0.366065459966
0.382428498018
0.397717976402
0.412037219996
0.425480361123
0.438132253947
0.450068855283
0.461357853785
0.472059409546
0.482226920052
0.49190776371
0.501143994751
0.509972977392
0.518427955644
0.526538560118
0.534331255851
0.541829736432
0.54905527016
0.556027003811
0.56276222925
0.569276617531
0.575584424485
0.581698671028
0.587631300589
0.593393315042
0.598994889247
0.601888047129
0.607660468297
0.613288618538
0.618779936219
0.624140997463
0.629377316921
0.634493004907
0.639490219459
0.644368327672
0.649122659875
0.653742702925
0.658209536704
0.662492275265
0.666543239676
0.670291578361
0.673635085239
0.676430077486
0.678479421552
0.679519178372
0.679204906995
0.677099422831
0.672664701558
0.665261521094
0.654161109834
0.638573191874
0.617694013646
0.590775885362
0.557216375205
0.516660825082
0.469106980868
0.414995997234
0.355269742713
0.291367271924
0.225121189439
0.158596163262
0.0954162667752
0.0253756954818
0.00346058619305
0
0
0
0
0
0.0027305185654
0.0183664747418
0.064403237016
0.101648738936
0.137538989227
0.171039716079
0.202102104204
0.230794935218
0.257244536248
0.281614572653
0.304086076702
0.324842272161
0.344058916402
0.361898974576
0.378510251274
0.394024878066
0.408559877241
0.422218287484
0.435090530437
0.447255828149
0.45878356605
0.469734548617
0.480162126271
0.490113189979
0.499629039767
0.508746138006
0.51749676012
0.525909555516
0.534010030794
0.541820966146
0.549362774558
0.556653812094
0.563710646268
0.570548288286
0.577180393744
0.583619435148
0.589876848307
0.595963153096
0.60220395913
0.608390079685
0.614418621748
0.620296967021
0.626031502484
0.63162738735
0.637088160216
0.642415118068
0.647606371744
0.652655447906
0.657549265595
0.662265267748
0.666767439522
0.671000905602
0.674884784447
0.678303014224
0.681092988193
0.68303209007
0.683822648182
0.68307646601
0.680300939174
0.674889776834
0.666122357468
0.653176497032
0.635159512918
0.61116149973
0.580332344948
0.541980145095
0.495683791137
0.441407654454
0.37960299817
0.311279630008
0.238023559097
0.161822784647
0.0834488810719
0.0113428201907
0
0
0
0
0
0
0
0
0
0.00736526057457
0.0509389321633
0.094023463684
0.132777983614
0.168206089199
0.200562853095
0.230093773512
0.257070221082
0.281766178747
0.304441508967
0.325333507905
0.344653815464
0.36258842081
0.379299299208
0.394926782708
0.409592143841
0.423400110567
0.436441175439
0.448793645517
0.460525425189
0.471695547175
0.48235547716
0.492550220653
0.502319260008
0.511697347249
0.52071517526
0.529399946785
0.537775857741
0.545864508631
0.553685255532
0.561255510063
0.568590995915
0.575705967864
0.582613397621
0.589325129207
0.595852004724
0.605557607359
0.61209135297
0.618451295163
0.624644761074
0.630677954926
0.636555693476
0.6422809667
0.647854248933
0.65327245591
0.658527405006
0.663603589564
0.668475025165
0.673100871465
0.677419488215
0.681340566721
0.684735016242
0.687422417912
0.689156134913
0.689606637921
0.688344308364
0.684823922052
0.67837412624
0.668196331875
0.65337824392
0.632927312217
0.605828209316
0.571125635428
0.528029278081
0.476032253574
0.415029392385
0.345420149758
0.268191742492
0.185064242947
0.0994328782922
0.0116447490717
0
0
0
0
0
0
0
0
0
0
0
0.00670356714351
0.0549799205582
0.0982183355995
0.138073584602
0.174180815009
0.20683973997
0.236439468591
0.263358963525
0.287942921733
0.310495199957
0.331278948855
0.350519767855
0.368410039122
0.385113469482
0.400769363394
0.415496427439
0.429396054071
0.442555104789
0.455048244157
0.466939885678
0.478285809619
0.489134507144
0.499528297902
0.509504260826
0.519095011217
0.528329351298
0.53723281649
0.545828135503
0.5541356189
0.562173487942
0.569958153063
0.577504449242
0.584825833542
0.591934548178
0.598841750325
0.61208274014
0.618883926106
0.625492481133
0.63191569876
0.638159628663
0.6442287843
0.650125662701
0.655849995904
0.66139762131
0.66675881694
0.671915897029
0.676839805604
0.681485386117
0.685784955248
0.689639788328
0.69290916287
0.695396747887
0.69683442263
0.696864114683
0.695019006601
0.690706475398
0.683196326077
0.671619066057
0.654979797388
0.632193285193
0.602144323142
0.563774185299
0.516188647225
0.458776466422
0.391320801148
0.314078553006
0.227763319169
0.133067790498
0.0273552757734
0
0
0
0
0
0
0
0
0
0
0
0
0
0.0142729682945
0.0673032208909
0.112381555415
0.15237069573
0.188171974143
0.220376332501
0.249487276623
0.275942380663
0.300116124909
0.322325089818
0.342835174406
0.361869186825
0.379613893754
0.396226176076
0.411838229248
0.426561876694
0.440492111946
0.453709993195
0.466285004701
0.478276984066
0.489737698082
0.500712134712
0.511239565886
0.521354424927
0.531087033719
0.540464207621
0.549509760483
0.558244927586
0.566688720633
0.574858225903
0.582768854085
0.590434548023
0.597867952329
0.605080546474
0.621878130527
0.62885480191
0.63561778632
0.64217438333
0.648530537741
0.654690524467
0.660656434922
0.666427379723
0.671998288259
0.677358141696
0.682487422039
0.687354497987
0.691910604196
0.696083016247
0.699765999866
0.702809152071
0.705002899128
0.706061227436
0.705602258178
0.703128079794
0.698006326318
0.689457252568
0.676551296598
0.658222955366
0.633306679855
0.600598765615
0.558945282919
0.50734975224
0.445086396815
0.371799773784
0.287588909763
0.193207810727
0.0912557437246
0.00390002055401
0
0
0
0
0
0
0
0
0
0
0
0
0
0.00191362913761
0.0445239861736
0.092430549593
0.135913880068
0.174752770384
0.209487877682
0.240718657727
0.268975588439
0.294705212949
0.318277848772
0.339999261195
0.360121936171
0.378854873877
0.396371741268
0.412817517008
0.428313849711
0.442963357836
0.456853076201
0.470057221684
0.48263941847
0.494654494893
0.506149940381
0.517167092063
0.527742105617
0.537906753186
0.547689081998
0.55711396018
0.566203530606
0.574977589156
0.583453900176
0.591648458866
0.599575707732
0.607248711689
0.614679293788
0.635004209872
0.64205561465
0.648870446251
0.655456068833
0.661818393246
0.667961545332
0.673887328089
0.679594389103
0.685076968855
0.690323059533
0.695311747446
0.700009447177
0.70436466795
0.70830089496
0.711707142032
0.714425770728
0.716237321897
0.716842427288
0.715841423022
0.712713120255
0.706795302448
0.697270824712
0.683164460569
0.663356464768
0.636618598076
0.601676356538
0.557296615157
0.502392153739
0.436122504193
0.357949672045
0.267554773575
0.164329338574
0.0452953393481
0
0
0
0
0
0
0
0
0
0
0
0
0
0
0
0.0215381032118
0.0774736178142
0.125257467826
0.167151308724
0.204307592721
0.237540096645
0.267491053812
0.294680061227
0.319529247463
0.34238210153
0.363518896023
0.383169283376
0.4015224239
0.418735036834
0.43493776304
0.450240185369
0.464734794869
0.478500133846
0.491603297082
0.504101931926
0.516045845905
0.527478305674
0.538437092004
0.548955360909
0.559062349838
0.56878395925
0.57814323323
0.587160757647
0.595854990163
0.604242533005
0.612338356469
0.62015597835
0.627707601669
0.651480720132
0.658500741574
0.665259866212
0.671765600808
0.678023914162
0.6840388959
0.689812204927
0.695342216987
0.700622744095
0.705641151369
0.710375638742
0.714791388097
0.718835206558
0.72242823664
0.725456275733
0.727757285424
0.729105823493
0.72919445814
0.727612788104
0.723825541464
0.717152359917
0.706753201055
0.691624569585
0.670612591153
0.642448644603
0.60581111506
0.559412103851
0.502100218893
0.432960049027
0.351376574003
0.25702126418
0.149721950736
0.0293314621796
0
0
0
0
0
0
0
0
0
0
0
0
0
0
0
0.0139443718751
0.071181801044
0.121611718472
0.166006489944
0.205300648534
0.2403381499
0.27182645232
0.300342828712
0.32635380199
0.350235814524
0.372293444248
0.392774354112
0.411881174193
0.429780811915
0.446611709762
0.462489502623
0.477511439989
0.49175985794
0.505304919508
0.518206789902
0.530517373194
0.542281706837
0.553539087668
0.564323985848
0.574666790322
0.584594419456
0.594130823043
0.603297395998
0.612113319445
0.620595841143
0.628760503989
0.636621328347
0.644190951003
0.671285405373
0.678166242546
0.684760789119
0.691076792231
0.697120390752
0.70289577221
0.708404618892
0.71364525221
0.718611347458
0.723290043544
0.727659213765
0.731683596128
0.735309411205
0.738457034556
0.741011261634
0.74280874019
0.743622296942
0.743142211725
0.740955056758
0.736521568333
0.729156151994
0.718011944562
0.702076623605
0.680184931507
0.651053534218
0.613341609881
0.565735794118
0.507050643075
0.436326815806
0.352903325322
0.256451527229
0.14702987425
0.0254721265882
0
0
0
0
0
0
0
0
0
0
0
0
0
0
0
0.0125069736415
0.0721152566978
0.125039180371
0.171625550226
0.21276767669
0.249365268861
0.282188030808
0.311862715908
0.338892173267
0.363679098658
0.386547142483
0.40775799515
0.427524755886
0.446022266804
0.46339507981
0.479763610595
0.495228912845
0.509876402451
0.523778780259
0.536998340133
0.549588802816
0.561596781718
0.57306296115
0.584023048438
0.594508547083
0.60454738731
0.614164442144
0.62338195083
0.632219866406
0.640696140217
0.648826952742
0.656626896995
0.664109117615
0.694353718902
0.70098958401
0.707313029481
0.7133321597
0.719053414088
0.724481230058
0.729617498471
0.734460721934
0.73900474974
0.743236916267
0.747135351834
0.750665168202
0.753773151135
0.756380532127
0.758373382301
0.759590207746
0.759806474651
0.758716113747
0.755910608889
0.750857110241
0.742878126731
0.731136649854
0.714631799795
0.692210832688
0.662602973316
0.624478272946
0.576529794449
0.517569428561
0.446616610577
0.36294591771
0.266046674662
0.155454099575
0.0305906187154
0
0
0
0
0
0
0
0
0
0
0
0
0
0
0
0.0158862496269
0.0800918281786
0.135764226492
0.18426455039
0.22690140242
0.264745451511
0.298645118461
0.329268925868
0.357144799484
0.382691894941
0.406245338796
0.428075164543
0.448400730056
0.467401696367
0.485226414951
0.501998367283
0.517821138432
0.532782282973
0.546956349432
0.560407261553
0.573190204757
0.585353129387
0.596937955245
0.607981541764
0.618516473135
0.628571696376
0.638173041715
0.647343648035
0.65610431091
0.664473766584
0.672468921683
0.680105035263
0.687395856632
0.720579485242
0.726870085248
0.732821711276
0.738442958484
0.743740712101
0.748719824171
0.753382589873
0.75772793651
0.761750202876
0.765437341142
0.76876831736
0.771709421962
0.774209134124
0.776191125494
0.777544960852
0.778114088614
0.777680858713
0.775948616496
0.772521458658
0.76688304532
0.758376939177
0.746192196164
0.729359129516
0.706760894301
0.677166183729
0.639286140633
0.591853784939
0.533716082017
0.463915945475
0.381718759752
0.28648020543
0.177040458156
0.049382222491
0
0
0
0
0
0
0
0
0
0
0
0
0
0
0
0.0277195233337
0.0969541878011
0.154570930844
0.204241897771
0.247807312664
0.286473789222
0.321128370495
0.352451578998
0.380975444108
0.407120800085
0.431223731464
0.453555050379
0.474334880197
0.493743679871
0.511930640267
0.529020123193
0.545116632582
0.560308677588
0.574671793614
0.588270919215
0.601162277029
0.613394870402
0.625011680389
0.636050627774
0.646545349732
0.65652582942
0.666018908116
0.675048702889
0.683636947504
0.691803270061
0.699565417304
0.706939432328
0.713939789285
0.749816425013
0.75567001318
0.761157952848
0.766289475263
0.771072065644
0.77551116105
0.779609658305
0.783367149283
0.786778767148
0.789833483808
0.79251164558
0.79478147264
0.796594183827
0.797877353321
0.798526079723
0.798391582507
0.797266979274
0.794870293902
0.790825257217
0.784641230131
0.775694602794
0.763215216238
0.746282498387
0.723836718868
0.6947104897
0.657683707389
0.6115609413
0.555263600825
0.487920949246
0.408938863321
0.318044702053
0.215456189997
0.103154300642
0.00443261484899
0
0
0
0
0
0
0
0
0
0
0
0
0
0.00269274000213
0.0621068462165
0.12581350796
0.182194430245
0.231684402498
0.27541053446
0.314386496843
0.34942553125
0.381168997794
0.410124086661
0.436694751552
0.461205333513
0.483918421556
0.505048394195
0.524771741972
0.54323498185
0.560560760285
0.576852586221
0.592198521806
0.606674075754
0.620344483286
0.633266511591
0.645489896359
0.657058490013
0.668011183545
0.678382649731
0.688203944714
0.697502996668
0.706305003859
0.714632759301
0.722506915176
0.729946196655
0.73696757174
0.74358638065
0.781880424598
0.787216243753
0.792159949553
0.79672155874
0.800909311318
0.804729396108
0.808185499847
0.811278102491
0.814003409915
0.816351774756
0.818305406475
0.819835114584
0.820895769595
0.821420115471
0.821310544018
0.820428475047
0.818581116809
0.81550565969
0.810851434811
0.804161287344
0.794854370959
0.782213687266
0.765382776387
0.743376666432
0.71511201858
0.679459794326
0.635320254969
0.581714610169
0.517880849659
0.443354549276
0.358006375631
0.261959142321
0.154951075761
0.0323729737591
0
0
0
0
0
0
0
0
0
0
0
0
0
0.0213067595226
0.0987165687686
0.162353844922
0.217505638027
0.266106663248
0.309350482939
0.348139544048
0.383187687331
0.415065093102
0.444229401268
0.471049838893
0.495826124656
0.518803225159
0.540182841852
0.560132348692
0.578791754234
0.59627913656
0.612694897922
0.628125106001
0.642644126803
0.656316706716
0.669199624987
0.681343010127
0.692791392621
0.703584550042
0.713758188245
0.723344492611
0.732372575858
0.740868843049
0.748857289755
0.75635974552
0.7633960716
0.76998431903
0.77614085027
0.816552409895
0.82130240041
0.825634410666
0.829559385908
0.833086465629
0.836222742392
0.838972860099
0.841338380621
0.843316818885
0.844900209466
0.846073022306
0.846809193058
0.847067979575
0.846788310238
0.845881269581
0.844220398657
0.841629609155
0.837868767251
0.832617443468
0.825457984233
0.815859939224
0.803168907556
0.786603872822
0.765267779573
0.738176037672
0.70430635069
0.662670387798
0.612403374089
0.552862393449
0.483719828591
0.405038323863
0.317329963281
0.221716062006
0.121115993466
0.0144186181167
0
0
0
0
0
0
0
0
0
0
0
0.0103526878976
0.0843614202532
0.149135713985
0.207757356937
0.260103550087
0.306956751195
0.34911229069
0.387256509235
0.42196174083
0.453700171937
0.482860103358
0.509761025837
0.53466660433
0.557795468841
0.579330001472
0.599423405087
0.618205348528
0.635786456669
0.652261874618
0.667714095463
0.682215204824
0.695828664796
0.708610734517
0.72061160421
0.731876303246
0.742445429839
0.752355739779
0.761640623567
0.770330494887
0.778453108376
0.786033820492
0.793095804048
0.799660224077
0.805746380193
0.811371818068
0.853581664326
0.857691371792
0.861358308493
0.864594471984
0.867410023291
0.869813083479
0.871809387258
0.873401729454
0.87458911422
0.875365483551
0.875717860918
0.875623699156
0.875047173656
0.873934121437
0.872205309582
0.869747746851
0.866403863433
0.861958616854
0.856124979822
0.848528860272
0.838695295748
0.82603869432
0.809860813647
0.789360818514
0.763661773598
0.731856912295
0.693076676224
0.646573863549
0.591819838047
0.528600917486
0.457102599013
0.377971297913
0.292338224277
0.201653354813
0.105804319062
0.0146774895023
0
0
0
0
0
0
0
0
0
0.0114448290289
0.0793138935412
0.14615185532
0.20577397409
0.259828277645
0.308875426197
0.353442307402
0.394048534055
0.431171518592
0.46523129193
0.496588930294
0.525551142085
0.552377092538
0.577285590807
0.600461788539
0.622063053631
0.64222394148
0.661060310116
0.678672678004
0.695148938267
0.710566539512
0.724994231851
0.738493462467
0.751119490926
0.762922281638
0.773947219796
0.784235687852
0.793825531973
0.802751441706
0.811045261069
0.818736245272
0.82585127397
0.832415029272
0.838450144391
0.843977326735
0.849015457103
0.892689416699
0.89611810163
0.89908089377
0.901590933356
0.903659488826
0.905295794381
0.906506763178
0.907296519192
0.907665667872
0.907610196284
0.907119857575
0.906175853538
0.904747587013
0.902788220826
0.900228765923
0.896970449548
0.892875214175
0.887754405422
0.881356059877
0.873351729784
0.863324481746
0.850760531034
0.83504779485
0.815485246649
0.791307023083
0.761724435992
0.725987113264
0.683461414093
0.633720413268
0.576635916025
0.512459987624
0.441881064011
0.366033965728
0.286430542835
0.204880574029
0.125332050135
0.0339781146983
0.00474618504422
0
0
0
0
0
0.00414543213778
0.028260022055
0.0999451851263
0.158550070762
0.21524534573
0.268222126622
0.317358167337
0.362781986309
0.404724912682
0.443464514827
0.479286465288
0.512462569877
0.543240426407
0.571840108236
0.59845465764
0.623252415602
0.646380050915
0.667965670177
0.688121700264
0.706947413714
0.724531066048
0.74095166442
0.756280409572
0.77058186017
0.783914867644
0.796333324969
0.807886766691
0.818620851259
0.828577750952
0.837796469654
0.846313104457
0.854161063556
0.861371250016
0.867972218648
0.873990311242
0.87944977377
0.884372857539
0.88877990471
0.933572517229
0.936292535884
0.938525923733
0.940287006203
0.941588195496
0.942439871196
0.94285015536
0.942824532383
0.942365244056
0.941470364749
0.940132430576
0.93833646101
0.936057175246
0.933255175851
0.92987186095
0.925822851825
0.920989810823
0.915210705768
0.908268883919
0.899881775058
0.889690650483
0.877253580755
0.862044453442
0.843461448139
0.820848462414
0.793532351043
0.760877249187
0.72235464289
0.677624461362
0.626618831942
0.569616915677
0.507296877181
0.440750185293
0.371449831564
0.301202278063
0.232135139136
0.164770563789
0.111300192049
0.0536714404128
0.0334599796642
0.0280232699943
0.0322135128804
0.0491057137663
0.0972717544779
0.139451750593
0.190072978166
0.239749660467
0.288294468995
0.334893984577
0.379127222792
0.420830546053
0.459991361892
0.496682973759
0.531022915705
0.563147069218
0.593194542318
0.621299546668
0.647587588678
0.672174173735
0.695164872505
0.716656045613
0.736735817506
0.755485076621
0.772978392389
0.789284805438
0.804468483315
0.818589252038
0.831703021281
0.84386212273
0.855115580011
0.865509326142
0.875086381613
0.883887003514
0.891948813691
0.899306911872
0.905993978052
0.912040367056
0.917474197081
0.922321433047
0.926605964624
0.93034967776
0.975907023785
0.977902609308
0.979394041318
0.980396811774
0.980924451558
0.980988455029
0.980598117475
0.979760242811
0.978478661976
0.976753480752
0.974579949336
0.971946815907
0.968833995938
0.965209364038
0.961024466215
0.956208973161
0.950663771191
0.944252742737
0.936793550212
0.928048125541
0.917714084037
0.905418890597
0.890719220552
0.873108423813
0.85203510566
0.826935338307
0.797279710117
0.762634232222
0.722731207826
0.67754294363
0.627348280194
0.572780158824
0.514843203483
0.454896662594
0.394613170297
0.335926229092
0.280922451978
0.233660280529
0.193556552239
0.170924882668
0.162009972929
0.164553962303
0.179248723247
0.208364593729
0.242457469455
0.281528745731
0.32242670198
0.363720382238
0.404461427389
0.444049992858
0.482129922825
0.518507221467
0.553092787516
0.585863447215
0.616836124139
0.646051206668
0.673562157009
0.699429214647
0.72371569399
0.74648586718
0.767803778529
0.787732583379
0.806334168171
0.823668913325
0.839795524885
0.854770898536
0.868650000495
0.881485760537
0.893328977266
0.904228237406
0.914229850981
0.923377803587
0.931713726158
0.939276881834
0.946104168924
0.952230138475
0.957687024653
0.962504785882
0.966711154511
0.970331692481
0.973389850031
1.01935153916
1.02061715998
1.02136524003
1.02161234718
1.02137303524
1.02065981232
1.01948303938
1.01785072311
1.01576815311
1.01323731484
1.01025598841
1.00681641735
1.00290340681
0.99849168965
0.993542391927
0.987998449059
0.981778888003
0.974772021293
0.966827817836
0.957750039709
0.947289164677
0.935137622396
0.920929386506
0.904246360194
0.884634094508
0.861628986342
0.834798042349
0.803790492548
0.768398099168
0.728618270186
0.684711633881
0.637244389227
0.587106688994
0.53550307712
0.48392013197
0.434085847549
0.38795358996
0.34789274087
0.315586679722
0.294463291435
0.284358219665
0.28455782817
0.294828457642
0.314656907305
0.340790940715
0.371600421161
0.405218742657
0.440293934138
0.475857581197
0.511227726607
0.545933554091
0.579656170446
0.612184213408
0.643381785165
0.673165885651
0.701490810948
0.728337469598
0.753706067181
0.777611041743
0.800077476572
0.821138474266
0.840833159288
0.859205100799
0.87630102865
0.892169766038
0.906861332506
0.920426188268
0.932914600275
0.944376115376
0.954859128465
0.964410534804
0.973075456506
0.980897033804
0.987916272302
0.994171938118
0.999700493466
1.00453606597
1.00871044566
1.01225310417
1.01519123115
1.01754978302
1.06355017697
1.06408868014
1.06410135424
1.06360567331
1.06261704223
1.06114880762
1.05921221486
1.05681628135
1.05396754476
1.05066962987
1.0469225595
1.04272171454
1.03805632691
1.03290737281
1.02724472791
1.02102346251
1.01417920798
1.00662263273
0.998233246154
0.988853013942
0.978280620722
0.966267631329
0.952518224052
0.936694496839
0.918429440385
0.897349367622
0.873106742937
0.845422899224
0.814138142538
0.779264493735
0.741034292208
0.699936782919
0.656735475152
0.612462277399
0.568390060664
0.52599118496
0.486893416725
0.452836587251
0.425410895377
0.406277016262
0.395899458917
0.39414867284
0.400682945935
0.414741823077
0.434757036906
0.459349991409
0.487179578359
0.517121427515
0.548283078974
0.579974137286
0.611668230948
0.642967531049
0.673573327139
0.703263087676
0.731873152645
0.759285845181
0.785419852202
0.810222940462
0.833666312881
0.855740116895
0.876449776354
0.895812932846
0.913856859103
0.930616255955
0.946131373627
0.960446414955
0.973608187259
0.985664974568
0.996665604694
1.00665868756
1.01569200281
1.02381201626
1.03106350667
1.03748928576
1.04312999658
1.04802397696
1.05220717631
1.05571311609
1.05857288497
1.06081516156
1.0624662578
1.10813508963
1.10795584756
1.10724853261
1.10603127371
1.10432007789
1.10212888168
1.0994695625
1.09635188583
1.09278335458
1.08876891515
1.08431045986
1.07940604865
1.07404875598
1.06822503558
1.06191249084
1.05507695209
1.047668805
1.03961860048
1.03083212117
1.02118529263
1.01051961014
0.998639085203
0.985310055955
0.97026547146
0.953215342123
0.933864816584
0.911940683609
0.88722594741
0.859600540638
0.829084431382
0.795877734415
0.7603914886
0.72326310395
0.685352520124
0.647718566777
0.611578318803
0.578252793875
0.549094974015
0.525365041956
0.508139380909
0.497949633888
0.494886709555
0.498722352415
0.508884118015
0.524445087096
0.544409013536
0.567778343092
0.593642361136
0.621213849734
0.649832558664
0.678954317416
0.708135638478
0.737018372123
0.765316171693
0.792803133956
0.819304389748
0.844688254915
0.868859575777
0.891753989195
0.913332905447
0.933579090978
0.952492774131
0.970088223771
0.986390763961
1.00143419281
1.0152585742
1.02790836997
1.03943087923
1.0498749509
1.05928993605
1.06772484832
1.07522770258
1.08184500447
1.08762136676
1.09259923074
1.09681867422
1.10031728997
1.10313012112
1.10528964203
1.10682577488
1.10776593385
1.15272856494
1.15184583296
1.1504396843
1.14852857257
1.14612878518
1.14325453219
1.13991800689
1.13612939885
1.13189683279
1.12722619722
1.12212081489
1.11658089346
1.11060268179
1.10417724571
1.09728877373
1.08991233362
1.08201103416
1.07353261473
1.06440559929
1.05453531913
1.04380033127
1.03205002247
1.01910445719
1.00475774054
0.988786237791
0.970962820218
0.951077800165
0.928966329068
0.904540797707
0.877825356501
0.848988357501
0.818367707462
0.786484226593
0.754039369705
0.721895854423
0.69104191973
0.66254072236
0.637464364286
0.616806791597
0.60138548262
0.591704919559
0.587955426632
0.590046179592
0.597617813047
0.610082524375
0.62673541151
0.646824113518
0.669609457938
0.694403566957
0.720588178141
0.747620644843
0.775033293439
0.802429544262
0.829478610071
0.855909644248
0.881505728282
0.906097879131
0.929559184434
0.951799154344
0.972758371602
0.992403511134
1.01072278417
1.02772184167
1.04342015124
1.05784784289
1.07104300419
1.08304939385
1.09391453642
1.10368815662
1.11242091158
1.1201633801
1.12696527098
1.13287481545
1.13793831311
1.14219980409
1.14570084429
1.14848036397
1.15057459307
1.15201703951
1.15283850902
1.15306715707
1.19694478184
1.19537644323
1.19329693236
1.19072462678
1.18767570912
1.18416428937
1.18020250845
1.17580060801
1.17096694602
1.16570793009
1.16002783099
1.15392842862
1.14740843138
1.14046260149
1.13308051552
1.1252448969
1.1169294834
1.10809644468
1.09869345322
1.08865064152
1.07787785062
1.06626277854
1.05367084619
1.03994776511
1.02492585213
1.0084350118
0.990318928962
0.970456341873
0.948786326004
0.925335426453
0.900243448592
0.873784043498
0.846376200485
0.8185835453
0.79109979962
0.764720361128
0.740301013463
0.718704780169
0.70073714064
0.687073326981
0.678186743003
0.674324938323
0.675510370361
0.681550092427
0.692066908761
0.706555040825
0.724430779266
0.745078747429
0.767888265604
0.792278659508
0.817715409561
0.84371948265
0.86987175391
0.895813911555
0.921246846822
0.945927274748
0.969663169236
0.992308484673
1.0137575473
1.03393941917
1.05281246281
1.0703592663
1.08658202958
1.10149846411
1.11513822
1.1275398277
1.1387481223
1.14881210769
1.15778321206
1.16571388481
1.17265648672
1.17866242796
1.18378151342
1.18806145907
1.19154754814
1.19428240045
1.19630583243
1.19765478903
1.19836333246
1.19846267489
1.19798124528
1.24039140384
1.23815822939
1.23543416109
1.23223704309
1.22858251927
1.22448418397
1.21995372133
1.21500102199
1.2096342618
1.20385992139
1.19768271791
1.19110541227
1.18412844643
1.17674935837
1.16896191936
1.16075494375
1.15211074059
1.14300321597
1.1333957014
1.12323868188
1.11246772794
1.10100209101
1.08874458115
1.07558347603
1.06139726079
1.04606291314
1.02946817244
1.01152773659
0.992202632875
0.971521192252
0.94959927923
0.926656901501
0.903028254714
0.879162759322
0.855615627118
0.83302762616
0.812094571025
0.79352741105
0.778003940542
0.766115208617
0.758315426572
0.754890976593
0.75594544061
0.761398147452
0.771000549079
0.784368640212
0.801020960772
0.82041786174
0.841997249506
0.865203922421
0.889511717268
0.914438856577
0.939557393782
0.964497818846
0.988949886298
1.01266064581
1.03543053489
1.05710825631
1.07758502201
1.09678861082
1.1146775651
1.13123574672
1.14646738737
1.16039270139
1.1730440803
1.18446285399
1.19469658123
1.2037968197
1.2118173197
1.21881258496
1.22483674612
1.22994269661
1.23418144611
1.23760165197
1.24024929498
1.24216747062
1.24339627216
1.24397274581
1.24393090202
1.24330177005
1.2421134857
1.28267126677
1.2797967539
1.27645979631
1.27267721025
1.26846363749
1.26383171845
1.25879225934
1.25335438525
1.24752566824
1.24131221474
1.23471869119
1.22774826012
1.22040239242
1.21268051559
1.20457945524
1.19609263072
1.18720897936
1.17791161306
1.1681762597
1.15796961537
1.14724783039
1.13595546836
1.12402539795
1.11138017646
1.0979355273
1.08360645784
1.06831637023
1.05200916493
1.03466383508
1.01631046322
0.997045973568
0.977047616231
0.956582109474
0.936008702247
0.915775035003
0.896405272125
0.878480204233
0.862608831291
0.849391078089
0.839373436937
0.833003854307
0.830594267379
0.832294285332
0.838079597596
0.847759189445
0.860999685157
0.877359996388
0.896329999298
0.917367662261
0.939930880606
0.963502308216
0.9876069618
1.01182324661
1.03578847148
1.05920004769
1.0818135216
1.10343845592
1.12393300156
1.1431978227
1.16116986943
1.17781634598
1.19312910168
1.20711957594
1.21981435763
1.23125136762
1.24147663945
1.25054165168
1.25850115433
1.26541142758
1.27132891127
1.27630914732
1.28040598249
1.28367098479
1.28615303314
1.28789804608
1.28894882053
1.28934495699
1.28912285182
1.28831574094
1.28695378275
1.28506417052
1.32338447514
1.31989526151
1.31597999943
1.31165396984
1.30693034304
1.30182036731
1.29633355504
1.29047786149
1.28425984841
1.27768482176
1.27075692802
1.26347918905
1.25585344973
1.24788020821
1.23955829618
1.23088437822
1.22185224939
1.21245193021
1.20266859416
1.1924814156
1.18186249763
1.17077612445
1.15917867274
1.1470195917
1.13424389821
1.12079660024
1.10662933217
1.09170924454
1.07602984868
1.05962312191
1.04257181865
1.02502071892
1.00718557195
0.989358753255
0.971910942109
0.955288001812
0.940001252791
0.926607746032
0.915676975937
0.907744710121
0.903261736799
0.902546531441
0.905749304184
0.912835620599
0.923595473519
0.937673421429
0.954609777895
0.973883757335
0.99495242141
1.01728227558
1.04037262169
1.0637711276
1.08708273546
1.1099732549
1.13216897088
1.15345345606
1.17366258714
1.19267856166
1.21042352083
1.22685321451
1.24195100352
1.25572238109
1.26819010894
1.27939000057
1.28936734029
1.29817389898
1.30586549056
1.31250000633
1.31813586204
1.32283079526
1.32664095543
1.3296202348
1.33181979506
1.33328775105
1.33406897893
1.33420502162
1.33373406968
1.33269099948
1.33110745483
1.32901196085
1.32643006158
1.36213124538
1.35805802137
1.35360247763
1.34877786772
1.34359544186
1.33806464286
1.33219330225
1.32598783377
1.31945341934
1.31259418029
1.30541332332
1.2979132466
1.29009558752
1.28196118956
1.27350996349
1.26474061909
1.25565024958
1.2462337652
1.23648319735
1.22638693259
1.21592898665
1.20508849089
1.19383962898
1.18215231875
1.16999396518
1.15733259473
1.14414160146
1.13040618299
1.116131333
1.10135102917
1.08613808622
1.07061412432
1.05495928727
1.03942163438
1.0243260952
1.01008164175
0.997181979763
0.986190388433
0.977698784122
0.972262937635
0.970333513819
0.972196176932
0.977930114101
0.987398389428
1.00027878573
1.01611761007
1.0343862956
1.05452951425
1.07600138565
1.09829041901
1.12093519284
1.14353289389
1.16574254362
1.18728439469
1.20793668085
1.22753066008
1.24594468727
1.26309788017
1.27894379326
1.29346438956
1.30666449647
1.31856685114
1.32920777824
1.338633499
1.34689703992
1.35405569122
1.3601689551
1.36529692056
1.36949900252
1.37283298678
1.37535432771
1.37711565201
1.37816642782
1.37855276504
1.37831731806
1.37749926753
1.37613436178
1.37425500312
1.37189036675
1.36906654342
1.36580669889
1.39851581453
1.39389459404
1.3889411033
1.38366612303
1.37807858363
1.37218576002
1.36599346848
1.35950626424
1.3527276373
1.34566020206
1.33830587376
1.33066602186
1.32274158699
1.31453314519
1.30604090077
1.29726458932
1.28820327582
1.27885504248
1.26921657767
1.25928270368
1.24904591703
1.23849605903
1.22762028198
1.21640351935
1.20482969489
1.19288390365
1.18055575672
1.16784400115
1.15476242705
1.14134700232
1.12766421432
1.11382084418
1.09997589017
1.08635587082
1.07327441061
1.06115392208
1.05053894167
1.04207853039
1.03645348465
1.03425975523
1.03591191408
1.04157692462
1.05113898609
1.0642191464
1.08026765015
1.09866413302
1.11878963212
1.14006748264
1.1619824092
1.18408715623
1.20600273309
1.2274155102
1.24807271138
1.26777702997
1.28638076016
1.30377971262
1.31990713599
1.33472783297
1.34823262315
1.36043326455
1.37135790378
1.38104708773
1.38955033771
1.39692326352
1.40322517818
1.40851716405
1.41286053651
1.4163156503
1.41894099625
1.42079253945
1.42192325547
1.42238282622
1.42221746251
1.42146982583
1.42017902606
1.41838067668
1.41610699218
1.41338691606
1.41024627014
1.40670791857
1.40279194139
1.43215166414
1.42702522085
1.421621491
1.41594841536
1.41001228214
1.40381791218
1.39736884729
1.39066754218
1.38371555878
1.37651376074
1.36906250394
1.36136181637
1.35341155828
1.34521155075
1.33676165897
1.32806181578
1.31911197296
1.30991197363
1.3004613502
1.2907590701
1.28080327618
1.27059109966
1.26011865759
1.24938137929
1.23837482986
1.22709620748
1.21554668128
1.20373471773
1.19168054632
1.17942200745
1.16702232385
1.15458099139
1.14225007667
1.13025939043
1.11895364727
1.10883857104
1.10061414588
1.0951414281
1.09328048513
1.09564449746
1.10249338298
1.11369801176
1.12873313075
1.14676328952
1.16688760382
1.18830070705
1.21034588408
1.23250903
1.25439328019
1.27569333583
1.29617531877
1.31566230462
1.33402404091
1.35116933325
1.3670400086
1.38160579483
1.39485976928
1.40681422322
1.41749689357
1.42694756031
1.43521502072
1.44235444792
1.44842513032
1.45348857693
1.45760696355
1.46084188799
1.46325339872
1.46489925989
1.46583441692
1.46611062855
1.46577623486
1.4648760341
1.46345124492
1.46153953425
1.45917509446
1.45638875645
1.45320812808
1.44965774974
1.44575926085
1.44153157275
1.43699104516
1.46266819047
1.45708743323
1.45128759632
1.44527352243
1.43904863901
1.43261512547
1.42597408504
1.41912572204
1.41206952501
1.40480445465
1.39732913458
1.38964204067
1.38174168284
1.37362677115
1.36529635585
1.3567499304
1.34798748691
1.33900951687
1.32981695697
1.32041109142
1.31079343875
1.30096567229
1.29092964815
1.28068763909
1.27024289449
1.25960066416
1.24876984023
1.23776540837
1.2266120055
1.21534916491
1.20403948498
1.1927822808
1.18173754218
1.17116788834
1.16150692721
1.15345195361
1.1480382432
1.14656699839
1.15020788038
1.15941279352
1.17397888298
1.19315163313
1.21564702314
1.23984195502
1.26442938296
1.28856224748
1.31175372245
1.33374432878
1.3544037473
1.37367153507
1.39152502411
1.40796319182
1.42299901319
1.43665593853
1.44896616272
1.45996952504
1.4697125214
1.47824724482
1.48563023055
1.49192124955
1.49718211194
1.50147553708
1.50486413251
1.50740950805
1.50917153652
1.51020776149
1.51057294409
1.51031873593
1.50949346232
1.50814199904
1.50630572626
1.50402254427
1.50132693731
1.49825007368
1.49481993206
1.49106144591
1.48699665952
1.48264489053
1.47802289563
1.47314503671
1.4680234461
1.48971879125
1.48374384067
1.47760928354
1.47131674152
1.46486668829
1.45825859192
1.45149106312
1.44456201081
1.43746880608
1.43020845452
1.42277777619
1.4151735909
1.40739290478
1.39943309255
1.39129206794
1.38296843372
1.37446160272
1.36577188249
1.35690052075
1.3478497156
1.33862260564
1.32922326937
1.31965678073
1.30992938722
1.30004889738
1.29002539016
1.27987239911
1.26960881492
1.25926196973
1.24887288866
1.23850586427
1.22826693246
1.21834031759
1.20905868923
1.20102839343
1.19531725477
1.19363069959
1.19817441882
1.21063802753
1.23058712268
1.25667163229
1.28701513992
1.31906643755
1.34985034879
1.37795705336
1.40304972714
1.42527033345
1.4449113078
1.46227543132
1.47762809203
1.49118809125
1.50313240914
1.51360475288
1.52272398705
1.5305911448
1.53729476786
1.542914726
1.54752479719
1.55119430404
1.55398906945
1.55597190675
1.55720281024
1.5577389686
1.55763468761
1.55694127998
1.55570695905
1.5539767574
1.55179248048
1.5491926984
1.54621277431
1.54288492514
1.53923830938
1.53529913603
1.53109078941
1.52663396456
1.5219468093
1.51704506936
1.51194223419
1.50664968152
1.5011768197
1.49553122747
1.51299014803
1.50669089144
1.50029066707
1.49378790676
1.48718017821
1.48046429728
1.47363644764
1.4666923095
1.45962719858
1.45243621623
1.44511441062
1.43765694784
1.43005929061
1.42231738063
1.41442781932
1.40638804016
1.39819646566
1.38985264198
1.38135734664
1.37271266896
1.36392206963
1.35499043554
1.34592415869
1.33673128342
1.327421787
1.31800809086
1.30850596326
1.29893611943
1.28932717321
1.27972142063
1.27018683684
1.26084283738
1.25191584673
1.24385583368
1.23756425079
1.23477973535
1.23852849247
1.25297487971
1.28079980448
1.31796474803
1.36084130618
1.40606099993
1.44918435028
1.4845339809
1.51236811066
1.53422604867
1.55154038728
1.56539477011
1.57656748458
1.58561300959
1.59292874118
1.59880282847
1.60344758214
1.60702275898
1.60965178386
1.6114330035
1.61244742743
1.61276398757
1.61244305577
1.6115387513
1.61010041955
1.60817355428
1.60580035488
1.60302005259
1.59986909672
1.59638126215
1.59258771757
1.588517079
1.58419546297
1.57964654677
1.57489163873
1.56994975884
1.56483772858
1.55957026784
1.5541600968
1.54861804082
1.54295313632
1.53717273653
1.53128261603
1.52528707371
1.51918903421
1.53221228375
1.52566822553
1.51907888062
1.51243968524
1.50574549552
1.49899066693
1.49216914263
1.48527455237
1.47830032329
1.4712398037
1.46408640028
1.45683372833
1.44947577374
1.44200706417
1.43442284544
1.4267192583
1.41889350945
1.41094403077
1.4028706214
1.39467456978
1.38635875657
1.37792774625
1.36938788412
1.36074742858
1.35201676977
1.34320882417
1.33433977991
1.32543056833
1.31650992843
1.30762112967
1.29883730207
1.29029707945
1.28228739919
1.27543153783
1.27109450776
1.27216959509
1.28426566977
1.31612028642
1.37316777844
1.43727495089
1.50282921489
1.56603115146
1.61993843398
1.65124055442
1.669811049
1.68105623232
1.68778458869
1.69155120968
1.69328695914
1.69358081128
1.69281746157
1.69125278149
1.68905927603
1.68635500709
1.68322247042
1.67972102569
1.67589507796
1.67177942653
1.66740271726
1.6627896274
1.65796220833
1.65294067595
1.64774384569
1.64238934541
1.63689369597
1.6312723183
1.62553950536
1.61970838251
1.61379087026
1.60779765686
1.60173818387
1.59562064527
1.58945199931
1.5832379912
1.57698318481
1.57069100119
1.56436376246
1.55800273926
1.55160820106
1.54517946838
1.53871496695
1.54716878997
1.54046807836
1.53377278801
1.52707571315
1.52036933448
1.51364586554
1.50689730963
1.50011552845
1.4932923239
1.48641953389
1.47948914317
1.47249340897
1.465425001
1.45827715402
1.45104383039
1.44371988865
1.43630125333
1.42878508075
1.42116991522
1.41345583154
1.40564456185
1.39773960924
1.38974635732
1.38167219678
1.37352671099
1.36532200766
1.35707338733
1.34880079414
1.3405321345
1.33231116689
1.3242167504
1.31641045218
1.30925451336
1.30360078745
1.30147719125
1.30762029236
1.3324827643
1.39612815955
1.51578013807
1.61606633191
1.70665806955
1.78804540816
1.85030929761
1.85048629295
1.84405862064
1.83543357078
1.82577860206
1.81564923136
1.80539116146
1.79521557585
1.78523863407
1.77551370061
1.76605558646
1.75685710327
1.74789970283
1.7391600424
1.73061388322
1.72223828343
1.71401271482
1.70591951035
1.69794390615
1.69007384899
1.68229967989
1.67461376509
1.66701011847
1.65948404244
1.65203180165
1.64465033672
1.63733701956
1.63008944895
1.62290528334
1.61578210653
1.60871732212
1.60170807202
1.59475117537
1.58784308402
1.58097985156
1.57415711355
1.56737007672
1.5606135159
1.55388177763
1.55770647504
1.55094406842
1.54423104034
1.53755803918
1.53091563135
1.52429431753
1.51768456042
1.51107682518
1.50446163352
1.49782963252
1.49117167893
1.48447893924
1.47774300533
1.47095602469
1.46411084332
1.45720115838
1.45022167682
1.44316827542
1.43603815715
1.42882999938
1.42154409031
1.41418245339
1.40674896425
1.39924947567
1.3916919874
1.38408694675
1.37644788493
1.36879289488
1.3611482318
1.3535573468
1.34610401568
1.33897241035
1.33260449719
1.32811302302
1.32835350211
1.34062582809
1.3832467463
1.5040070248
1.62576104932
1.74012144185
1.84618661161
1.94188777247
2.01870212491
2.05309295707
2.01169139136
1.97937537075
1.9512622156
1.9260661142
1.90325718213
1.88247804632
1.86343475587
1.84587713545
1.82959272928
1.81440197564
1.80015353149
1.7867200037
1.77399422685
1.76188608021
1.75031978046
1.73923157943
1.72856780489
1.71828319327
1.70833947249
1.69870416007
1.68934954676
1.68025184027
1.67139044635
1.66274736775
1.65430670354
1.6460542336
1.63797707492
1.63006339824
1.6223021949
1.61468308558
1.60719616358
1.5998318666
1.59258087212
1.58543401221
1.5783822045
1.57141639694
1.56452752426
1.56374360777
1.55701863532
1.5503788267
1.54381329248
1.53731124325
1.53086198087
1.52445490177
1.51807951308
1.5117254626
1.50538258331
1.4990409532
1.49269097093
1.48632344732
1.47992971212
1.47350173476
1.46703225703
1.46051493469
1.45394448415
1.44731683006
1.44062924909
1.43388050625
1.42707098163
1.42020279005
1.41327990549
1.40630832367
1.39929634732
1.39225520721
1.38520056308
1.37815630177
1.37116439492
1.36431098093
1.35779661811
1.35212886694
1.34865865938
1.35108461802
1.36954580979
1.42971506978
1.56848797581
1.6977569878
1.82009533559
1.93503965942
2.03989753677
2.12686215066
2.17594285214
2.13671991964
2.09036451354
2.04754366483
2.00975351179
1.97649915702
1.94701487973
1.9206266345
1.89679527812
1.87509582079
1.8551911223
1.83681082477
1.81973583519
1.80378698118
1.78881659832
1.77470217083
1.7613414354
1.74864855203
1.73655107011
1.72498749986
1.71390535216
1.70325954656
1.69301111172
1.68312612085
1.67357481677
1.66433089145
1.65537089141
1.6466737262
1.63822026149
1.62999298139
1.62197570787
1.61415336697
1.60651179357
1.59903756803
1.59171787905
1.58454040861
1.57749323536
1.57056475387
1.56527593847
1.55868840251
1.55221267276
1.54583700037
1.5395498586
1.53333991615
1.52719602225
1.52110720422
1.51506267812
1.50905187321
1.50306447101
1.49709045929
1.49112020147
1.48514452095
1.47915479975
1.47314308994
1.46710223554
1.46102600204
1.45490920979
1.44874786734
1.44253930103
1.43628227829
1.42997712598
1.42362585339
1.41723231036
1.41080246208
1.40434499192
1.39787278427
1.39140674754
1.38498591219
1.37869462036
1.37273725261
1.3676488677
1.36491046734
1.36885338009
1.39320475952
1.48811209529
1.61078809157
1.73790979543
1.86237518219
1.98095710653
2.0899482225
2.18171312375
2.23931863417
2.23034183227
2.15716931096
2.10163000966
2.05581418859
2.01650396632
1.98205704529
1.9514555301
1.92398571925
1.89911261287
1.87642049717
1.85557938665
1.83632351273
1.81843642652
1.80174020164
1.78608738246
1.77135485938
1.75743913819
1.74425264057
1.73172078021
1.71977963124
1.70837405443
1.69745618142
1.6869841815
1.6769212533
1.66723479678
1.65789573058
1.64887792712
1.64015774354
1.63171363076
1.62352580648
1.61557598074
1.60784712451
1.60032327403
1.59298936456
1.58583108884
1.5788347763
1.57198728992
1.56237978167
1.55602682961
1.54980272334
1.54369555397
1.53769369246
1.53178575298
1.52596056717
1.52020716944
1.5145147942
1.50887288544
1.50327111949
1.49769944138
1.49214811535
1.48660778932
1.48106957317
1.47552512958
1.46996677613
1.46438759615
1.45878155559
1.45314362259
1.44746988645
1.44175767366
1.43600566167
1.43021399865
1.42438445676
1.41852069447
1.41262882781
1.40671883623
1.40080820026
1.39493153993
1.38916658605
1.3837052966
1.379051786
1.37658119796
1.38012458737
1.40030534416
1.46408973829
1.60871899708
1.74194868904
1.86817187582
1.98723188582
2.09586452444
2.18606324176
2.2391015597
2.19906658287
2.14868727767
2.10054444531
2.05719100604
2.01860373748
1.98418997851
1.95331478492
1.92542417473
1.90006006436
1.87684877053
1.85548548071
1.8357203629
1.81734731209
1.80019510677
1.78412051079
1.76900288338
1.75473994448
1.74124442486
1.72844139673
1.71626613171
1.70466237045
1.69358091635
1.68297848632
1.67281676678
1.66306163471
1.65368251194
1.64465182786
1.63594457025
1.62753790845
1.61941087576
1.61154410057
1.60391957785
1.59652047394
1.58933095906
1.58233606316
1.57552155119
1.56887381535
1.55521163734
1.54918369025
1.54329209656
1.53752545557
1.5318726417
1.52632276619
1.52086514752
1.51548929127
1.51018487974
1.50494177216
1.49975001605
1.49459987044
1.48948184143
1.48438673028
1.47930569399
1.47423031784
1.46915269881
1.46406553841
1.45896224251
1.45383702593
1.44868501885
1.44350237323
1.43828636966
1.43303553185
1.42774977284
1.42243064038
1.41708184062
1.41171051097
1.40633048795
1.40097089705
1.39569904454
1.39068205846
1.38635411404
1.38387099291
1.3863341919
1.40198808666
1.45210282189
1.5906806374
1.71791078106
1.84003944611
1.95514394839
2.05848186681
2.14064817877
2.18589911031
2.13783121779
2.09419825247
2.05426341776
2.01788342487
1.98480106412
1.9546731153
1.92714534506
1.90189104915
1.87862360477
1.85709695863
1.83710163528
1.81845961493
1.80101938386
1.78465158182
1.76924532125
1.7547051271
1.74094840961
1.72790338076
1.71550733499
1.70370522743
1.69244849482
1.68169407481
1.67140358766
1.66154265128
1.65208030612
1.64298853069
1.63424183206
1.62581689863
1.61769230443
1.60984825651
1.60226637799
1.59492952105
1.58782160496
1.58092747503
1.57423277932
1.5677238605
1.56138766062
1.54400409509
1.53838114847
1.5328931084
1.52752966982
1.52228074414
1.51713642609
1.51208696712
1.50712275543
1.50223430371
1.49741224494
1.49264733722
1.48793047825
1.48325273002
1.47860535426
1.47397985874
1.4693680542
1.46476212154
1.46015468804
1.45553891123
1.4509085685
1.44625815048
1.44158295664
1.4368791937
1.4321440829
1.42737599669
1.42257468262
1.4177417267
1.41288165472
1.40800471249
1.40313405764
1.39832457068
1.39371232648
1.38964490626
1.38702385683
1.38820101059
1.39934186358
1.43708630307
1.55188495129
1.65956030727
1.77443460135
1.88214263347
1.97481917956
2.0382964838
2.07264919933
2.0308774173
1.99903245245
1.9711945694
1.94549069362
1.9213454804
1.89857037257
1.87707719675
1.85679567547
1.83765419712
1.81957840658
1.80249365582
1.78632744267
1.7710110436
1.75648038973
1.74267640027
1.72954496921
1.71703674809
1.70510682015
1.6937143264
1.68282208084
1.67239619626
1.66240573283
1.65282237495
1.64362013845
1.63477510785
1.626265202
1.61806996589
1.61017038607
1.60254872709
1.59518838635
1.58807376514
1.58119015369
1.57452362836
1.56806095934
1.56178952751
1.5556972493
1.5497725086
1.52905807912
1.523906485
1.51888041442
1.51397112337
1.50916998506
1.50446846755
1.49985811477
1.49533053168
1.49087737442
1.48649034611
1.4821611992
1.4778817452
1.47364387237
1.4694395721
1.46526097427
1.46110039181
1.45695037417
1.45280376929
1.44865379307
1.4444941051
1.44031888926
1.43612293828
1.43190174267
1.42765158936
1.42336968682
1.4190543641
1.41470546738
1.4103252737
1.40592074214
1.40150920844
1.39713291516
1.39289609885
1.3890590794
1.38627373865
1.38615826859
1.39263270367
1.41462721179
1.46827221953
1.54198217944
1.66485868013
1.76334636667
1.83949605426
1.85753005871
1.87982751113
1.88076193417
1.8737992138
1.86328769547
1.85091633401
1.83752441551
1.82361747234
1.80952929974
1.79548591153
1.7816393985
1.76808983378
1.75490062095
1.74210944985
1.72973610933
1.71778803201
1.70626421276
1.69515796925
1.6844588819
1.67415415355
1.66422955905
1.65467010487
1.64546048365
1.63658538362
1.6280296953
1.61977864557
1.61181788045
1.6041335118
1.59671213869
1.58954085098
1.58260722079
1.57589928539
1.56940552441
1.56311483322
1.55701649375
1.55110014382
1.54535574556
1.5397735536
1.53434408322
1.51073181477
1.50610181221
1.50158137282
1.49716362786
1.49284170324
1.48860871078
1.48445774001
1.48038185145
1.47637407227
1.47242739517
1.4685347815
1.46468916933
1.46088348738
1.45711067554
1.45336371237
1.44963565017
1.44591965761
1.44220906978
1.43849744526
1.43477862944
1.43104682327
1.4272966569
1.42352326885
1.41972239487
1.41589048022
1.41202485237
1.40812405043
1.40418855547
1.40022253571
1.39623813984
1.39226613179
1.38838209626
1.38477003362
1.38187231213
1.38072497379
1.38362953875
1.39514560059
1.42187953626
1.46444495975
1.52826087377
1.59409956019
1.65237729383
1.69054485296
1.71940472525
1.7367359033
1.74558975938
1.74867501083
1.74782581167
1.74425124066
1.73877125066
1.73196136345
1.72423615196
1.71589915499
1.70717466055
1.69822914104
1.68918631363
1.68013799845
1.67115207143
1.6622783481
1.65355296752
1.64500167742
1.63664230809
1.62848664407
1.62054184639
1.61281153793
1.60529663483
1.59799598578
1.59090686514
1.58402535432
1.57734663725
1.57086522961
1.56457515651
1.55847009
1.5525434549
1.54678850974
1.5411984078
1.53576624232
1.53048507889
1.52534797771
1.52034800742
1.51547825241
1.48942718971
1.48535137893
1.48136416882
1.47746071537
1.47363604162
1.46988504311
1.46620249135
1.46258303652
1.45902121013
1.45551142887
1.45204800037
1.44862513203
1.44523694347
1.4418774837
1.43854075343
1.43522073325
1.4319114178
1.42860685636
1.42530119949
1.42198875162
1.41866402903
1.41532182319
1.41195726999
1.40856592843
1.40514387916
1.40168787121
1.39819558861
1.39466621592
1.39110174129
1.38751006057
1.38391241427
1.38036102243
1.37697989527
1.37405527405
1.37222114469
1.37278522941
1.37810648441
1.39136951396
1.41443330849
1.44884243585
1.48917888256
1.52960094648
1.56406856157
1.59260708235
1.61449387658
1.63027316793
1.64098263509
1.64765961883
1.65118196358
1.65225188149
1.65142152999
1.64912387188
1.6456990344
1.64141496331
1.63648327923
1.63107145329
1.62531220743
1.61931081332
1.61315078627
1.60689834421
1.60060591135
1.59431487988
1.58805779382
1.58186008132
1.57574143353
1.56971690559
1.56379779878
1.55799236951
1.55230640099
1.54674366523
1.54130629758
1.53599510069
1.53080979164
1.52574920294
1.52081144586
1.515994043
1.51129403555
1.50670806954
1.50223246487
1.49786326984
1.49359630377
1.46557440819
1.46206727062
1.45862442677
1.4552430446
1.45192004378
1.44865211366
1.44543572752
1.44226715413
1.43914246762
1.43605755664
1.43300813388
1.42998974663
1.42699778956
1.42402752017
1.42107407797
1.41813250778
1.4151977877
1.41226486217
1.40932868013
1.40638423844
1.40342663036
1.40045109919
1.39745309788
1.39442835715
1.39137297026
1.38828351497
1.38515726469
1.38199261467
1.37879002505
1.375554188
1.37229903827
1.36905917244
1.36591505736
1.36304570614
1.36082882265
1.359999666
1.36180927079
1.3679285117
1.37977305804
1.39821460857
1.42180093054
1.44788124276
1.47340621306
1.49682782342
1.51711336502
1.53387876396
1.54720816193
1.55742453843
1.56493452407
1.57014674765
1.57343600538
1.57513119184
1.57551425697
1.57482375836
1.57325998461
1.57099029633
1.5681541157
1.56486735595
1.56122624743
1.55731058917
1.55318648468
1.54890862943
1.54452221594
1.54006451695
1.53556619987
1.53105241767
1.52654371486
1.52205678044
1.5176050742
1.51319934851
1.50884808336
1.50455784944
1.5003336115
1.49617898182
1.49209643192
1.48808746951
1.48415278585
1.4802923785
1.4765056531
1.4727915074
1.46914840029
1.43961596767
1.43667443232
1.43377115012
1.43090514328
1.42807509692
1.42527938637
1.42251609961
1.41978305595
1.41707782187
1.41439772509
1.41173986751
1.40910113819
1.40647822691
1.40386763923
1.40126571376
1.39866864222
1.39607249287
1.39347323777
1.3908667841
1.38824900982
1.38561580378
1.38296311055
1.38028698048
1.3775836275
1.37484950005
1.37208138037
1.36927654804
1.36643309397
1.36355058525
1.36063153561
1.35768468245
1.3547321678
1.35182469824
1.34907160167
1.34669450699
1.3451065558
1.34498640631
1.34724858089
1.35280489973
1.36229093387
1.37547142544
1.39133339124
1.40842976947
1.42554427478
1.44172715122
1.45635809676
1.46912208666
1.47993081085
1.48884004892
1.49598548061
1.50153972303
1.50568609914
1.5086037474
1.51045984633
1.51140610107
1.51157769458
1.51109360877
1.51005766052
1.50855986645
1.50667791203
1.5044785992
1.50201920551
1.49934872311
1.49650896676
1.49353555206
1.49045875126
1.48730423734
1.48409372805
1.48084554152
1.47757507459
1.47429521386
1.47101668842
1.4677483723
1.46449754343
1.46127010522
1.4580707758
1.45490324945
1.45177033406
1.44867406778
1.44561581783
1.4425963638
1.41199100918
1.4095959692
1.40721286001
1.4048422844
1.40248445591
1.400139231
1.39780613629
1.39548439171
1.39317293039
1.39087041616
1.38857525932
1.38628563148
1.38399948023
1.38171454425
1.37942836955
1.37713832731
1.37484163412
1.37253537473
1.37021652791
1.36788199564
1.36552863586
1.36315329906
1.36075286949
1.35832431239
1.35586473175
1.35337144863
1.35084212489
1.34827498941
1.3456692961
1.34302629856
1.34035134365
1.33765829001
1.3349784627
1.33237762247
1.32998482456
1.32803307746
1.3268972558
1.32708966746
1.32917086405
1.33359980019
1.3404942447
1.34956145154
1.36018962574
1.37168183598
1.38337932346
1.39474173633
1.40537973678
1.41504859317
1.42362168165
1.43105920893
1.43738023926
1.44264076171
1.44691777125
1.45029830458
1.45287220172
1.45472752772
1.45594783226
1.45661064817
1.4567868068
1.45654027842
1.45592833862
1.45500192706
1.45380610929
1.45238058376
1.45076019668
1.44897544191
1.4470529325
1.44501583674
1.44288427574
1.44067568232
1.43840512225
1.43608558012
1.43372821253
1.43134257126
1.42893679946
1.42651780343
1.42409140265
1.42166246038
1.41923499706
1.41681228836
1.41439694975
1.38312100847
1.38123961103
1.37934474807
1.3774382502
1.37552154784
1.37359570387
1.37166144195
1.36971917114
1.36776900752
1.36581079336
1.3638441145
1.36186831642
1.35988251967
1.35788563515
1.35587637974
1.35385329277
1.35181475381
1.34975900212
1.34768415809
1.34558824698
1.34346922522
1.34132500954
1.33915350947
1.33695266449
1.33472048872
1.33245513024
1.33015496142
1.32781873734
1.32544590397
1.32303723047
1.32059612121
1.31813129042
1.31566199001
1.3132275498
1.31090301709
1.30882062605
1.30719047943
1.30630387459
1.30650016037
1.30809542252
1.31127528225
1.31602761702
1.32214542297
1.32929911612
1.33710896437
1.34520516089
1.35326768219
1.36104476856
1.36835503042
1.37507996556
1.38115245313
1.38654473384
1.39125765065
1.39531180013
1.39874063821
1.40158531197
1.40389090442
1.40570378405
1.40706979215
1.40803305113
1.40863522476
1.40891510139
1.40890840386
1.40864775495
1.40816274649
1.40748007461
1.40662371465
1.40561511668
1.40447340886
1.40321559974
1.40185677376
1.40041027633
1.39888788638
1.39729997542
1.39565565281
1.39396289736
1.39222867587
1.39045904925
1.38865926713
1.38683385172
1.38498667193
1.35339759951
1.35198607704
1.35053753088
1.34905462679
1.34753966047
1.34599458658
1.3444210448
1.34282038314
1.34119367899
1.33954175826
1.33786521304
1.33616441806
1.33443954646
1.33269058509
1.33091734981
1.32911950102
1.32729655975
1.32544792458
1.32357288956
1.32167066345
1.3197403903
1.31778117167
1.31579209097
1.31377224051
1.31172075364
1.30963684641
1.30751987957
1.30536946447
1.30318566361
1.30096939071
1.29872321761
1.2964529711
1.29417076024
1.29190033622
1.28968565101
1.28760247427
1.28577012254
1.28435614453
1.28356495344
1.28360618067
1.28464490595
1.28675797599
1.28991607128
1.29399788709
1.29881942869
1.30416691242
1.30982540251
1.31559904379
1.32132233948
1.3268641405
1.33212672972
1.33704216405
1.34156745947
1.34567961914
1.34937105065
1.35264561483
1.35551536747
1.3579979583
1.36011460788
1.36188856942
1.36334398454
1.36450505213
1.36539544121
1.36603789117
1.36645395385
1.36666384131
1.36668635141
1.36653884914
1.36623728751
1.36579625521
1.36522904163
1.36454771247
1.36376319057
1.36288533846
1.36192303998
1.36088427912
1.35977621494
1.35860525195
1.35737710527
1.35609686076
1.35476902988
1.32317308312
1.32217986903
1.32112850945
1.3200221105
1.31886347461
1.31765512309
1.31639931724
1.31509807821
1.31375320562
1.31236629531
1.31093875607
1.30947182588
1.30796658752
1.30642398383
1.30484483283
1.30322984262
1.30157962642
1.29989471761
1.29817558496
1.29642264803
1.29463629278
1.29281688747
1.29096479903
1.28908041041
1.28716414033
1.28521646829
1.28323797192
1.28122939135
1.27919175172
1.27712660631
1.27503651999
1.2729260074
1.27080327178
1.2686832157
1.26659216697
1.26457428627
1.26269836999
1.26106189196
1.25978796911
1.25901218014
1.25885953448
1.25941957111
1.26072920104
1.26276902552
1.26547067723
1.26873061475
1.27242583491
1.27642807386
1.28061464702
1.2848754794
1.28911676519
1.29326207396
1.29725175421
1.3010413474
1.30459953667
1.30790597897
1.31094923051
1.31372487699
1.31623391529
1.31848139356
1.32047529458
1.32222563639
1.32374376002
1.32504177477
1.32613213304
1.32702731066
1.3277395715
1.32828079903
1.32866238018
1.32889512975
1.32898924587
1.32895428885
1.32879917754
1.32853219821
1.3281610225
1.3276927315
1.32713384367
1.32649034514
1.32576772092
1.32497098636
1.32410471792
)
;

boundaryField
{
    left
    {
        type            cyclic;
    }
    right
    {
        type            cyclic;
    }
    bottom
    {
        type            cyclic;
    }
    top
    {
        type            cyclic;
    }
    frontAndBack
    {
        type            empty;
    }
}


// ************************************************************************* //
