/*--------------------------------*- C++ -*----------------------------------*\
| =========                 |                                                 |
| \\      /  F ield         | OpenFOAM: The Open Source CFD Toolbox           |
|  \\    /   O peration     | Version:  v2106                                 |
|   \\  /    A nd           | Website:  www.openfoam.com                      |
|    \\/     M anipulation  |                                                 |
\*---------------------------------------------------------------------------*/
FoamFile
{
    version     2.0;
    format      ascii;
    arch        "LSB;label=32;scalar=64";
    class       volScalarField;
    location    "3000";
    object      T;
}
// * * * * * * * * * * * * * * * * * * * * * * * * * * * * * * * * * * * * * //

dimensions      [0 0 0 1 0 0 0];

internalField   nonuniform List<scalar> 
6561
(
1.77238056219
1.77186305225
1.77126918077
1.77060147557
1.76986224962
1.76905361875
1.76817751979
1.76723572929
1.76622988257
1.76516149306
1.76403197193
1.76284264784
1.76159478678
1.76028961193
1.75892832339
1.75751211764
1.75604220654
1.75451983574
1.7529463021
1.75132297009
1.74965128666
1.74793279455
1.74616914382
1.74436210168
1.74251356139
1.74062555203
1.73870025338
1.73674002514
1.73474746937
1.73272556311
1.73067793034
1.72860937323
1.72652685144
1.72444116091
1.7223695509
1.72033929788
1.71839168969
1.71658501439
1.71499447892
1.71370720956
1.71281190449
1.71238564482
1.71248204182
1.71312427742
1.71430392502
1.71598459233
1.71810856521
1.72060454161
1.72339496093
1.72640204089
1.72955218651
1.73277881919
1.73602387879
1.73923832166
1.74238192541
1.74542266
1.74833582333
1.75110308125
1.75371150472
1.75615266065
1.75842178732
1.76051706775
1.76243900318
1.76418988244
1.76577333867
1.76719398392
1.76845711128
1.76956845468
1.7705339975
1.77135982173
1.77205199085
1.77261646025
1.7730590102
1.77338519698
1.77360031875
1.7737093931
1.77371714404
1.77362799623
1.77344607518
1.7731752119
1.77281895111
1.7416276732
1.74141513441
1.74111015317
1.74071501678
1.7402319119
1.73966293388
1.73901009824
1.73827535436
1.73746060092
1.73656770283
1.73559850949
1.73455487405
1.7334386734
1.7322518286
1.73099632538
1.72967423431
1.72828773027
1.72683911062
1.72533081173
1.7237654232
1.72214569919
1.72047456656
1.7187551291
1.7169906679
1.71518463788
1.71334066158
1.71146252281
1.70955416586
1.70761971172
1.70566351351
1.70369029094
1.70170541189
1.69971542521
1.69772898235
1.69575828218
1.69382107405
1.69194299757
1.69015963462
1.68851727774
1.68707138025
1.68588217436
1.68500810359
1.68449871881
1.68438889296
1.68469549522
1.6854167811
1.68653407817
1.68801499085
1.68981729451
1.69189283542
1.69419098354
1.69666140934
1.69925612802
1.70193086433
1.70464584665
1.70736615634
1.71006175281
1.71270727743
1.71528171905
1.71776800301
1.72015254883
1.72242482688
1.72457693387
1.72660319904
1.72849982701
1.73026457949
1.73189649569
1.7333956493
1.7347629395
1.73599991256
1.73710861095
1.73809144643
1.73895109445
1.73969040669
1.74031233951
1.74081989604
1.74121607986
1.74150385874
1.74168613697
1.74176573493
1.74174537508
1.7107518361
1.71078806248
1.71071790328
1.71054315896
1.71026565277
1.70988723272
1.70940977739
1.7088352052
1.70816548689
1.70740266075
1.70654885016
1.7056062831
1.70457731308
1.703464441
1.70227033742
1.7009978645
1.69965009688
1.69823034089
1.69674215101
1.69518934293
1.69357600215
1.69190648732
1.69018542758
1.68841771332
1.68660848003
1.68476308582
1.682887084
1.68098619437
1.67906628039
1.67713334557
1.67519357285
1.67325344597
1.67132001197
1.66940136197
1.66750740914
1.66565099915
1.6638492717
1.66212500028
1.66050743655
1.65903210266
1.65773913536
1.65667023763
1.6558648067
1.65535609083
1.65516813673
1.65531397984
1.65579517748
1.65660250615
1.65771748905
1.65911438254
1.6607622958
1.66262720337
1.66467370242
1.66686644516
1.66917123416
1.67155580463
1.67399033672
1.67644774768
1.67890381296
1.68133716004
1.68372917221
1.68606383212
1.6883275284
1.69050884279
1.69259833075
1.69458830435
1.69647262375
1.69824650105
1.69990631885
1.70144946462
1.70287418115
1.70417943286
1.70536478728
1.70643031085
1.70737647806
1.70820409294
1.70891422179
1.70950813626
1.70998726571
1.71035315818
1.71060744895
1.67991158062
1.68014335837
1.68025662985
1.68025253848
1.6801323739
1.67989756857
1.67954969953
1.67909049491
1.67852184474
1.67784581566
1.67706466896
1.67618088147
1.67519716859
1.67411650876
1.67294216864
1.6716777279
1.67032710283
1.66889456746
1.6673847711
1.66580275095
1.66415393858
1.66244415892
1.66067962068
1.6588668972
1.6570128971
1.65512482482
1.65321013174
1.65127646029
1.64933158581
1.64738336468
1.64543970336
1.64350857185
1.64159809616
1.63971677497
1.63787386878
1.63607999132
1.63434788045
1.63269323436
1.63113539163
1.6296975648
1.62840636792
1.62729054392
1.62637903618
1.6256987454
1.62527237626
1.62511671566
1.62524154717
1.62564925618
1.6263350576
1.62728770372
1.62849050341
1.62992249273
1.63155962689
1.63337590043
1.63534433813
1.63743782819
1.63962979116
1.64189469196
1.644208411
1.64654849415
1.64889430217
1.65122707951
1.65352996011
1.65578792583
1.65798773033
1.66011779915
1.66216811445
1.66413009126
1.6659964504
1.66776109191
1.6694189722
1.67096598671
1.6723988597
1.67371504212
1.67491261802
1.6759902198
1.67694695242
1.67778232628
1.67849619866
1.67908872338
1.67956030837
1.64922049679
1.64959919054
1.64984868425
1.6499693693
1.649961899
1.64982718251
1.64956638489
1.64918093275
1.64867252533
1.64804315033
1.64729510402
1.64643101498
1.64545387064
1.64436704574
1.64317433164
1.64187996536
1.6404886569
1.63900561338
1.63743655848
1.63578774525
1.63406596085
1.63227852124
1.6304332544
1.62853847071
1.6266029195
1.62463573151
1.62264634768
1.62064443594
1.61863979959
1.61664228321
1.61466168605
1.61270769799
1.61078987962
1.60891771462
1.60710076511
1.60534895399
1.60367297437
1.60208478266
1.60059807548
1.59922860334
1.59799416581
1.59691418492
1.59600885462
1.59529797386
1.59479964331
1.59452902251
1.59449731245
1.59471106753
1.59517187393
1.59587637461
1.59681658261
1.597980406
1.59935230502
1.60091401043
1.60264524559
1.60452441059
1.60652920067
1.60863714357
1.61082604975
1.61307437598
1.61536150743
1.61766796601
1.61997555388
1.62226744177
1.62452821127
1.62674385963
1.62890177515
1.63099068977
1.63300061503
1.63492276643
1.63674948038
1.63847412737
1.64009102402
1.64159534648
1.64298304675
1.64425077345
1.6453957979
1.64641594634
1.64730953879
1.64807533474
1.64871248603
1.61875209852
1.6192347245
1.61957846564
1.61978293464
1.61984810873
1.6197743237
1.61956227476
1.61921302375
1.61872801245
1.61810908157
1.61735849467
1.61647896641
1.61547369419
1.61434639199
1.61310132531
1.6117433455
1.6102779219
1.60871116995
1.60704987297
1.60530149568
1.60347418704
1.60157677039
1.59961871873
1.59761011353
1.59556158594
1.59348423975
1.59138955656
1.58928928469
1.58719531488
1.58511954773
1.58307376054
1.58106948434
1.57911790594
1.57722981376
1.57541560844
1.57368539679
1.57204917741
1.57051710513
1.56909979215
1.56780857438
1.5666556556
1.56565405233
1.56481729969
1.56415893174
1.56369179852
1.56342731237
1.56337472249
1.56354050253
1.56392790937
1.56453674025
1.56536328791
1.56640047257
1.56763811679
1.56906332415
1.5706609228
1.57241393928
1.57430407386
1.57631215529
1.57841855939
1.58060358134
1.58284775647
1.58513212782
1.58743846159
1.58974941338
1.59204864971
1.59432092957
1.59655215144
1.59872937113
1.6008407954
1.60287575639
1.60482467106
1.60667898956
1.60843113605
1.61007444481
1.61160309422
1.61301204072
1.61429695439
1.61545415767
1.61648056826
1.61737364713
1.61813135223
1.58854551512
1.58909535307
1.58949723774
1.58975003461
1.58985305982
1.58980607719
1.58960930233
1.58926341372
1.58876957049
1.58812943642
1.58734520958
1.58641965682
1.585356152
1.58415871675
1.58283206211
1.58138162939
1.57981362792
1.57813506749
1.57635378293
1.57447844798
1.57251857585
1.57048450366
1.56838735859
1.5662390035
1.56405196092
1.56183931484
1.5596145909
1.55739161672
1.55518436573
1.55300678928
1.55087264377
1.54879532182
1.5467876987
1.5448620077
1.54302975959
1.54130172063
1.53968795896
1.53819795907
1.53684078896
1.53562528692
1.53456022166
1.53365437595
1.53291651477
1.53235522064
1.53197860573
1.53179393306
1.53180719425
1.53202269496
1.5324426939
1.53306712995
1.53389345745
1.53491659596
1.53612898886
1.53752075717
1.53907992946
1.54079272706
1.54264388369
1.54461698069
1.54669478159
1.548859553
1.55109336202
1.55337834348
1.55569693269
1.5580320621
1.56036732162
1.56268708406
1.56497659807
1.56722205151
1.56941060892
1.5715304265
1.57357064841
1.57552138791
1.57737369654
1.57911952462
1.58075167552
1.58226375646
1.58365012773
1.58490585228
1.58602664718
1.58700883829
1.58784931917
1.55861155207
1.55919837905
1.55962846933
1.55990001862
1.56001174191
1.55996287577
1.55975318807
1.55938299494
1.55885318505
1.55816525048
1.5573213238
1.55632422036
1.55517748455
1.55388543866
1.55245323232
1.55088689048
1.54919335722
1.54738053265
1.54545729971
1.54343353763
1.54132011876
1.53912888574
1.53687260614
1.53456490276
1.532220158
1.52985339261
1.5274801196
1.525116176
1.52277753649
1.5204801142
1.51823955555
1.51607103729
1.51398907521
1.51200735493
1.51013859619
1.50839446124
1.50678551613
1.5053212486
1.50401013846
1.50285976674
1.50187694052
1.50106780454
1.50043791136
1.49999222863
1.49973507417
1.49966998275
1.49979952061
1.50012507123
1.50064661926
1.50136255798
1.50226954101
1.50336239235
1.5046340819
1.50607576682
1.50767689389
1.50942535424
1.51130767909
1.51330926467
1.51541461394
1.51760758422
1.51987163084
1.52219003884
1.52454613653
1.52692348656
1.52930605183
1.53167833479
1.53402549042
1.53633341347
1.53858880192
1.54077919874
1.54289301452
1.54491953373
1.54684890728
1.54867213423
1.55038103516
1.55196821966
1.55342705007
1.55475160363
1.55593663462
1.55697753815
1.55787031693
1.52893875417
1.52953880069
1.52997336554
1.53024008622
1.53033717111
1.53026340898
1.53001818596
1.52960151032
1.52901404473
1.52825714572
1.52733290958
1.52624422371
1.52499482212
1.52358934311
1.52203338716
1.52033357216
1.5184975831
1.51653421259
1.51445338867
1.51226618594
1.50998481634
1.507622596
1.50519388548
1.50271400141
1.50019909868
1.49766602407
1.49513214339
1.49261514604
1.49013283221
1.48770288914
1.48534266385
1.4830689401
1.48089772751
1.47884407098
1.47692188783
1.4751438398
1.47352124562
1.47206403758
1.47078076226
1.46967862046
1.46876353663
1.46804024339
1.46751236484
1.46718248315
1.4670521766
1.46712202334
1.46739157153
1.46785928219
1.46852245576
1.46937715509
1.47041813792
1.47163881023
1.47303120903
1.47458601997
1.47629263143
1.4781392241
1.48011289215
1.48219979041
1.484385301
1.48665421203
1.48899090152
1.49137951983
1.49380416498
1.49624904618
1.49869863195
1.50113778044
1.50355185054
1.50592679317
1.50824922324
1.51050647311
1.51268662901
1.51477855225
1.51677188723
1.51865705837
1.5204252582
1.52206842868
1.52357923782
1.52495105363
1.52617791695
1.52725451506
1.52817615732
1.49949920974
1.50009494281
1.50051633808
1.50076060985
1.50082557969
1.5007096942
1.5004120507
1.499932431
1.49927134295
1.49843006958
1.49741072487
1.49621631512
1.49485080412
1.49331918012
1.49162752195
1.48978306101
1.48779423558
1.48567073317
1.48342351685
1.4810648308
1.4786081812
1.47606828863
1.4734610095
1.47080322504
1.46811269824
1.46540790092
1.46270781502
1.46003171382
1.45739893038
1.45482862082
1.45233953051
1.44994977027
1.4476766086
1.44553628453
1.44354384408
1.44171300258
1.44005603376
1.43858368678
1.43730513142
1.43622793107
1.43535804179
1.43469983428
1.43425613382
1.43402827218
1.43401614535
1.43421827154
1.43463184536
1.43525278611
1.43607578009
1.43709431873
1.43830073557
1.43968624589
1.44124099298
1.44295410436
1.4448137606
1.44680727808
1.44892120586
1.45114143556
1.45345332219
1.45584181301
1.45829158097
1.46078715911
1.4633130724
1.4658539636
1.46839471029
1.47092053097
1.4734170782
1.4758705182
1.47826759603
1.48059568698
1.48284283431
1.4849977747
1.48704995255
1.48898952465
1.49080735693
1.49249501497
1.49404474998
1.49544948204
1.49670278216
1.49779885469
1.49873252157
1.47025393909
1.47083376993
1.47123024584
1.47144030772
1.47146152709
1.47129213295
1.47093104676
1.47037792598
1.4696332157
1.4686982081
1.46757510864
1.46626710758
1.46477845496
1.46311453634
1.46128194609
1.45928855454
1.45714356442
1.45485755191
1.45244248716
1.44991172943
1.44727999242
1.44456327627
1.44177876441
1.43894468512
1.43608014011
1.43320490482
1.43033920734
1.42750349467
1.42471819593
1.42200349181
1.41937909835
1.41686407044
1.41447662743
1.41223399966
1.4101522924
1.40824636165
1.40652969681
1.40501430661
1.40371060759
1.40262731787
1.4017713617
1.40114779217
1.4007597395
1.40060839098
1.40069300618
1.40101096765
1.4015578642
1.40232760147
1.40331253268
1.40450360201
1.40589049384
1.40746178171
1.40920507322
1.41110714815
1.41315408893
1.41533140376
1.41762414299
1.42001701019
1.42249446864
1.42504084424
1.42764042491
1.43027755634
1.43293673354
1.4356026872
1.43826046396
1.44089549941
1.44349368305
1.44604141436
1.44852564965
1.45093393956
1.45325445729
1.45547601823
1.4575880915
1.45958080462
1.46144494221
1.46317194018
1.46475387658
1.46618346063
1.46745402121
1.46855949624
1.4694944242
1.44115780336
1.44171580313
1.44208131505
1.44225116447
1.44222282032
1.44199443106
1.44156486927
1.44093378508
1.4401016682
1.43906991766
1.43784091839
1.43641812247
1.434806133
1.43301078713
1.43103923442
1.42890000603
1.42660306927
1.42415986208
1.42158330157
1.41888776145
1.41608901388
1.41320413313
1.41025136045
1.40724993272
1.40421988014
1.40118180187
1.3981566306
1.39516539887
1.39222901989
1.38936809336
1.38660274337
1.38395248982
1.38143614855
1.37907174997
1.37687646134
1.37486649667
1.37305700004
1.37146189314
1.37009368565
1.36896325571
1.36807961592
1.36744968568
1.36707809316
1.36696702849
1.36711616455
1.36752265468
1.36818120802
1.36908423594
1.37022205665
1.37158314151
1.37315438543
1.37492138454
1.37686870684
1.37898014521
1.38123894559
1.38362800705
1.38613005303
1.38872777546
1.39140395464
1.39414155851
1.39692382501
1.39973433077
1.40255704901
1.40537639875
1.40817728681
1.41094514363
1.41366595348
1.41632627926
1.41891328224
1.42141473658
1.42381903916
1.42611521456
1.42829291606
1.4303424228
1.43225463413
1.43402106172
1.43563382061
1.43708561996
1.43836975485
1.43948009998
1.44041110655
1.41216394417
1.41269963088
1.41303371099
1.41316305552
1.41308518388
1.41279830849
1.41230138868
1.4115941939
1.41067737554
1.40955254674
1.40822236819
1.40669063809
1.40496238284
1.40304394473
1.40094306169
1.3986689336
1.39623226879
1.39364530427
1.39092179335
1.3880769552
1.38512738251
1.38209090627
1.37898641977
1.37583366824
1.3726530149
1.36946519792
1.36629109568
1.36315151855
1.36006704337
1.35705790183
1.3541439263
1.35134454645
1.34867881976
1.34616546989
1.3438229013
1.341669158
1.33972180038
1.33799768467
1.33651264557
1.33528109864
1.33431559403
1.33362636348
1.3332209057
1.33310365266
1.33327574933
1.33373496647
1.33447575097
1.33548940417
1.33676436752
1.33828658792
1.34003993188
1.3420066187
1.34416764649
1.3465031905
1.34899295929
1.35161650062
1.35435345417
1.35718375253
1.36008777476
1.36304645885
1.36604137988
1.36905480101
1.37206970348
1.3750698013
1.37803954494
1.38096411764
1.38382942668
1.38662209154
1.38932943006
1.39193944325
1.39444079948
1.39682281804
1.39907545264
1.40118927501
1.40315545901
1.40496576562
1.40661252959
1.40808864814
1.40938757262
1.41050330396
1.41143039265
1.38322781551
1.3837460524
1.38405377857
1.384148072
1.3840266573
1.38368795839
1.38313116102
1.38235628494
1.38136426481
1.38015703858
1.37873764114
1.37711030045
1.37528053204
1.37325522705
1.37104272781
1.36865288411
1.36609708269
1.36338824252
1.360540769
1.35757046188
1.35449437466
1.35133062699
1.34809817712
1.34481656695
1.34150565829
1.3381853838
1.33487553856
1.33159563757
1.3283648591
1.32520208383
1.32212602563
1.31915543277
1.31630932211
1.31360719525
1.31106917945
1.30871603884
1.30656901415
1.30464947139
1.30297836678
1.30157556369
1.3004590611
1.29964420788
1.29914298088
1.29896339658
1.299109109
1.29957922294
1.30036832742
1.30146673158
1.3028608687
1.30453382368
1.30646593547
1.30863542829
1.31101903132
1.31359255565
1.31633140637
1.31921101719
1.32220720313
1.32529643277
1.32845602677
1.33166429169
1.33490059985
1.33814542614
1.34138035191
1.34458804513
1.34775222444
1.35085761321
1.35388988835
1.35683562741
1.35968225616
1.36241799851
1.36503182952
1.36751343216
1.36985315804
1.37204199237
1.37407152315
1.37593391485
1.37762188667
1.37912869585
1.3804481263
1.38157448313
1.38250259367
1.35431089727
1.35482191903
1.35511399432
1.35518456677
1.35503171929
1.35465423392
1.35405166198
1.35322440399
1.35217379817
1.35090221551
1.34941315863
1.34771136056
1.34580287843
1.3436951757
1.34139718559
1.3389193473
1.33627360613
1.33347336908
1.33053340888
1.32746971209
1.32429927171
1.32103983067
1.31770959043
1.31432690683
1.31091000372
1.30747674025
1.3040444699
1.30063002522
1.29724985176
1.29392029606
1.29065802902
1.2874805589
1.2844067629
1.28145734834
1.27865514865
1.27602516872
1.27359432053
1.27139082842
1.26944332999
1.26777974302
1.26642600464
1.26540480729
1.26473445653
1.26442795666
1.26449239887
1.26492868711
1.26573159866
1.26689014326
1.26838816203
1.27020509514
1.27231684517
1.27469666871
1.27731604018
1.28014544504
1.28315507426
1.28631540459
1.28959766036
1.29297416108
1.29641856488
1.29990602149
1.30341325016
1.30691855796
1.31040181297
1.3138443852
1.31722906637
1.3205399772
1.32376246924
1.32688302641
1.32988916981
1.33276936828
1.33551295614
1.33811005903
1.34055152799
1.34282888206
1.34493425913
1.34686037496
1.34860049033
1.35014838617
1.35149834683
1.35264515174
1.35358407553
1.32538418516
1.32590374455
1.32619667746
1.32626094673
1.32609514182
1.32569854465
1.32507120614
1.32421403227
1.32312887812
1.32181864679
1.32028738985
1.31854040392
1.3165843169
1.31442715606
1.31207838841
1.30954892316
1.30685106597
1.30399841518
1.30100569348
1.29788851244
1.294663075
1.2913458296
1.28795310141
1.28450073713
1.28100381091
1.27747644493
1.27393179898
1.27038227374
1.26683995267
1.26331727687
1.25982790833
1.25638769559
1.25301561915
1.24973457073
1.24657181792
1.24355902879
1.24073177891
1.23812852934
1.23578913868
1.23375304037
1.23205726562
1.23073451301
1.22981145456
1.22930743022
1.22923362622
1.22959276942
1.23037931139
1.23158003065
1.23317495323
1.23513848086
1.23744061976
1.24004821645
1.24292612694
1.24603826671
1.24934850975
1.25282142243
1.25642283208
1.2601202406
1.26388309964
1.26768296806
1.27149357306
1.27529079614
1.27905260318
1.28275893567
1.28639157708
1.289934006
1.2933712448
1.29668971055
1.29987707262
1.30292212022
1.30581464176
1.30854531673
1.31110562066
1.31348774298
1.31568451729
1.31768936385
1.31949624364
1.32109962371
1.32249445366
1.32367615282
1.32464060852
1.29643153785
1.29698114292
1.29729749639
1.29737922595
1.29722556731
1.29683643495
1.29621250343
1.29535529765
1.29426728952
1.29295199727
1.29141408245
1.28965943765
1.28769525683
1.28553007771
1.28317378473
1.28063755978
1.27793376848
1.27507577145
1.27207765472
1.26895388034
1.2657188692
1.26238654148
1.25896985631
1.25548040831
1.25192815237
1.24832133533
1.24466670963
1.24097008641
1.23723725105
1.23347521456
1.22969371378
1.22590681116
1.22213439363
1.21840334159
1.21474814617
1.21121079884
1.20783986094
1.20468872943
1.20181322993
1.19926876835
1.1971073368
1.19537468534
1.19410793713
1.19333385168
1.1930678453
1.19331377853
1.19406443558
1.19530256173
1.19700229457
1.19913082155
1.20165011166
1.2045185978
1.20769271873
1.21112826271
1.21478148298
1.21860997864
1.22257335115
1.22663365763
1.23075568874
1.2349071012
1.2390584348
1.24318304179
1.24725695327
1.25125870354
1.2551691297
1.25897115998
1.26264960127
1.26619093332
1.26958311487
1.27281540502
1.27587820169
1.27876289806
1.2814617571
1.28396780358
1.28627473315
1.28837683743
1.29026894447
1.29194637371
1.293404905
1.29464076096
1.2956506026
1.26745293276
1.26806012429
1.2684287813
1.26855833033
1.26844878047
1.2681007976
1.26751578876
1.26669599404
1.26564458251
1.26436574714
1.26286479192
1.26114820234
1.25922368828
1.25710018617
1.25478780563
1.25229770501
1.24964188129
1.24683286318
1.24388330335
1.24080547651
1.23761070616
1.23430876253
1.23090729685
1.2274113996
1.22382338788
1.22014293422
1.21636763932
1.21249411976
1.20851962544
1.20444412355
1.20027269435
1.19601799339
1.19170246459
1.18735995836
1.18303643358
1.1787895082
1.17468676205
1.17080286688
1.16721579191
1.16400247413
1.16123442205
1.15897372088
1.15726982889
1.15615742445
1.15565540731
1.15576700741
1.15648083599
1.15777264374
1.15960752638
1.1619423319
1.16472806286
1.16791211804
1.17144027081
1.17525832879
1.17931345739
1.18355517819
1.18793607104
1.19241221931
1.19694344184
1.20149335488
1.20602930423
1.21052220314
1.21494630626
1.21927894433
1.22350023927
1.22759281469
1.23154151283
1.23533312576
1.23895614583
1.24240053838
1.24565753829
1.24871947055
1.2515795944
1.2542319702
1.25667134779
1.25889307496
1.2608930249
1.26266754143
1.26421340095
1.26552779034
1.26660830019
1.23846764117
1.23916624234
1.23962261848
1.23983711312
1.23981061841
1.23954465164
1.23904144041
1.23830401323
1.23733629035
1.23614316841
1.2347305896
1.23310558397
1.23127627055
1.22925180036
1.22704222274
1.22465825562
1.22211094281
1.21941118661
1.21656915508
1.21359357931
1.21049097961
1.2072648873
1.20391516144
1.20043752965
1.19682350506
1.19306083671
1.18913463101
1.18502922847
1.18073083181
1.17623076173
1.17152908146
1.16663820178
1.16158598597
1.15641784615
1.15119738122
1.1460052548
1.14093623557
1.13609458477
1.13158822842
1.12752234534
1.12399309267
1.12108215189
1.11885262179
1.11734656279
1.11658425314
1.11656499593
1.11726915876
1.11866105472
1.12069227009
1.12330509272
1.1264357725
1.13001743168
1.13398252275
1.13826479654
1.14280079132
1.14753088502
1.15239996943
1.15735781247
1.16235917329
1.16736373026
1.1723358739
1.17724440859
1.18206219847
1.18676578505
1.1913349976
1.19575257138
1.20000378454
1.20407612027
1.20795895853
1.21164329918
1.21512151679
1.2183871467
1.22143470065
1.22425951062
1.22685759859
1.22922557065
1.23136053338
1.23326003107
1.23492200218
1.23634475409
1.23752695482
1.20951728606
1.21034754252
1.21093366321
1.21127700594
1.21137943331
1.21124338988
1.2108719858
1.21026908231
1.20943937244
1.20838844788
1.20712284023
1.20565002156
1.20397834559
1.20211690802
1.20007530211
1.19786324598
1.19549006145
1.19296399306
1.19029137186
1.18747565218
1.18451638305
1.18140821576
1.1781400939
1.17469481295
1.17104916482
1.16717488465
1.163040581
1.15861474512
1.15386979948
1.14878696688
1.14336154509
1.13760799166
1.13156410584
1.12529357881
1.11888629893
1.11245604455
1.10613554503
1.10006928134
1.09440475779
1.08928323344
1.0848309989
1.08115217117
1.07832368806
1.07639282176
1.07537716334
1.07526671074
1.07602749573
1.07760612968
1.07993469119
1.08293548846
1.08652536765
1.09061937446
1.09513369063
1.09998785164
1.10510630731
1.11041941717
1.11586398351
1.12138342342
1.12692767172
1.13245289368
1.13792107229
1.14329952115
1.14856036216
1.15367999659
1.15863859009
1.16341958511
1.1680092495
1.17239626581
1.17657136324
1.18052699229
1.18425704046
1.18775658712
1.19102169453
1.19404923245
1.1968367334
1.19938227582
1.20168439287
1.20374200451
1.20555437119
1.20712106735
1.20844197357
1.18066869717
1.18167721707
1.18244156963
1.18296419855
1.18324799704
1.1832963839
1.18311338275
1.1827036981
1.18207277939
1.18122686138
1.18017296512
1.17891883997
1.17747282268
1.17584358561
1.17403974407
1.17206929357
1.16993885339
1.16765270608
1.16521164536
1.16261167926
1.15984268187
1.15688714358
1.15371923058
1.15030441967
1.14660000866
1.14255679821
1.13812217971
1.13324473144
1.12788022151
1.12199865508
1.11559172253
1.10867975982
1.10131718669
1.093595402
1.085642322
1.07761813887
1.06970740167
1.06210808901
1.05501884075
1.04862585245
1.04309103605
1.03854280803
1.03507034375
1.03272156951
1.0315046306
1.03139212043
1.03232712349
1.03423012909
1.03700600492
1.04055042844
1.04475540406
1.04951369778
1.05472217528
1.06028413186
1.06611075854
1.07212190923
1.07824633118
1.08442150423
1.09059321133
1.09671493899
1.10274718313
1.10865671637
1.11441585652
1.12000176306
1.12539577873
1.13058282598
1.13555086273
1.14029039843
1.1447940688
1.14905626624
1.15307282194
1.15684073545
1.1603579472
1.16362314994
1.16663563493
1.16939516953
1.17190190292
1.17415629724
1.17615908188
1.1779112288
1.17941394739
1.15201643242
1.15325583395
1.15425290502
1.15501121674
1.15553472184
1.15582782763
1.15589546737
1.15574316164
1.15537705826
1.15480393536
1.15403114733
1.15306648814
1.15191794107
1.15059327921
1.14909947865
1.14744190804
1.14562326723
1.14364226642
1.14149206984
1.13915857659
1.13661867564
1.13383869054
1.13077331214
1.12736539076
1.12354700086
1.11924217562
1.11437161028
1.10885943414
1.10264185131
1.0956770755
1.08795559099
1.07950944244
1.07041908521
1.06081639669
1.05088279582
1.04084202015
1.03094787808
1.02146809272
1.01266602483
1.00478249582
0.998020058263
0.992531606803
0.988414289118
0.985708821876
0.984403586081
0.984442226169
0.985733221874
0.988160054765
0.991590870186
0.995886899485
1.00090927159
1.00652413298
1.01260619158
1.01904091003
1.02572561677
1.03256979977
1.03949481952
1.04643323683
1.05332790931
1.06013097136
1.06680277938
1.07331087807
1.07962902309
1.08573628071
1.09161621453
1.09725616202
1.10264659911
1.10778058808
1.11265330238
1.1172616213
1.12160378745
1.12567912
1.12948777739
1.13303056354
1.13630877246
1.13932406685
1.14207838655
1.14457388384
1.1468128826
1.14879785912
1.15053144244
1.12368479811
1.12521297847
1.1265023959
1.12755775732
1.12838407008
1.12898670928
1.12937147717
1.12954464366
1.12951295322
1.12928357796
1.12886399097
1.12826172687
1.12748398984
1.12653706357
1.125425475
1.12415086685
1.12271054712
1.12109571019
1.11928936996
1.11726411192
1.11497986077
1.11238196623
1.10940002218
1.10594792976
1.10192576489
1.0972239774
1.09173029701
1.08533942901
1.07796519027
1.06955420756
1.06009975754
1.04965389518
1.03833582744
1.02633465219
1.01390513951
1.00135612709
0.989032191428
0.977290346054
0.966474390085
0.956890086429
0.948784617021
0.942332994725
0.937632377472
0.934704008492
0.933501608139
0.933924063683
0.935829994584
0.939052257838
0.943410953014
0.948724087124
0.954815619579
0.961521002457
0.968690559914
0.976191145847
0.98390652203
0.991736849637
0.999597615362
1.00741823849
1.01514053762
1.02271717977
1.03011019097
1.03728957508
1.04423206496
1.05092001428
1.05734042852
1.06348412754
1.06934502903
1.07491954045
1.08020604725
1.08520448535
1.08991598685
1.0943425893
1.09848699964
1.10235240544
1.10594232687
1.10926050411
1.11231081552
1.11509722275
1.11762373979
1.11989442312
1.12191338076
1.095829177
1.09770813267
1.09935334971
1.10077064517
1.10196604174
1.10294582638
1.10371659304
1.10428525514
1.10465900896
1.10484522217
1.10485121398
1.10468388483
1.10434914469
1.10385108205
1.10319081287
1.10236495383
1.10136368253
1.10016838461
1.09874894952
1.09706086839
1.09504240796
1.09261227888
1.08966836539
1.08608820906
1.08173199688
1.07644874457
1.07008614046
1.06250409348
1.053591419
1.04328436078
1.03158491227
1.01857634169
1.0044331323
0.989422866408
0.973898442749
0.958280306407
0.943029859697
0.928616650069
0.915483002527
0.904010465253
0.894493224101
0.887122539735
0.881982726409
0.879057595892
0.878245514023
0.879379584363
0.882249113064
0.88661976942
0.892250599663
0.898907022889
0.906369793404
0.914440422124
0.922943776175
0.931728608708
0.940666689918
0.949651081185
0.958593958567
0.967424271274
0.976085423215
0.984533092089
0.992733247858
1.00066039665
1.00829605315
1.01562743069
1.02264633065
1.02934820976
1.03573140281
1.04179647971
1.04754571713
1.0529826676
1.05811181071
1.06293827369
1.06746761028
1.07170562885
1.07565826204
1.07933147182
1.08273118479
1.08586325345
1.08873344021
1.091347421
1.09371080631
1.06863646801
1.0709306222
1.07299711055
1.07484280176
1.07647466194
1.07789980118
1.07912549381
1.08015915479
1.08100824777
1.08168009223
1.08218152718
1.08251837766
1.08269465964
1.0827114498
1.08256534395
1.08224643521
1.08173576832
1.08100227688
1.07999929384
1.07866084818
1.07689812278
1.07459663965
1.07161493645
1.06778565916
1.06292006333
1.05681681915
1.04927568973
1.0401160576
1.02919942788
1.01645403097
1.00189866623
0.985662220624
0.967995128843
0.949269599898
0.929966729864
0.910650424262
0.89192999471
0.874415057155
0.85866754802
0.845156469607
0.834223267114
0.826064985576
0.820734004644
0.818151510492
0.818132467971
0.820416748003
0.824699977685
0.830660961383
0.837983307362
0.846370517686
0.855555123294
0.865303034798
0.875414413812
0.885722247979
0.896089575882
0.906406054088
0.916584336345
0.926556560422
0.936271110814
0.945689738148
0.954785059518
0.963538429688
0.971938154137
0.979978006143
0.987656007637
0.994973434808
1.00193401276
1.00854326763
1.01480800899
1.02073591955
1.02633523287
1.03161448345
1.03658231603
1.04124734374
1.04561804658
1.04970270341
1.05350935205
1.057045773
1.06031949343
1.06333780836
1.06610781646
1.04232445615
1.04509848562
1.04765144149
1.0499911567
1.05212544072
1.0540621097
1.05580897829
1.05737379053
1.05876405955
1.05998677471
1.06104792268
1.06195175477
1.06269971914
1.06328896575
1.06371032826
1.06394569819
1.06396473998
1.0637209628
1.06314727555
1.06215131389
1.06061104126
1.05837137836
1.0552428727
1.051003627
1.04540578166
1.0381876991
1.02909253861
1.0178930901
1.00442158039
0.988601812418
0.970479705676
0.950247429211
0.928256223378
0.905013937014
0.881165219594
0.857454766934
0.834676386151
0.813612599431
0.794970540236
0.77932049443
0.767048937779
0.758342325964
0.753194336377
0.751429273215
0.752741061373
0.756740759782
0.763000063051
0.77108800327
0.780597577912
0.791162061542
0.802462851571
0.814231187889
0.826245915513
0.83832901711
0.850340144606
0.86217095031
0.873739693895
0.884986375414
0.895868496818
0.906357464027
0.916435590796
0.926093640554
0.935328833517
0.944143246835
0.952542541118
0.9605349545
0.968130513928
0.975340421521
0.982176581315
0.988651238158
0.994776706033
1.00056516765
1.00602853089
1.01117833078
1.01602566799
1.02058117697
1.02485501822
1.02885689039
1.03259605887
1.03608139789
1.0393214437
1.01713996825
1.02045616564
1.02355777782
1.02645349187
1.02915183874
1.03166120245
1.0339897763
1.03614543859
1.03813550954
1.03996633838
1.04164265346
1.04316659106
1.04453630118
1.04574401516
1.04677345632
1.04759648899
1.0481689456
1.04842565885
1.04827487005
1.04759239594
1.04621621397
1.04394245309
1.04052410962
1.03567407047
1.02907411297
1.02039133637
1.00930285009
0.995528434087
0.978869339389
0.959249603581
0.936754578268
0.91166029721
0.884447365568
0.855794547904
0.82655004825
0.797681788207
0.770210592192
0.745131806702
0.723331003274
0.705499796261
0.692064427038
0.68317627223
0.678734653261
0.67842180337
0.681759428706
0.688183354677
0.697103730738
0.707953702399
0.720220815657
0.733462409811
0.747309513416
0.761463507524
0.775688887638
0.789804427407
0.803674166278
0.817199008978
0.830309309586
0.842958558972
0.855118150011
0.866773121342
0.877918750016
0.888557858164
0.898698706961
0.908353365673
0.917536460151
0.926264221334
0.934553769116
0.942422579705
0.949888095346
0.956967444091
0.963677244436
0.970033475302
0.97605139636
0.981745507198
0.987129536554
0.99221645498
0.997018505869
1.00154725097
1.00581362733
1.00982801308
1.01360029974
0.99335572683
0.997270984031
1.00097736095
1.00448427407
1.00780084046
1.0109358609
1.01389773339
1.01669426303
1.01933232146
1.02181729272
1.02415222263
1.0263365676
1.02836441682
1.03022204558
1.03188465273
1.03331215428
1.03444396138
1.03519278296
1.03543767775
1.03501685082
1.03372104548
1.03128880021
1.02740526378
1.02170659288
1.01379205438
1.00324565649
0.989668289234
0.972719884016
0.952169066168
0.927945433729
0.900187443151
0.86927759727
0.835856930776
0.80081314353
0.765240927949
0.730377603374
0.697519633031
0.667925296479
0.642704833851
0.622709645163
0.60839444888
0.599837290552
0.596799211158
0.598764179337
0.605007674748
0.614728654512
0.627128510479
0.641475734291
0.657140154335
0.673602680694
0.69045064816
0.70736588232
0.724110082456
0.740510183197
0.756445028671
0.771833897738
0.786626979429
0.800797672675
0.814336485051
0.82724627636
0.839538601396
0.851230932285
0.862344573349
0.872903114183
0.882931296622
0.892454197183
0.901496648098
0.910082837593
0.918236043979
0.925978469042
0.933331144751
0.940313893774
0.946945329337
0.953242883695
0.959222857363
0.964900483351
0.970290002204
0.975404744735
0.980257220021
0.984859206584
0.989221844636
0.971265888043
0.975828435328
0.98018633503
0.984349602379
0.988327800625
0.992129992856
0.995764605297
0.99923916097
1.0025598267
1.00573069645
1.00875271006
1.01162207982
1.01432807082
1.01684996079
1.01915299934
1.02118321052
1.02286095316
1.02407329401
1.02466548063
1.02443214188
1.02310929213
1.02036874344
1.01581706285
1.00900162402
0.999426413381
0.986579850883
0.969975782189
0.949206892037
0.924007159401
0.894316968229
0.860341751381
0.822593496358
0.781905099238
0.739411174713
0.696495330636
0.654710746565
0.615683317592
0.581000871571
0.552060437562
0.529971282832
0.515182881611
0.507629857312
0.506891912581
0.512198932543
0.522453296489
0.53653581649
0.553379109822
0.572057922536
0.591819327614
0.612076831755
0.632389722395
0.652437892943
0.671997296394
0.690918293929
0.709107577343
0.726513596067
0.743115103961
0.758912336597
0.773920329011
0.78816393106
0.801674142795
0.81448545995
0.82663398212
0.838156090125
0.849087543732
0.859462886695
0.869315074284
0.878675260166
0.887572696129
0.896034710595
0.904086741252
0.911752404065
0.919053586059
0.926010552994
0.932642065785
0.938965501458
0.944996975771
0.950751465496
0.956242928861
0.961484422706
0.966488214679
0.951180332437
0.956426413125
0.961469960001
0.96632145933
0.970990784918
0.975487113471
0.979818730643
0.983992678472
0.988014175729
0.991885718533
0.995605739546
0.999166671696
1.00255223013
1.00573370106
1.00866501933
1.01127644543
1.01346673956
1.01509390315
1.01596484536
1.01582475316
1.01434750061
1.01112908738
1.00568675781
0.997466958267
0.985865416627
0.970262107815
0.950072461831
0.924813752295
0.894182279055
0.858133161372
0.81695110541
0.771298591437
0.722228985893
0.671157451466
0.61979243668
0.570041822869
0.523914292627
0.483431937591
0.450317694794
0.426256411595
0.411554062662
0.405840650292
0.408514960757
0.418566571376
0.434221789762
0.453962040856
0.476371337717
0.500308819731
0.524910639575
0.549548175526
0.573780998461
0.597313663745
0.619959399903
0.641611045717
0.662218450905
0.681771274434
0.700286132658
0.717797163455
0.734349216802
0.74999302828
0.76478186574
0.778769254556
0.792007481859
0.804546655923
0.816434155726
0.827714350585
0.838428503314
0.848614795253
0.858308429671
0.867541783242
0.876344584758
0.884744107057
0.892765362856
0.900431298621
0.907762982823
0.914779786548
0.92149955537
0.927938771941
0.934112708913
0.940035571606
0.945720629233
0.933417862729
0.939368556617
0.945116157367
0.950671505154
0.956044660845
0.961244780277
0.966279856745
0.971156273389
0.975878084343
0.980445914635
0.984855334109
0.98909452171
0.993140997638
0.99695717036
1.00048443688
1.00363560876
1.00628554093
1.00826004898
1.00932354887
1.00916636491
1.00739333079
1.00351610679
0.996952442454
0.987036228432
0.973042323844
0.95422948886
0.929903000796
0.899495537841
0.862660810587
0.819369727942
0.769994563697
0.71536407637
0.656773789328
0.595943090058
0.534925900583
0.475999166837
0.421575846029
0.37437497326
0.336139729002
0.310366478912
0.296565404554
0.293634546823
0.3009911149
0.317814979581
0.340608049464
0.367595526374
0.396860445984
0.427057637651
0.45726027437
0.486847970461
0.515424772263
0.542756003957
0.568720674693
0.593276159287
0.616432270239
0.638232487676
0.658740608976
0.678031446467
0.696184498129
0.713279763541
0.729395080776
0.744604522802
0.758977518379
0.772578458156
0.785466617549
0.797696279484
0.809316977005
0.820373801894
0.830907743701
0.840956036285
0.850552497618
0.859727854488
0.86851004766
0.876924515599
0.884994456466
0.892741069025
0.900183773571
0.907340414046
0.914227442282
0.920860084733
0.927252491096
0.918298540311
0.924956967248
0.93140865033
0.937664682971
0.943735207901
0.949629246596
0.955354373211
0.960916164978
0.966317334279
0.971556413603
0.976625823605
0.981509108392
0.986177075866
0.990582544244
0.994653384826
0.998283590389
1.00132222152
1.00356033062
1.00471637701
1.00442125862
1.00220489678
0.997487268034
0.989577741699
0.977687314131
0.960958489694
0.938516749071
0.9095454168
0.873382126962
0.829630162377
0.778272313469
0.719769603432
0.655123723865
0.585882637827
0.514078064179
0.442106890303
0.372581898005
0.308106001295
0.25329159338
0.207241078985
0.180747494241
0.169265188897
0.169898524633
0.182903896752
0.210216311947
0.242064321097
0.278323850186
0.315880140002
0.353365002891
0.389903146533
0.424963192906
0.458253165005
0.489642734649
0.519108684873
0.54669643534
0.572492922981
0.596607812473
0.619160830178
0.640273518843
0.660064107337
0.678644520468
0.69611882143
0.712582586494
0.728122865936
0.742818496818
0.756740612071
0.769953244834
0.782513964219
0.794474503555
0.805881358671
0.816776344428
0.827197104565
0.837177574077
0.846748395863
0.855937294688
0.864769412146
0.873267606411
0.881452720355
0.889343821122
0.896958413542
0.90431262877
0.911421388131
0.906135454611
0.913484587708
0.920619983309
0.927552907551
0.934293502217
0.940850566828
0.947231160825
0.953439947673
0.959478171704
0.965342119155
0.971020867172
0.976493070683
0.981722482744
0.986651860245
0.991194892731
0.995225836227
0.998566675529
1.00097192575
1.00211166675
1.0015541205
0.998750033419
0.993022250478
0.983565000293
0.969458264691
0.949702775762
0.923280202636
0.889240555654
0.846814585364
0.795543241833
0.735409813132
0.666954203999
0.591343913641
0.510374020077
0.426376673419
0.342071573003
0.260439750289
0.182353463172
0.121578250671
0.0577883298761
0.03545109992
0.029283149941
0.0332207793003
0.0499404631181
0.0977816884937
0.138848377049
0.187552268269
0.234790822065
0.280517680346
0.324040648405
0.365010259804
0.4033051219
0.438944624043
0.472035243205
0.502733311671
0.531219155833
0.557679946774
0.582298995339
0.605249570588
0.626691746569
0.646771189613
0.665619131867
0.683353027047
0.700077562205
0.715885821064
0.730860475516
0.745074934477
0.758594412773
0.771476903443
0.783774049263
0.795531916464
0.806791677383
0.817590210531
0.82796062708
0.837932732496
0.847533431444
0.856787083201
0.865715813814
0.874339790115
0.882677459498
0.890745757844
0.89856028622
0.897226259628
0.905227554101
0.913004704084
0.920569089626
0.927930793225
0.935098333658
0.942078195542
0.948874066105
0.955485655364
0.961906930997
0.968123544551
0.974109163766
0.979820362908
0.985189671845
0.990116366676
0.994454632988
0.997998892577
1.00046641151
1.00147785993
1.0005373162
0.997014303532
0.990131741141
0.978964993516
0.962458171763
0.939464006399
0.908812429598
0.869410028207
0.820367629246
0.761146875571
0.691709750614
0.612648790445
0.525270046062
0.431591212186
0.33419958504
0.236033508614
0.142388811829
0.0379797186692
0.00519916622106
0
0
0
0
0
0.00416074128286
0.0280247672094
0.0983347492667
0.155224319979
0.209980009255
0.260995611496
0.308193889307
0.351691322105
0.391695725549
0.428470804673
0.462304134522
0.493483859945
0.522284381301
0.54895879853
0.573735820001
0.596819388768
0.618389835383
0.638605794841
0.657606422933
0.675513643051
0.692434278064
0.708461997418
0.723679053994
0.738157810309
0.751962066773
0.765148210759
0.777766207202
0.789860451182
0.801470501455
0.812631711978
0.823375776331
0.83373119785
0.843723696316
0.853376560166
0.862710951397
0.87174616853
0.88049987109
0.888988266763
0.891844826335
0.900437825449
0.908792966233
0.916921705399
0.924834032669
0.932538157297
0.940039966786
0.947342159118
0.954442910374
0.961333889097
0.967997367285
0.974402107908
0.980497637275
0.986206451671
0.991413685374
0.995953818747
0.999594181675
1.00201537263
1.00278933334
1.00135674431
0.99700664071
0.988862606584
0.975881365433
0.956870656486
0.930533417878
0.895543868071
0.85065758923
0.794852102147
0.727487367788
0.648468773373
0.55839076667
0.458638642575
0.351415730732
0.239495236118
0.12384494687
0.0168871337378
0
0
0
0
0
0
0
0
0
0.0112432972632
0.0777325632224
0.143335367755
0.202159235762
0.255756287241
0.30455320634
0.348958977153
0.389413719291
0.426353564997
0.460186875027
0.491283160845
0.519969856473
0.546533411625
0.571222523487
0.594252227306
0.615808133179
0.636050441027
0.655117567226
0.673129329216
0.69018969398
0.706389125032
0.721806573872
0.736511164006
0.750563612939
0.764017432941
0.776919946045
0.789313143547
0.801234415493
0.812717171426
0.823791369994
0.834483971864
0.844819327598
0.854819509681
0.8645045955
0.8738929057
0.883001199623
0.890233348042
0.899336365012
0.90818476439
0.916790062707
0.925162147565
0.933308919809
0.941235686053
0.948944193373
0.956431154503
0.963686056126
0.970687974782
0.977401047111
0.983768161188
0.989702369001
0.995075493179
0.999703454914
1.00332804142
1.00559523079
1.00603087351
1.00401555024
0.998761788102
0.989298425408
0.974468515017
0.952948301165
0.923294861504
0.884028257228
0.83374991267
0.771292412501
0.695887903536
0.60733510936
0.50614287433
0.393645076747
0.272212198784
0.14664960366
0.0172178531741
0
0
0
0
0
0
0
0
0
0
0
0.0102082579181
0.0835852134484
0.148946862491
0.20891538391
0.263023102779
0.311791912316
0.355856711563
0.395820186856
0.432221811439
0.465532015688
0.49615519667
0.524436296104
0.550668475169
0.575100661573
0.597944414482
0.619379912708
0.639561053748
0.658619734881
0.676669418777
0.69380809093
0.710120708843
0.725681230742
0.740554298418
0.754796636311
0.768458218017
0.781583242003
0.794210950545
0.806376319464
0.818110640952
0.829442017411
0.840395780558
0.850994846871
0.861260017562
0.871210228386
0.880862751512
0.892595201189
0.902107100465
0.91134495723
0.920320350011
0.92904307792
0.937520763462
0.945758186459
0.953756232475
0.961510291971
0.969007886005
0.976225220234
0.983122284027
0.989636023853
0.995671046009
1.00108727218
1.00568402637
1.00918023545
1.01119085448
1.01120036283
1.00853528015
1.00233912462
0.991554971114
0.974922479933
0.950997451915
0.918201903457
0.874910512379
0.819574376083
0.750875236371
0.667893664788
0.570265270669
0.458287810933
0.332884101668
0.194886333992
0.0401642896472
0
0
0
0
0
0
0
0
0
0
0
0
0
0.0215773923583
0.101382820542
0.168751589186
0.228204427372
0.281219310817
0.328752854431
0.371599687445
0.410438182595
0.445842205569
0.47829321327
0.508193565735
0.535879332459
0.561631669932
0.585686503174
0.608242570571
0.629468021928
0.649505793612
0.668477975311
0.686489356815
0.70363031308
0.719979157196
0.735604065843
0.750564660969
0.764913314444
0.778696228771
0.79195433612
0.804724049284
0.817037891285
0.828925024842
0.840411698353
0.851521621249
0.862276278156
0.872695188023
0.88279611092
0.899088812075
0.90889183196
0.918399171261
0.927622490727
0.936571536481
0.945253710343
0.953673355547
0.96183063423
0.96971982291
0.977326787799
0.984625322669
0.991571941091
0.998098620456
1.00410291484
1.00943481771
1.01387981103
1.01713775019
1.01879768632
1.01830950538
1.01495443216
1.00781800931
0.995770996215
0.977465426491
0.951354258825
0.91574284568
0.868877871313
0.809073615569
0.734866087903
0.645173994427
0.539437942615
0.417734354661
0.281057235918
0.133041518471
0.00569049160829
0
0
0
0
0
0
0
0
0
0
0
0
0
0.00286030160316
0.0664411361265
0.137291544867
0.201278150476
0.258214415989
0.308979971483
0.354505802175
0.395601042023
0.432939653259
0.467076828669
0.498469054487
0.527492319605
0.554457434547
0.579622537065
0.603203155892
0.625380255069
0.64630664925
0.666112122444
0.684907521746
0.702788042836
0.719835878095
0.736122361044
0.751709711516
0.766652463043
0.780998636136
0.794790707369
0.808066413418
0.820859420869
0.833199885978
0.845114923256
0.856628997326
0.867764248646
0.878540760046
0.888976767234
0.909822717764
0.919786196398
0.929430620796
0.938767771987
0.947807399689
0.956556768694
0.965019909204
0.973196442301
0.981079799383
0.988654586979
0.995892765465
1.00274821471
1.00914916016
1.01498784747
1.02010681424
1.02428116247
1.02719645455
1.02842232376
1.02738269836
1.02332475356
1.01529033026
1.00209546091
0.982325487551
0.954354441261
0.91639699922
0.866598370675
0.803160797422
0.724493998886
0.629359263278
0.516946232642
0.386744835389
0.237796923063
0.0656671322175
0
0
0
0
0
0
0
0
0
0
0
0
0
0
0
0.0316783911627
0.113393034846
0.182870967295
0.243583812122
0.2972944223
0.345230936521
0.388351428177
0.427425052269
0.463073721607
0.495802120387
0.526021500399
0.5540687107
0.580221296407
0.604709397505
0.627725097332
0.649429768533
0.669959859534
0.689431470496
0.707943989518
0.725582997651
0.742422602788
0.758527325418
0.773953630876
0.788751181135
0.802963862835
0.816630635578
0.829786234892
0.842461756669
0.854685143893
0.866481591521
0.877873881145
0.888882653091
0.899526619554
0.924851943987
0.934836739812
0.944477832468
0.953787179589
0.962774611613
0.971447364075
0.979809307277
0.98785974149
0.995591572097
1.00298860984
1.01002165619
1.01664293529
1.02277833155
1.02831680294
1.03309629816
1.03688556026
1.03936142129
1.04008166944
1.03845439464
1.03370595982
1.0248514024
1.01067300748
0.989714658469
0.960300736111
0.920587887322
0.868654818995
0.802628343738
0.720832610078
0.6219330427
0.505028357188
0.369626768745
0.215450639109
0.0422373115577
0
0
0
0
0
0
0
0
0
0
0
0
0
0
0
0.0200954232614
0.102378001335
0.174679967386
0.238201965011
0.294334994275
0.344315417908
0.389171529362
0.429739022242
0.466691993306
0.500574068185
0.531825218822
0.560803520157
0.587802328546
0.613063686885
0.636788746938
0.659145879344
0.680277005937
0.700302568206
0.719325447822
0.737434079075
0.754704935068
0.771204525878
0.786991014081
0.802115528403
0.816623237672
0.830554233152
0.843944256596
0.856825302992
0.869226120436
0.881172624168
0.892688237303
0.90379416652
0.914509616735
0.94417576
0.954039102669
0.963533230496
0.972670352899
0.981460477971
0.989910941353
0.998025631206
1.00580377668
1.01323811315
1.02031216775
1.02699632264
1.03324221439
1.03897492385
1.04408232113
1.04840088693
1.05169738515
1.05364598352
1.05380089698
1.05156545512
1.04615974088
1.03659060865
1.0216298288
0.999807962807
0.969432712677
0.928639985038
0.87548266497
0.808055140863
0.724640736509
0.623856147368
0.504758369412
0.366895244697
0.210382166046
0.0364486137213
0
0
0
0
0
0
0
0
0
0
0
0
0
0
0
0.0176681773646
0.101876007467
0.176631895251
0.242414836843
0.3004808967
0.352098537188
0.398354802982
0.440136302573
0.478155621397
0.512984513105
0.545083460414
0.574825628488
0.602515620722
0.628403985176
0.652698404418
0.675572344313
0.697171768314
0.717620379411
0.737023738178
0.755472518817
0.773045100291
0.789809641344
0.805825752338
0.821145850057
0.835816261562
0.849878128075
0.863368148308
0.876319191854
0.88876080621
0.9007196354
0.912219763377
0.923282990989
0.933929050902
0.96773681395
0.977337287321
0.986542522361
0.995365074211
1.00381524375
1.01190061405
1.01962528709
1.02698868965
1.03398376405
1.04059428991
1.04679099872
1.05252604419
1.05772528914
1.06227778038
1.0660217404
1.06872645703
1.07006967137
1.0696105352
1.06675902527
1.06074392904
1.05058315449
1.03506202463
1.01272704261
0.981903723258
0.940746561501
0.887325930989
0.819749606334
0.736305020781
0.635592450812
0.516600209802
0.378654292812
0.221184279849
0.0434967850715
0
0
0
0
0
0
0
0
0
0
0
0
0
0
0
0.0220379228413
0.111290823074
0.188837113138
0.256466173441
0.315943106296
0.368731033861
0.415999282833
0.458674847837
0.497493261176
0.533040882028
0.565788243564
0.596115800039
0.624333642672
0.650696574064
0.675415660205
0.698667122723
0.720599222673
0.741337623036
0.760989593472
0.779647328909
0.7973905856
0.814288788068
0.830402723221
0.845785910241
0.860485714241
0.874544256035
0.887999158582
0.900884161495
0.913229627867
0.925062961872
0.936408950709
0.947290040011
0.957726547399
0.99542160357
1.00462395229
1.01340482154
1.02177722311
1.02975188075
1.03733678495
1.04453645752
1.05135079859
1.05777333716
1.06378863899
1.0693685435
1.07446680578
1.07901162075
1.08289542029
1.08596129306
1.08798542853
1.08865519945
1.08754295489
1.08407638712
1.07750752529
1.06688399625
1.05102804152
1.0285305517
0.997768465962
0.956953398886
0.904216208493
0.837725283079
0.755824533167
0.657158639526
0.540720602716
0.405674728235
0.250511184072
0.0697550402813
0
0
0
0
0
0
0
0
0
0
0
0
0
0
0
0.0378618327888
0.132879880718
0.212194017181
0.280686764977
0.340808806919
0.394181146796
0.442006772475
0.48521585696
0.524540274342
0.560562091194
0.593748394631
0.624477210125
0.65305705955
0.679741834482
0.704742178483
0.728234251763
0.750366522763
0.771265064375
0.791037710223
0.809777336704
0.827564470371
0.844469371487
0.860553708355
0.875871910069
0.890472265043
0.904397817355
0.917687101252
0.930374745123
0.942491969142
0.954066995024
0.965125381507
0.975690294743
0.985782718414
1.02706219535
1.03574166162
1.0439734497
1.05177115165
1.05914605348
1.06610671841
1.07265829424
1.07880142336
1.084530585
1.08983163502
1.09467823045
1.09902673541
1.10280911079
1.10592320895
1.10821985644
1.10948615863
1.10942466421
1.10762846514
1.10355306227
1.09648696037
1.0855244684
1.06954594453
1.04721242596
1.01698265656
0.977160158434
0.92597522072
0.861700624854
0.782790277058
0.688017934446
0.576585472926
0.448197374514
0.303311059049
0.1449432808
0.00622322658779
0
0
0
0
0
0
0
0
0
0
0
0
0
0.00363966422313
0.0840296244863
0.17068541361
0.247573846921
0.31516485656
0.374924589573
0.428198209885
0.476077712462
0.519431986809
0.55895317404
0.595195995503
0.628608325428
0.659554585723
0.688333644743
0.715192559836
0.740337177908
0.763940353905
0.786148356194
0.807085885638
0.826860029555
0.845563393239
0.863276593157
0.880070252209
0.896006604609
0.911140793166
0.925521923011
0.939193921445
0.952196242604
0.964564447032
0.976330679511
0.987524062944
0.998171021485
1.00829554182
1.01791937735
1.06243906887
1.07048500529
1.07805736975
1.08517046349
1.09183627524
1.09806410189
1.10385991184
1.10922533726
1.11415613567
1.11863990131
1.12265273368
1.12615448642
1.12908213219
1.13134070415
1.1327912408
1.13323520974
1.13239507978
1.12989112159
1.12521522507
1.11770358251
1.10651150225
1.09059527251
1.06870760483
1.03941424356
1.001139114
0.952243068308
0.891136194396
0.816415675856
0.727011326796
0.622311126659
0.502226352737
0.36708870018
0.216775690326
0.0451833708843
0
0
0
0
0
0
0
0
0
0
0
0
0
0.0286134242765
0.132805963679
0.218739900006
0.29336048268
0.359179497687
0.417756280104
0.47028440923
0.517718626385
0.560828607129
0.600236944457
0.636449374742
0.669878910545
0.700864933786
0.729688212383
0.756582683267
0.781744698994
0.805340295568
0.827510919422
0.848377954401
0.868046312828
0.886607295048
0.904140875639
0.920717538909
0.936399758948
0.951243198392
0.96529768379
0.978608002836
0.991214558897
1.00315391052
1.01445921746
1.0251606097
1.03528549159
1.0448587895
1.05390314716
1.10128492993
1.10860349439
1.11542320738
1.12175920294
1.12762430302
1.13302868308
1.13797930224
1.14247899349
1.14652506701
1.1501072249
1.15320451861
1.15578100336
1.15777966433
1.15911412167
1.15965759166
1.15922862894
1.15757335461
1.15434425533
1.14907628999
1.14116201651
1.12982875232
1.11412230807
1.09290333222
1.06486333089
1.02856735944
0.982528520641
0.925315213636
0.855685568967
0.772735710334
0.676041868951
0.565775838571
0.442795931296
0.308873676346
0.16833848703
0.0199924367506
0
0
0
0
0
0
0
0
0
0
0
0.0138586070398
0.112976447659
0.199880776814
0.278621624782
0.348973539927
0.411941355983
0.468566119699
0.519757887029
0.566283855569
0.608782880748
0.647784578101
0.683727825136
0.716977097166
0.747836270851
0.776560006373
0.80336300029
0.828427445704
0.851909019968
0.873941680556
0.894641504651
0.914109765446
0.93243540101
0.949697000389
0.96596440613
0.981300011904
0.995759817453
1.00939429005
1.02224907135
1.03436556014
1.04578139515
1.05653085661
1.06664520084
1.07615293862
1.08508006428
1.09345023927
1.14328930531
1.1498051201
1.15579781849
1.16128347228
1.16627584413
1.17078610373
1.17482233298
1.17838872578
1.18148434944
1.18410128573
1.18622190904
1.18781499048
1.18883024529
1.18919088151
1.18878368252
1.18744620117
1.18495080816
1.18098568222
1.17513341931
1.16684881841
1.15543857539
1.14004699658
1.11965321116
1.09308633366
1.05906507164
1.01626679701
0.963427654021
0.899469870713
0.82364588007
0.735682962964
0.63590959682
0.525347335119
0.405744531122
0.279336394214
0.146205878829
0.0202226565899
0
0
0
0
0
0
0
0
0
0.0153242236989
0.106117239166
0.195480873211
0.275179060452
0.347408138173
0.412900669892
0.472347171754
0.526435960469
0.575806590955
0.621027649335
0.662592494422
0.700923680134
0.73638086771
0.769269614901
0.799849799872
0.828343150179
0.854939714102
0.879803292675
0.903075931771
0.924881601933
0.945329195384
0.964514959169
0.982524468186
0.99943422571
1.01531296397
1.03022270403
1.04421962282
1.05735476586
1.06967463631
1.08122168469
1.09203471862
1.10214924742
1.11159777322
1.12041003668
1.12861322317
1.13623213158
1.18810370535
1.19376044783
1.19887135087
1.20345349547
1.20752165515
1.21108806654
1.21416201513
1.21674915183
1.2188504226
1.22046044941
1.22156514772
1.22213830512
1.2221367831
1.22149395255
1.22011095253
1.21784540397
1.21449735819
1.20979256746
1.20336368828
1.1947308074
1.18328371949
1.16826960857
1.14879100722
1.12381980085
1.09223315798
1.05287609392
1.00465252218
0.946642062296
0.878234078534
0.799264555996
0.710136774291
0.611903069999
0.506276675991
0.395524148208
0.28232873307
0.172311990962
0.0465839139946
0.00648509653627
0
0
0
0
0
0.00557611839269
0.0379220422535
0.133888515432
0.212145348941
0.28771254724
0.358210134642
0.423487419008
0.483720807863
0.539223143144
0.590371988748
0.637559549988
0.681162583389
0.72152736932
0.758964148402
0.793746890692
0.826115768341
0.856280777135
0.884425638867
0.910711533226
0.935280451784
0.958258103663
0.979756375417
0.999875383023
1.018705168
1.03632709219
1.05281498254
1.06823607112
1.08265176922
1.09611830764
1.10868726967
1.12040603791
1.13131817212
1.14146373127
1.15087955044
1.1595994803
1.16765459477
1.17507337028
1.18188183771
1.23534711982
1.2401070989
1.24430073253
1.24794613342
1.2510591046
1.2536529666
1.25573822617
1.2573220129
1.2584071808
1.2589909338
1.25906278823
1.25860163257
1.25757159116
1.25591635473
1.25355162337
1.25035534622
1.24615557252
1.24071599767
1.23371974346
1.22475258862
1.213287767
1.19867551324
1.18014160309
1.15679993275
1.12768432801
1.09180383839
1.0482234022
0.996167867482
0.935142245794
0.865055545074
0.786330589868
0.699978672172
0.607616598068
0.511412404113
0.413999290766
0.318436925036
0.225513451845
0.152003727247
0.0731201038036
0.0454584741664
0.037980442027
0.0435560960245
0.0662226559759
0.130885143354
0.187285632457
0.254784430126
0.320836722944
0.385213970523
0.446850062411
0.505197797185
0.560051905556
0.611409476221
0.65938447797
0.70415229729
0.745914488694
0.784877605105
0.821241419526
0.855193088113
0.886904877704
0.916533906208
0.944222926831
0.970101576252
0.994287756501
1.01688897504
1.03800356019
1.05772172207
1.07612645824
1.09329431713
1.10929603817
1.12419708876
1.13805811656
1.15093533355
1.16288084554
1.17394293823
1.18416632859
1.19359238864
1.20225934662
1.21020246921
1.21745422728
1.22404444595
1.23000043826
1.28461160397
1.28845445765
1.29171349958
1.29440783388
1.29655424781
1.29816709596
1.29925805189
1.29983566396
1.29990462697
1.29946464867
1.29850875107
1.29702080158
1.29497202367
1.29231619971
1.28898326545
1.28487102917
1.27983486177
1.27367543443
1.26612496933
1.2568330458
1.24535377054
1.23113702512
1.21352741594
1.19177524388
1.16506396533
1.13255787106
1.09347175507
1.0471610666
0.993226647413
0.931623269708
0.86275678021
0.787551999803
0.707474591997
0.624499079019
0.541037127227
0.459847202218
0.383860436381
0.318673623517
0.2634321578
0.232138128774
0.219566556628
0.222536836951
0.241874873086
0.280543232078
0.325763056389
0.377485602562
0.43147712966
0.485823660686
0.539266494644
0.591017148827
0.640616565673
0.687825751693
0.732548771745
0.774779869445
0.814567873176
0.851992859344
0.88715130082
0.920146908902
0.95108517578
0.980070248712
1.00720322839
1.03258130895
1.05629739713
1.07843999221
1.09909319964
1.11833680806
1.13624639239
1.15289342534
1.16834539
1.18266589139
1.19591476744
1.20814820026
1.21941882898
1.22977586471
1.23926520814
1.24792956939
1.2558085899
1.26293896524
1.26935456772
1.27508656684
1.28016354493
1.33546771988
1.3383884356
1.34071185975
1.34245797361
1.34364443001
1.34428649345
1.34439687219
1.34398538906
1.34305841624
1.34161797217
1.33966034572
1.33717407527
1.33413707251
1.33051265003
1.32624420135
1.32124831132
1.31540616989
1.30855335676
1.30046838914
1.29086090756
1.27936101314
1.26551202528
1.24876969123
1.22851146569
1.20405962627
1.17472140245
1.1398477058
1.09890934586
1.0515859475
0.997858658372
0.938094030558
0.87310443975
0.804171751933
0.733027800725
0.661798899113
0.592936586966
0.529178009613
0.473794541243
0.429069991981
0.39964329296
0.385215657094
0.384741231202
0.397824820852
0.423690773735
0.457902981396
0.498225896003
0.542129992693
0.587795293366
0.633929742592
0.679633840911
0.724297964076
0.767521328788
0.809050844078
0.848736536794
0.886499779293
0.922311029071
0.956174428127
0.988117218446
1.01818246387
1.04642400458
1.07290290485
1.09768489825
1.12083850507
1.14243361129
1.16254037428
1.18122836806
1.19856591144
1.21461954061
1.22945359926
1.2431299262
1.25570762468
1.26724290046
1.27778895784
1.28739594401
1.29611093365
1.30397794657
1.31103799201
1.31732913409
1.32288657339
1.32774273991
1.33192739255
1.38746962737
1.38947613418
1.39087688013
1.39169252849
1.39194140056
1.391639469
1.39080026611
1.38943466233
1.3875504533
1.38515167079
1.38223750604
1.37880070276
1.37482524605
1.37028314826
1.36513012474
1.35929997652
1.35269757623
1.34519051302
1.33659971967
1.32668979985
1.31516029686
1.30163976291
1.28568511429
1.26678924365
1.2443999956
1.21795315372
1.18692081849
1.15087437306
1.10955824809
1.06296731436
1.01141768985
0.95559909448
0.896597856249
0.835884397865
0.775267672229
0.716828274491
0.662845334809
0.615724850648
0.577641799068
0.550840063273
0.535903182766
0.532601516196
0.540413630825
0.558247011092
0.583936912965
0.615591141716
0.651382190782
0.689792095317
0.729629360989
0.769985104506
0.810179659618
0.849712500147
0.888220274377
0.925443734858
0.961202510227
0.995376169963
1.0278900849
1.05870482712
1.08780813514
1.1152087279
1.14093145894
1.16501345796
1.18750101769
1.20844705897
1.22790905731
1.24594734619
1.26262373353
1.27800038132
1.29213890766
1.30509967686
1.31694124829
1.32771995871
1.337489616
1.34630128543
1.35420315198
1.36124044488
1.36745541233
1.37288733635
1.37757257903
1.38154465271
1.38483430718
1.4401596726
1.44127027639
1.44177269487
1.44168799578
1.44103489315
1.43982979046
1.43808675878
1.43581741364
1.43303064016
1.42973209768
1.42592341286
1.42160094523
1.41675398348
1.41136221088
1.40539227103
1.39879328525
1.3914912367
1.38338226498
1.37432513052
1.36413342518
1.35256852619
1.33933478698
1.32407896296
1.30639626551
1.28584555703
1.26197585099
1.23436528858
1.2026720403
1.16669420606
1.12643307698
1.08215165759
1.03441893336
0.984130879272
0.932502262927
0.881028655639
0.831423248628
0.785533032094
0.745231119654
0.712246269654
0.688033156408
0.67328206369
0.668075474528
0.672057110098
0.684400831065
0.703811619634
0.728916285027
0.758352819969
0.790893152526
0.825491006676
0.861283664512
0.897574566744
0.933809584041
0.969553322812
1.00446813511
1.03829648834
1.07084647606
1.10197996478
1.13160284967
1.15965697163
1.18611335022
1.21096647837
1.23422949401
1.25593009241
1.27610707464
1.29480744837
1.31208400976
1.32799334429
1.34259419089
1.35594611885
1.36810847239
1.37913954202
1.38909592677
1.39803205545
1.40599983949
1.41304843365
1.41922408443
1.42457004924
1.42912657196
1.43293090313
1.43601735453
1.43841737973
1.49307239889
1.49331332737
1.49295065444
1.4920054964
1.4904966115
1.48844048815
1.48585138553
1.48274129757
1.47911980001
1.4749937254
1.47036659325
1.46523770224
1.45960077096
1.45344199729
1.4467374009
1.43944932886
1.4315220547
1.42287650313
1.41340430258
1.40296161804
1.39136354883
1.37838026747
1.36373647592
1.34711607128
1.32817401724
1.30655715887
1.28193495895
1.2540398029
1.22271467077
1.18796384657
1.15000036784
1.10928270825
1.06653335283
1.02273384879
0.979094334323
0.936998934402
0.89792935832
0.863367879001
0.834676342641
0.812957558916
0.798870740658
0.792638436866
0.794096115779
0.802713876792
0.817660957376
0.837962766339
0.862595325379
0.890569556433
0.92098170763
0.953035251886
0.986045650782
1.01943586976
1.05272759527
1.08553094006
1.117534004
1.14849288691
1.17822238269
1.20658742788
1.23349531974
1.25888869984
1.28273929035
1.30504236263
1.32581190793
1.34507647089
1.3628755977
1.37925684475
1.39427328989
1.4079814879
1.42043981258
1.43170713152
1.44184176346
1.45090067312
1.45893886374
1.46600893244
1.47216075868
1.47744130046
1.48189447705
1.48556112062
1.48847898219
1.49068277991
1.49220427959
1.54573799766
1.54514129171
1.54395338094
1.54219500621
1.53988455984
1.53703821329
1.53367001166
1.52979191252
1.52541373715
1.52054299133
1.51518449806
1.50933976899
1.50300602477
1.49617476139
1.48882975489
1.48094440825
1.47247838332
1.46337353907
1.45354932919
1.44289800607
1.43128023548
1.41852203027
1.4044142234
1.38871594948
1.37116369399
1.351487283
1.32943361973
1.30479796745
1.27746117098
1.24742957202
1.21487283359
1.18015388059
1.14384513079
1.10672639506
1.06976209846
1.03405796691
1.00079894676
0.971171162992
0.946270506297
0.927000525964
0.913976128713
0.907496803885
0.907553235623
0.91384643546
0.925838201393
0.942832337402
0.964044753627
0.988666837901
1.01591287599
1.04505077252
1.07541973119
1.10643860375
1.13760791858
1.16850779068
1.19879322224
1.22818782334
1.25647667434
1.28349884973
1.30913998212
1.33332513753
1.3560121866
1.37718578581
1.39685202594
1.41503376077
1.43176659703
1.44709550454
1.46107199191
1.47375178664
1.48519295638
1.49545441016
1.50459472212
1.51267122564
1.51973933178
1.5258520317
1.53105954875
1.53540911111
1.53894482075
1.5417075987
1.54373519031
1.54506221719
1.54572026492
1.59768532007
1.59628725456
1.59431875188
1.5917997012
1.58874767376
1.58517808343
1.58110432583
1.57653787867
1.57148833921
1.56596336558
1.55996847771
1.55350666092
1.5465777023
1.53917717941
1.53129501658
1.52291353238
1.51400493091
1.50452824899
1.49442587113
1.48361987191
1.47200864113
1.45946447946
1.44583309169
1.43093609878
1.41457776637
1.39655701907
1.37668539757
1.35481087272
1.33084638349
1.30480073687
1.27680833384
1.2471533816
1.21628413645
1.18481348199
1.15350367958
1.1232349428
1.09495899921
1.06964001307
1.04818583356
1.03137355636
1.01978343845
1.01376262871
1.01341174261
1.01859008271
1.02894505531
1.0439606403
1.06300963873
1.08540552976
1.11044742267
1.13745502483
1.165793555
1.19488975696
1.22424062467
1.25341649499
1.28205999882
1.30988213233
1.3366564769
1.36221238104
1.38642772432
1.40922171681
1.43054804723
1.45038857875
1.46874770271
1.48564739321
1.50112295867
1.51521945421
1.52798870006
1.53948684086
1.54977237783
1.55890460703
1.56694240112
1.57394327793
1.57996270563
1.58505360114
1.58926598457
1.5926467587
1.59523958779
1.59708485429
1.5982196768
1.5986779751
1.5984905716
1.64844466672
1.64628481331
1.64358389645
1.64036044643
1.63663073446
1.63240895875
1.6277074182
1.62253666077
1.61690558892
1.61082149688
1.60429000653
1.59731485825
1.58989750333
1.58203643558
1.5737261964
1.56495599264
1.55570788785
1.54595457163
1.53565678545
1.52476059408
1.51319483791
1.50086927648
1.48767411416
1.47348174922
1.45815165153
1.44153919123
1.42350894911
1.40395250668
1.38280995612
1.36009347602
1.33591045886
1.31048307706
1.28416106063
1.25742495021
1.23087807967
1.20522665583
1.1812481054
1.15974833564
1.14150908258
1.12722852624
1.11746460857
1.11259204328
1.11277553092
1.11796211824
1.12789667863
1.14215667905
1.16019699801
1.18139787838
1.20510943191
1.23068861752
1.25752720375
1.28507087588
1.31283056528
1.34038747017
1.36739328826
1.39356705114
1.41868973928
1.44259762375
1.46517505663
1.48634723395
1.5060732883
1.52433993489
1.5411557929
1.55654642869
1.57055011581
1.58321427259
1.59459251803
1.60474227724
1.61372286454
1.62159397455
1.62841451653
1.6342417335
1.63913055486
1.64313313843
1.64629856439
1.64867265003
1.65029785959
1.65121328829
1.65145470388
1.65105463241
1.65004247775
1.69755065141
1.69467161455
1.69128934572
1.68742050385
1.68307958236
1.67827911257
1.67302986139
1.66734101432
1.66122033097
1.65467425508
1.64770795399
1.6403252554
1.63252844064
1.62431784726
1.61569122987
1.60664283162
1.59716213339
1.58723227941
1.57682823171
1.56591478689
1.55444469614
1.54235725888
1.52957789559
1.5160193196
1.50158498231
1.48617541642
1.46969790453
1.45207953145
1.43328315185
1.41332518479
1.39229356049
1.37036375556
1.34781081317
1.32501559179
1.30246402689
1.28073844385
1.26049942536
1.24245564654
1.22731925633
1.21574873079
1.20828888186
1.20531845422
1.20701272019
1.21332902852
1.22402085152
1.23867466077
1.25675822279
1.27767051354
1.3007864131
1.32549269019
1.35121438067
1.37743218329
1.40369223052
1.42960983451
1.45486876694
1.47921744936
1.50246319355
1.5244653877
1.54512829935
1.56439397134
1.58223552737
1.59865107811
1.6136583243
1.62728988489
1.63958933256
1.65060788889
1.66040171569
1.66902973111
1.67655187863
1.68302777997
1.68851570866
1.69307182794
1.69674964368
1.69959963038
1.70166899501
1.70300154922
1.7036376662
1.70361430284
1.70296507194
1.7017203525
1.6999074288
1.7445454794
1.74099325363
1.7369835168
1.73253056797
1.72764667374
1.72234228013
1.71662622359
1.71050593534
1.70398763034
1.69707646812
1.68977666765
1.68209155252
1.67402349615
1.66557373154
1.65674198632
1.64752590594
1.63792023719
1.62791576661
1.61749804656
1.60664599946
1.59533056883
1.58351367978
1.57114787135
1.55817704959
1.5445388566
1.53016912562
1.51500876697
1.49901318838
1.48216401113
1.46448245334
1.44604341663
1.42698915734
1.40754154642
1.38801225535
1.36881033562
1.35044569261
1.3335239392
1.31872380206
1.30674796933
1.29825026906
1.2937600387
1.29361784596
1.29793214072
1.30657020562
1.31919179615
1.33530719438
1.35433865597
1.37567337917
1.39870408202
1.42285752033
1.44761285752
1.47251204542
1.49716415875
1.52124531338
1.54449550318
1.56671342948
1.58775017034
1.6075023378
1.62590519984
1.64292609881
1.65855838002
1.67281595139
1.68572852507
1.69733754216
1.70769274764
1.71684936255
1.72486578889
1.73180177944
1.73771700538
1.74266995857
1.74671713165
1.7499124251
1.75230673788
1.75394770434
1.75487954659
1.75514301677
1.75477540852
1.75381062126
1.75227926428
1.75020879067
1.74762365358
1.78898298022
1.78480779907
1.7802277206
1.77525425061
1.76989703715
1.76416408172
1.75806195297
1.7515959998
1.74477055825
1.73758914366
1.73005461567
1.7221692991
1.71393503856
1.70535316039
1.69642431214
1.68714815042
1.67752285393
1.66754445336
1.65720599634
1.64649660623
1.6354005488
1.62389648847
1.61195718827
1.59954997303
1.5866383146
1.57318489131
1.5591564031
1.54453028346
1.52930325813
1.51350151515
1.49719216893
1.48049584563
1.46360065366
1.44677833585
1.43040317589
1.41497132556
1.40111020205
1.3895557147
1.38107362162
1.37633709823
1.37582513844
1.37975267739
1.38803348884
1.40029960325
1.41599506119
1.43447867964
1.45509927071
1.47723994543
1.50034044125
1.52390656322
1.54751269093
1.57080056211
1.59347591762
1.61530381289
1.63610307876
1.65574029243
1.67412356093
1.69119637316
1.70693172552
1.72132667198
1.73439739657
1.74617485947
1.75670102939
1.76602568577
1.77420375451
1.78129312796
1.78735291415
1.7924420581
1.7966182801
1.79993727944
1.80245215709
1.80421301646
1.80526670688
1.80565668013
1.80542293493
1.80460202928
1.80322714422
1.8013281859
1.79893191627
1.79606210451
1.7927396939
1.83043368106
1.82569116471
1.82060185508
1.81517411782
1.80941467608
1.80332881178
1.79692057201
1.79019297936
1.78314824283
1.77578796426
1.76811333173
1.76012528819
1.75182465955
1.7432122226
1.73428869053
1.72505459304
1.71551003179
1.70565430126
1.69548538287
1.68499934812
1.67418974495
1.66304708905
1.65155863467
1.63970864784
1.62747943967
1.61485342394
1.60181643529
1.58836248502
1.57450007272
1.56026018447
1.54570632099
1.53094747833
1.51615605043
1.50159380746
1.48764880897
1.4748800801
1.46404828442
1.45607902016
1.45189666752
1.45217428387
1.4572234277
1.46695543285
1.48087251412
1.49815308993
1.5178970999
1.53928842455
1.56165007077
1.5844404579
1.60723038217
1.62967948109
1.65151791017
1.67253332743
1.69256169035
1.71148038011
1.72920261262
1.7456725328
1.76086070082
1.77475986695
1.78738102869
1.79874980152
1.80890314018
1.81788643617
1.82575100113
1.83255192912
1.83834631808
1.84319182108
1.84714549246
1.85026289176
1.85259740819
1.85419977047
1.85511770962
1.85539574593
1.85507507499
1.85419353154
1.85278561334
1.85088255044
1.84851240825
1.84570021523
1.84246810835
1.83883549106
1.83481920043
1.86849109942
1.86324346499
1.85771087696
1.85189832976
1.84580942595
1.83944655893
1.83281110313
1.82590361135
1.81872401799
1.81127184525
1.80354640682
1.79554700134
1.78727308425
1.77872440405
1.76990108606
1.76080364604
1.75143291727
1.7417898808
1.73187539967
1.72168987676
1.71123288182
1.70050282678
1.68949680549
1.67821075147
1.66664009705
1.65478113512
1.6426332907
1.6302025201
1.61750612052
1.60457946238
1.59148575204
1.57833120096
1.56529020552
1.5526480045
1.54086903484
1.53068881143
1.52318658872
1.51971098278
1.52147970732
1.5289903761
1.54208068728
1.56002921764
1.58157599453
1.60511216294
1.62933518795
1.65339355952
1.67678829801
1.69924160873
1.7206003308
1.74077823161
1.75972532028
1.77741290859
1.79382690634
1.80896499965
1.82283540103
1.83545604283
1.84685373185
1.85706311577
1.86612546922
1.8740873697
1.88099934646
1.88691457578
1.89188767727
1.89597364641
1.89922694084
1.90170072476
1.90344626557
1.90451247079
1.9049455498
1.90478878293
1.90408238111
1.90286341951
1.90116583066
1.89902044401
1.89645506108
1.89349455706
1.89016100155
1.88647379281
1.88244980138
1.87810351995
1.87344721791
1.90277927827
1.89709635897
1.89119203801
1.88506784792
1.87872420597
1.87216057128
1.86537561108
1.85836737698
1.85113349094
1.84367133975
1.83597827467
1.82805181125
1.8198898216
1.81149070888
1.8028535516
1.79397820393
1.78486533832
1.77551642033
1.76593361207
1.75611961292
1.7460774635
1.73581036167
1.72532156601
1.71461449046
1.70369312127
1.69256291389
1.68123236228
1.66971550714
1.65803584295
1.64623256914
1.63437126054
1.62256341517
1.61100379967
1.6000412795
1.59030416156
1.5828875611
1.57952853311
1.58246725536
1.59342883329
1.61201326122
1.63690170167
1.66624406084
1.69750923805
1.72773517436
1.75551802066
1.78052013951
1.80287662832
1.8228679854
1.84078109349
1.85686261029
1.87131083779
1.88428142698
1.89589671031
1.90625475132
1.91543681615
1.92351303028
1.93054639242
1.93659544949
1.9417159501
1.94596175989
1.94938527062
1.95203748331
1.95396789889
1.95522431124
1.95585256682
1.95589633185
1.95539689105
1.95439299011
1.95292072559
1.95101348136
1.9487019072
1.94601393386
1.94297481838
1.93960721346
1.93593125538
1.93196466569
1.92772286263
1.92321907929
1.91846448631
1.9134683177
1.90823799906
1.93296139712
1.92692122747
1.9207227368
1.91436406244
1.90784251614
1.90115471011
1.89429669402
1.88726410418
1.88005232533
1.87265666487
1.86507253769
1.85729565858
1.84932223698
1.84114916682
1.83277420228
1.82419610865
1.81541477722
1.80643129429
1.79724795854
1.78786824827
1.77829675139
1.76853908633
1.75860186115
1.74849274017
1.7382207131
1.72779669592
1.71723465292
1.70655356521
1.69578090156
1.68495905066
1.67415804686
1.66350206373
1.65322562091
1.64379055832
1.63611412034
1.63195444747
1.63436039181
1.64752122314
1.67414385733
1.71021536318
1.75213095738
1.79654257184
1.83902691095
1.87391781202
1.90147952994
1.92325239517
1.94066539271
1.95479452006
1.96640710547
1.97604413928
1.98408777445
1.99080987904
1.99640607114
2.00101952348
2.00475759516
2.00770338985
2.00992370653
2.01147442782
2.01240409992
2.01275625008
2.01257083613
2.01188511111
2.01073410428
2.00915085937
2.00716652748
2.00481037984
2.00210978333
1.99909016545
1.99577498447
1.99218571314
1.98834183923
1.98426088353
1.97995843371
1.97544819212
1.9707420348
1.96585007941
1.96078075996
1.95554090658
1.95013582927
1.94456940472
1.93884416627
1.95874909033
1.95243785314
1.94602868777
1.93951656739
1.93289592631
1.92616075219
1.91930469074
1.91232116439
1.90520350564
1.89794510555
1.89053957655
1.88298092777
1.87526374946
1.86738340151
1.85933619915
1.85111958758
1.84273229643
1.83417446495
1.82544773118
1.81655528236
1.80750187102
1.79829381147
1.78893898509
1.77944690051
1.76982887964
1.76009848119
1.7502723569
1.74037193128
1.73042677614
1.72048173471
1.71061271593
1.70096281685
1.69182555338
1.68383320837
1.67836235798
1.678320321
1.68933217992
1.72015345737
1.77623755856
1.83947017986
1.90425625286
1.96681182021
2.02020718791
2.05114087296
2.06949170516
2.08066771509
2.08747565318
2.09146574628
2.09356131839
2.09434165718
2.09418017444
2.09332039188
2.09192188259
2.09008961381
2.08789317027
2.08537945614
2.08258107828
2.0795218336
2.07622024589
2.0726917903
2.06895024048
2.06500843629
2.06087867641
2.05657287559
2.05210258103
2.04747891109
2.0427124575
2.03781317707
2.03279028842
2.02765218233
2.02240634958
2.0170593272
2.01161666253
2.00608289323
2.00046154126
1.99475511869
1.98896514336
1.98309216283
1.97713578542
1.97109471743
1.96496680642
1.97991191267
1.97342310824
1.96689196806
1.96031069094
1.95367120352
1.94696521843
1.9401843064
1.93331998359
1.926363815
1.91930753463
1.91214318225
1.90486325578
1.8974608771
1.88992996784
1.88226543008
1.87446332559
1.8665210462
1.85843746743
1.85021307813
1.84185008149
1.83335246662
1.82472605703
1.81597855216
1.80711959288
1.79816090626
1.78911663094
1.78000402859
1.77084503852
1.76166976603
1.75252460415
1.74349176015
1.73473715804
1.72662867631
1.72002528786
1.71696359995
1.72219040572
1.74617003789
1.80897912645
1.92785553875
2.02744071889
2.11741868575
2.19829100758
2.26014832317
2.26003412954
2.25343471465
2.24475912645
2.23517407061
2.22523193363
2.21527318763
2.20550203224
2.19602627015
2.18688991973
2.17809782039
2.16963251412
2.1614651662
2.15356236129
2.14589018219
2.13841653578
2.13111236016
2.12395212637
2.11691390423
2.10997916957
2.10313246915
2.09636101922
2.08965428624
2.08300357995
2.07640167626
2.06984247896
2.06332072374
2.05683172428
2.05037115816
2.04393488903
2.03751882094
2.03111878075
2.0247304246
2.01834916494
2.01197011492
2.00558804768
1.99919736839
1.99279209763
1.98636586502
1.9962862419
1.98971902383
1.98315838855
1.97659429053
1.97001664192
1.96341533937
1.95678030586
1.95010154841
1.94336923247
1.93657377393
1.92970594868
1.92275701941
1.91571887833
1.90858420335
1.90134662417
1.89400089333
1.88654305626
1.87897061365
1.87128266933
1.86348005795
1.85556544919
1.84754342962
1.83942057086
1.83120550539
1.82290905477
1.814544506
1.80612825077
1.79768130172
1.78923297224
1.78083002926
1.7725599729
1.76461127297
1.75743092077
1.75213752441
1.75159333397
1.76310583174
1.80500025574
1.92507733611
2.04620199571
2.15999666791
2.26556903239
2.36085875596
2.43735028471
2.47151235476
2.42997888577
2.39762889654
2.36957946029
2.34454269607
2.3219850285
2.30154399839
2.28291943344
2.26585407494
2.2501277901
2.23555299591
2.22197020512
2.20924394561
2.19725919122
2.18591829736
2.17513838014
2.16484907198
2.15499059559
2.14551210951
2.13637028731
2.12752809945
2.11895377144
2.11061989539
2.10250267498
2.094581286
2.08683733652
2.07925441285
2.07181769852
2.06451365563
2.05732975894
2.0502542744
2.0432760753
2.03638448981
2.02956917528
2.02282001496
2.01612703405
2.00948033256
2.00287003303
2.00778282209
2.00123953912
1.99474357144
1.98828326785
1.98184711349
1.97542373083
1.96900189562
1.96257056893
1.95611894577
1.94963652115
1.94311317371
1.9365392671
1.92990576809
1.92320438007
1.91642768908
1.90956931898
1.90262409073
1.89558818057
1.88845927067
1.88123668685
1.87392151864
1.8665167203
1.85902719695
1.85145989093
1.84382390657
1.83613076403
1.82839500162
1.82063567698
1.81288018851
1.80517418043
1.79760769192
1.79038548707
1.78401970588
1.77986627104
1.78162919558
1.7994533213
1.85901791454
1.99722630813
2.12597878011
2.24785560467
2.36240015743
2.46692618243
2.55363221305
2.60253174494
2.56320699821
2.51682944814
2.47406588344
2.43641101125
2.40336727224
2.37416518712
2.34812603685
2.32470528531
2.30347202661
2.28408286784
2.26626103173
2.24978098788
2.23445723331
2.22013598021
2.20668887332
2.19400814882
2.18200284058
2.17059576538
2.15972109937
2.14932241217
2.13935106037
2.12976486734
2.12052703354
2.11160523382
2.10297086767
2.09459843503
2.08646501564
2.07854983407
2.0708338956
2.06329968105
2.05593089056
2.04871222833
2.04162922141
2.0346680675
2.02781550712
2.02105871696
2.01438522164
2.01439215113
2.00797522981
2.0016371167
1.9953652596
1.98914736057
1.98297135791
1.97682542282
1.97069797125
1.96457769145
1.95845358811
1.95231504324
1.94615189417
1.9399545281
1.93371399238
1.92742211865
1.92107165805
1.91465642412
1.90817143856
1.90161307501
1.89497919542
1.88826927436
1.88148450861
1.87462791364
1.86770441842
1.86072099158
1.85368688386
1.84661420278
1.83951937521
1.83242696176
1.82537975872
1.81846600276
1.81189411738
1.80620336474
1.8028790964
1.80625708174
1.83006896857
1.92446743847
2.04667123257
2.17336321785
2.29744663396
2.41569925283
2.52441822125
2.61597205086
2.6734306146
2.66437236152
2.5911836517
2.53569288158
2.48998935084
2.45085319518
2.41663927965
2.38632615443
2.35919598575
2.33470920451
2.31244522773
2.29206902837
2.2733097384
2.25594585002
2.2397945001
2.22470348308
2.21054517457
2.19721183443
2.18461192776
2.17266721052
2.16131039808
2.15048328434
2.14013521306
2.13022182771
2.12070404335
2.11154719706
2.10272034294
2.09419566483
2.08594798522
2.07795435345
2.07019369897
2.06264653878
2.05529472968
2.04812125806
2.04111006117
2.03424587511
2.02751410572
2.0209007193
2.01618700949
2.00999539667
2.00390431261
1.9979010252
1.99197310946
1.9861084189
1.98029506998
1.97452144023
1.96877618064
1.96304824277
1.95732692124
1.95160191189
1.94586338532
1.94010207569
1.93430938314
1.92847748832
1.92259947609
1.91666946494
1.91068273803
1.90463587124
1.89852685399
1.89235519975
1.88612204673
1.87983025775
1.87348454769
1.86709171646
1.86066118964
1.85420639522
1.84774837628
1.84132540951
1.83501896155
1.82902479102
1.82385085607
1.82087614488
1.82393548854
1.84365595237
1.90700772541
2.05123697912
2.18410410087
2.31000594755
2.42878948733
2.53719385196
2.62721538903
2.68012990377
2.64002505358
2.58962938583
2.54152331599
2.49825887915
2.45981130364
2.42558574804
2.39494453886
2.36733051247
2.34228205217
2.31942168972
2.29844067007
2.27908514735
2.26114500689
2.24444508596
2.22883832765
2.21420043133
2.20042564734
2.18742344649
2.17511586135
2.16343534747
2.15232305023
2.14172739093
2.13160290626
2.12190929042
2.11261060044
2.10367459392
2.09507217463
2.08677692651
2.0787647205
2.07101338145
2.06350240491
2.05621271557
2.04912646042
2.04222683126
2.03549791208
2.02892454788
2.02249223191
2.01332161371
2.00744705971
2.00168499098
1.99602318062
1.99044969927
1.98495288376
1.97952131691
1.97414381849
1.9688094484
1.96350752226
1.95822764034
1.95295973005
1.94769410225
1.9424215212
1.9371332875
1.93182133268
1.92647832366
1.92109777433
1.91567416117
1.91020303906
1.90468115378
1.89910654834
1.89347866313
1.8877984369
1.88206843336
1.87629306157
1.87047907079
1.86463679239
1.85878337631
1.85295135011
1.8472114807
1.84173438337
1.83695770801
1.83404064294
1.83608794803
1.85134706212
1.90109116336
2.03932660232
2.16624660676
2.28810025802
2.4029676955
2.50610902336
2.58812134245
2.63326255312
2.58512931227
2.54147480298
2.50156202921
2.4652469601
2.43227114252
2.40228965126
2.37494614109
2.34991145372
2.32689623987
2.30565151808
2.28596475108
2.26765478703
2.25056696654
2.23456881897
2.21954642221
2.20540137468
2.1920482924
2.1794127421
2.16742953213
2.15604129507
2.14519730822
2.13485250856
2.12496666705
2.11550369403
2.10643105279
2.09771926286
2.08934147786
2.08127312534
2.07349159875
2.06597599276
2.05870687527
2.05166609024
2.0448365866
2.03820226947
2.03174787036
2.02545883392
2.01932121917
2.00602713929
2.00055063371
1.99518933103
1.98993210958
1.98476808155
1.9796865664
1.97467707222
1.96972928586
1.96483307225
1.9599784838
1.95515578051
1.95035546122
1.94556830659
1.94078543385
1.93599836291
1.9311990934
1.92638019108
1.92153488209
1.91665715233
1.91174184956
1.90678478485
1.90178283153
1.89673402113
1.89163764227
1.88649436301
1.88130643459
1.87607812987
1.87081681578
1.86553570169
1.86026099767
1.85505068995
1.85004397382
1.84559152015
1.84259787682
1.84341771507
1.85421914151
1.89164450885
2.00614776549
2.11355457259
2.22818959563
2.33569003877
2.42819263766
2.49153109161
2.52578120899
2.48394314199
2.45206771069
2.42423505688
2.3985715041
2.37450072154
2.35183282735
2.33047802516
2.31036416047
2.29141753845
2.27356156392
2.25671924037
2.24081565439
2.22577964983
2.21154474019
2.19804947253
2.18523743903
2.17305707868
2.16146136505
2.15040744107
2.13985623858
2.12977210487
2.12012244881
2.11087741296
2.10200957403
2.09349367219
2.08530636777
2.07742602377
2.06983251174
2.06250703886
2.05543199383
2.04859080953
2.04196784032
2.03554825251
2.0293179261
2.02326336689
2.01737162764
2.01163023752
1.9946036673
1.98959233474
1.98469065941
1.97988909859
1.97517823968
1.97054878349
1.96599153251
1.96149738477
1.95705733408
1.95266247761
1.94830403131
1.94397335414
1.93966198154
1.93536166838
1.93106444172
1.92676266287
1.92244909806
1.91811699673
1.91376017556
1.90937310642
1.90495100595
1.90048992514
1.89598683869
1.89143973897
1.88684775112
1.88221131675
1.87753257008
1.87281622673
1.86807180629
1.86331929483
1.8586036403
1.854031801
1.8498667907
1.84676310409
1.8463414032
1.85252400089
1.87424321657
1.92763192818
2.00110691957
2.12377222062
2.22207465929
2.29806654336
2.31597105518
2.33816800815
2.33903140747
2.33202692634
2.32150266977
2.3091471141
2.29579880357
2.28196228117
2.26797013204
2.25404697053
2.24034333235
2.22695761479
2.21395145893
2.20136073798
2.18920339976
2.17748503778
2.16620283205
2.15534832807
2.14490939106
2.13487157614
2.12521908483
2.11593542844
2.10700388369
2.09840780078
2.09013080709
2.08215693658
2.07447070707
2.06705716053
2.0599018777
2.05299097492
2.04631108864
2.03984935182
2.03359336505
2.02753116427
2.02165118673
2.0159422361
2.0103934476
2.00499425365
1.99973435067
1.97940892803
1.97491365078
1.97051554616
1.96620696961
1.96198027985
1.95782783538
1.95374199256
1.94971510652
1.94573953555
1.94180765001
1.93791184661
1.9340445688
1.93019833411
1.9263657687
1.92253964974
1.91871295545
1.9148789226
1.91103111084
1.90716347286
1.90327042898
1.89934694477
1.89538861045
1.89139172215
1.88735336875
1.88327153762
1.87914527605
1.87497500492
1.87076322876
1.86651625676
1.8622484684
1.85799291704
1.85382750085
1.84993851837
1.84677057569
1.84536184336
1.84801582454
1.85929398032
1.88580460139
1.92816317506
1.99179065649
2.05746113118
2.1155922344
2.15363560691
2.18239430763
2.19964774202
2.20844731903
2.21150161198
2.21064444954
2.20708439853
2.20164072115
2.19488808622
2.18724007267
2.17899910761
2.1703882738
2.16157276884
2.1526749882
2.14378540434
2.1349705381
2.12627885846
2.11774517967
2.10939395676
2.10124176715
2.09329918752
2.08557221912
2.07806337406
2.07077250614
2.06369744814
2.0568345019
2.05017881583
2.04372467607
2.03746573101
2.03139516414
2.02550582685
2.01979033966
2.01424116892
2.00885068403
2.00361119931
1.99851500367
1.99355438072
1.98872162132
1.98400903016
1.9608445057
1.95689846917
1.95303172982
1.94923869276
1.94551363502
1.94185071575
1.93824398537
1.93468739476
1.93117480555
1.92770000238
1.92425670823
1.92083860354
1.91743934987
1.91405261888
1.9106721271
1.9072916766
1.90390520185
1.90050682238
1.89709090079
1.89365210531
1.89018547598
1.88668649383
1.88315115308
1.87957603957
1.87595842537
1.87229640774
1.86858916406
1.86483750179
1.86104514232
1.8572218025
1.85339060575
1.84960568798
1.84599297555
1.84284058981
1.84078432277
1.84113359982
1.84624898342
1.85931664663
1.88219711406
1.91643650087
1.95661825766
1.99690189723
2.03124823814
2.05968325008
2.08148472857
2.09719709191
2.10785803415
2.11450475659
2.11801482053
2.11909002144
2.11828197908
2.11602301218
2.11265251361
2.10843762093
2.10358908909
2.09827348159
2.09262258509
2.08674072103
2.08071045053
2.07459704254
2.06845198465
2.06231575033
2.0562199864
2.05018924768
2.04424237664
2.03839360415
2.0326534304
2.02702933201
2.02152633113
2.01614745467
2.01089410567
2.00576636419
2.00076323129
1.99588282707
1.99112255135
1.98647921381
1.98194913922
1.97752825226
1.97321214539
1.96899613298
1.96487529404
1.93934039169
1.93595865634
1.93263458854
1.92936462997
1.92614497571
1.9229715966
1.91984025842
1.91674653922
1.91368584566
1.91065342944
1.90764440473
1.90465376746
1.90167641731
1.89870718306
1.89574085191
1.89277220328
1.88979604717
1.88680726739
1.88380086924
1.88077203151
1.87771616224
1.87462895781
1.87150646591
1.8683451545
1.86514199457
1.86189457713
1.85860131607
1.85526186309
1.85187803616
1.84845596931
1.84501110295
1.8415795802
1.83824342959
1.83518321291
1.83277814063
1.8317649129
1.83339593413
1.83934339695
1.8510242502
1.86931145451
1.89275398498
1.91870213145
1.94410743257
1.96742254093
1.98761524891
2.00430181474
2.01756656409
2.02773253151
2.03520628747
2.04039629665
2.04367709767
2.04537724476
2.04577827585
2.04511827596
2.04359701135
2.04138128083
2.03860991466
2.03539821249
2.03184177666
2.02801976978
2.02399765543
2.01982948923
2.01555982654
2.01122530724
2.00685597082
2.00247634732
1.99810636268
1.99376209048
1.98945637694
1.98519936093
1.9809989072
1.97686096768
1.97278988303
1.96878863441
1.96485905385
1.96100199984
1.95721750393
1.95350489288
1.94986289023
1.94628970067
1.94278307979
1.9153389044
1.91251900669
1.90973298735
1.90697916488
1.90425551981
1.90155972591
1.89888917717
1.89624101148
1.89361213214
1.89099922801
1.88839879326
1.88580714753
1.88322045718
1.88063475848
1.87804598325
1.87544998747
1.87284258328
1.8702195745
1.86757679597
1.86491015636
1.86221568454
1.85948957928
1.85672826282
1.85392843999
1.85108716868
1.84820195611
1.84527091698
1.84229307969
1.83926904073
1.8362024225
1.83310313527
1.82999454093
1.8269285936
1.8240158752
1.82147925348
1.81973307496
1.81945715909
1.82156714905
1.82697595297
1.8363202064
1.84936567954
1.86510034228
1.88207797102
1.89908298738
1.91516621502
1.92970780715
1.9423930796
1.95313395976
1.96198637231
1.96908605896
1.97460562388
1.97872830998
1.98163311608
1.98348702859
1.98444151505
1.98463148173
1.98417560057
1.98317735057
1.98172638696
1.97990001417
1.97776463652
1.9753771197
1.97278603146
1.97003275081
1.96715244677
1.96417493444
1.96112541885
1.95802513853
1.95489192056
1.95174065805
1.94858372044
1.9454313054
1.94229174056
1.93917174183
1.93607663454
1.93301054243
1.92997654904
1.92697683542
1.92401279735
1.92108514497
1.91819398743
1.88927901594
1.88700250411
1.88473536158
1.88247750678
1.88022846584
1.87798740854
1.87575317958
1.87352432626
1.87129912329
1.86907559557
1.86685153969
1.86462454492
1.86239201421
1.86015118606
1.85789915761
1.85563290959
1.85334933343
1.85104526091
1.84871749654
1.84636285274
1.84397818787
1.84156044722
1.83910670736
1.8366142253
1.83408049651
1.83150333184
1.8288809781
1.82621233907
1.82349742667
1.82073832668
1.81794128173
1.81512109745
1.81231008315
1.8095750058
1.80704593287
1.8049568767
1.80368369736
1.80373966667
1.80568628029
1.80998342044
1.81674976206
1.82569342603
1.8362034223
1.84758354626
1.85917568132
1.87044003145
1.88098773083
1.89057444098
1.89907385848
1.90644644343
1.91271145188
1.91792500801
1.92216418982
1.92551606933
1.92807047807
1.92991543254
1.93113439715
1.93180478575
1.93199727956
1.93177566977
1.93119702585
1.93031205566
1.92916556846
1.92779698272
1.92624084157
1.92452731301
1.92268266167
1.9207296849
1.91868811036
1.91657495486
1.91440484551
1.91219030568
1.90994200818
1.90766899867
1.90537889212
1.9030780451
1.90077170648
1.89846414885
1.89615878307
1.89385825767
1.89156454502
1.86158204202
1.85981677224
1.85803684185
1.85624341219
1.85443723986
1.85261871287
1.85078788271
1.84894449314
1.84708800615
1.84521762579
1.84333232058
1.84143084478
1.83951175929
1.83757345259
1.83561416212
1.83363199663
1.83162495975
1.82959097511
1.8275279132
1.8254336202
1.82330594874
1.82114279088
1.81894211364
1.81670199814
1.81442068521
1.81209663436
1.80972861246
1.80731584911
1.80485834037
1.80235747514
1.79981734003
1.79724738538
1.79466764331
1.79211825704
1.78967510907
1.78747127956
1.78571771928
1.78470657041
1.78477802144
1.78624899248
1.78930593074
1.7939375226
1.79993754301
1.80697714442
1.81467728029
1.82266877321
1.8306321709
1.83831622685
1.84554000831
1.85218541571
1.85818567901
1.86351334032
1.8681694966
1.87217495324
1.87556333158
1.87837590249
1.88065783271
1.88245553591
1.88381486123
1.8847799028
1.88539226098
1.88569062641
1.88571059076
1.88548461276
1.88504208792
1.88440948432
1.88361051794
1.88266634868
1.88159578415
1.88041548249
1.87914014835
1.87778271859
1.87635453547
1.87486550656
1.87332425076
1.87173823104
1.87011387408
1.86845667774
1.86677130717
1.8650616804
1.86333104433
1.83263947702
1.83134244056
1.83000809862
1.82863845801
1.82723514994
1.82579946236
1.82433236965
1.82283455968
1.82130645898
1.81974825613
1.81815992384
1.81654124015
1.81489180899
1.81321108041
1.81149837097
1.80975288425
1.80797373199
1.80615995588
1.80431055018
1.80242448532
1.80050073243
1.79853828906
1.79653620629
1.79449361791
1.79240977378
1.79028408183
1.78811616939
1.78590598739
1.78365400809
1.78136162131
1.77903193634
1.77667137289
1.77429268136
1.77192029486
1.76959887952
1.76740494293
1.76545855589
1.76392803188
1.76301855572
1.76294053482
1.76385982627
1.76585404995
1.76889464736
1.77286105371
1.77756998519
1.7828083337
1.78836179922
1.7940351197
1.79966334737
1.80511583745
1.81029533231
1.81513430369
1.81959013807
1.82364016516
1.82727707555
1.83050497001
1.8333361016
1.83578827516
1.8378828247
1.83964307568
1.84109320133
1.84225739203
1.8431592687
1.84382148368
1.84426546336
1.84451125666
1.84457746118
1.84448120537
1.84423817016
1.8438626374
1.84336755589
1.84276461786
1.84206434094
1.84127615185
1.84040846924
1.83946878395
1.83846373543
1.83739918368
1.8362802763
1.83511151045
1.83389678988
1.80280351896
1.80192394593
1.8009864019
1.79999333924
1.79894690064
1.79784894487
1.79670107142
1.79550464404
1.79426081321
1.79297053795
1.79163460685
1.79025365859
1.78882820214
1.78735863657
1.78584527084
1.78428834336
1.78268804164
1.78104452179
1.7793579281
1.77762841243
1.77585615355
1.77404137625
1.77218437043
1.77028551062
1.76834527703
1.76636428131
1.76434330364
1.7622833561
1.76018580318
1.75805260206
1.7558867823
1.7536933794
1.75148116812
1.74926566697
1.74707385738
1.74495058427
1.74296535218
1.74121636103
1.73982746702
1.73893499738
1.73866471555
1.73910691543
1.74029925788
1.74222308234
1.74481074122
1.74795938828
1.75154668577
1.75544500143
1.75953224538
1.76369889816
1.76785166871
1.77191459944
1.77582846894
1.77954920538
1.78304583491
1.78629831344
1.78929545204
1.79203304714
1.7945122623
1.79673826851
1.79871912791
1.8004648947
1.80198690345
1.80329721488
1.80440819136
1.80533217792
1.80608126773
1.80666713444
1.80710091704
1.80739314526
1.80755369611
1.80759177401
1.80751590823
1.80733396329
1.80705315827
1.80668009243
1.80622077488
1.80568065654
1.80506466337
1.80437722979
1.80362233176
)
;

boundaryField
{
    left
    {
        type            cyclic;
    }
    right
    {
        type            cyclic;
    }
    bottom
    {
        type            cyclic;
    }
    top
    {
        type            cyclic;
    }
    frontAndBack
    {
        type            empty;
    }
}


// ************************************************************************* //
