/*--------------------------------*- C++ -*----------------------------------*\
| =========                 |                                                 |
| \\      /  F ield         | OpenFOAM: The Open Source CFD Toolbox           |
|  \\    /   O peration     | Version:  v2106                                 |
|   \\  /    A nd           | Website:  www.openfoam.com                      |
|    \\/     M anipulation  |                                                 |
\*---------------------------------------------------------------------------*/
FoamFile
{
    version     2.0;
    format      ascii;
    arch        "LSB;label=32;scalar=64";
    class       volScalarField;
    location    "1834";
    object      T;
}
// * * * * * * * * * * * * * * * * * * * * * * * * * * * * * * * * * * * * * //

dimensions      [0 0 0 1 0 0 0];

internalField   nonuniform List<scalar> 
6561
(
1.77444147766
1.77392445581
1.77333107317
1.77266385473
1.77192511064
1.77111695387
1.77024131841
1.76929997798
1.76829456511
1.7672265905
1.76609746265
1.76490850763
1.76366098898
1.76235612754
1.76099512122
1.75957916447
1.75810946733
1.75658727382
1.75501387942
1.75339064743
1.75171902391
1.750000551
1.74823687842
1.74642977333
1.74458112927
1.74269297589
1.74076749384
1.73880704399
1.73681422985
1.73479203021
1.73274407105
1.73067515678
1.72859224953
1.7265061479
1.724434104
1.72240339728
1.72045531866
1.7186481594
1.71705712967
1.71576935903
1.71487354892
1.71444678371
1.71454267784
1.71518441637
1.71636357573
1.71804376653
1.72016727744
1.72266280905
1.72545280327
1.72845948017
1.73160924697
1.73483552707
1.73808026216
1.74129441028
1.74443775048
1.74747825404
1.75039121996
1.75315831499
1.75576661082
1.7582076749
1.76047674588
1.7625720069
1.76449395923
1.76624489146
1.76782843637
1.76924920546
1.77051249108
1.77162402627
1.77258979335
1.77341587308
1.77410832758
1.7746731107
1.77511600104
1.77544255308
1.77565806302
1.7757675464
1.77577572502
1.77568702126
1.77550555822
1.77523516442
1.77487938199
1.74368691104
1.74347486389
1.74317037307
1.74277572303
1.74229309761
1.74172458925
1.74107221062
1.74033790829
1.73952357812
1.73863108228
1.73766226751
1.73661898439
1.73550310737
1.73431655521
1.73306131147
1.73173944478
1.73035312825
1.7289046577
1.72739646822
1.72583114838
1.7242114516
1.72254030429
1.72082081011
1.71905625032
1.71725008034
1.71540592355
1.7135275649
1.71161895013
1.70968420202
1.70772767571
1.70575409326
1.70376882508
1.70177842279
1.69979154083
1.69782038115
1.69588269634
1.69400412934
1.69222026539
1.69057740041
1.68913099113
1.6879412731
1.68706669312
1.68655680523
1.68644648549
1.68675260599
1.6874734251
1.688590273
1.69007075662
1.69187265366
1.69394781252
1.69624560513
1.69871570374
1.70131012515
1.70398459551
1.70669934443
1.70941945432
1.71211488544
1.71476027987
1.71733462692
1.71982085227
1.7222053756
1.72447766722
1.72662982368
1.72865617383
1.73055292176
1.73231782849
1.73394993237
1.73544930609
1.73681684766
1.73805410203
1.73916311021
1.74014628236
1.74100629219
1.74174598951
1.74236832869
1.74287631072
1.74327293696
1.74356117285
1.74374392022
1.74382399694
1.74380412285
1.71280770973
1.71284443473
1.71277476899
1.71260051009
1.71232347841
1.71194551904
1.71146850767
1.71089435985
1.71022504352
1.70946259424
1.70860913272
1.7076668844
1.70663820037
1.70552557931
1.70433168972
1.70305939188
1.70171175884
1.70029209556
1.69880395546
1.69725115345
1.69563777458
1.6939681774
1.69224699131
1.6904791073
1.68866966184
1.68682401437
1.6849477199
1.6830465003
1.68112622136
1.67919288929
1.67725268994
1.67531211027
1.67337820066
1.67145905577
1.66956459244
1.66770766006
1.66590540209
1.66418059575
1.66256249642
1.66108662985
1.65979313631
1.65872372211
1.65791778769
1.65740858433
1.65722016152
1.65736555732
1.65784633143
1.65865326252
1.65976787572
1.66116442915
1.66281203348
1.66467666458
1.66672292074
1.66891545507
1.67122007088
1.67360450393
1.67603893475
1.67849628081
1.68095231758
1.68338567246
1.68577772846
1.68811246784
1.69037627865
1.69255774195
1.69464741235
1.69663760096
1.69852216682
1.70029632078
1.70195644408
1.70349992268
1.70492499774
1.70623063193
1.7074163909
1.70848233909
1.7094289489
1.71025702213
1.71096762277
1.71156202003
1.71204164078
1.71240803046
1.71266282165
1.68196240398
1.68219469058
1.68230845988
1.68230485237
1.68218515472
1.68195079643
1.68160335164
1.68114454556
1.68057626539
1.67990057504
1.67911973315
1.67823621406
1.67725273081
1.67617225971
1.67499806547
1.6737337261
1.67238315648
1.67095062957
1.66944079391
1.66785868633
1.6662097384
1.66449977547
1.66273500706
1.66092200777
1.65906768791
1.65717925404
1.65526416004
1.65333005125
1.65138470627
1.64943598507
1.64749179797
1.64556011906
1.64364907861
1.6417671797
1.63992368728
1.6381292195
1.63639651866
1.63474128723
1.63318286794
1.6317444773
1.63045273309
1.62933638171
1.62842436977
1.62774360084
1.62731678223
1.62716070313
1.6272851491
1.62769250723
1.62837799382
1.62933036229
1.63053292238
1.63196471077
1.63360168305
1.63541783397
1.63738618828
1.63947963402
1.64167159137
1.64393652476
1.64625031397
1.64859050412
1.6509364551
1.65326941036
1.65557250275
1.65783071293
1.66003079326
1.66216116788
1.66421181747
1.66617415547
1.66804090099
1.6698059523
1.67146426392
1.6730117293
1.67444507064
1.67576173671
1.67695980927
1.67803791838
1.67899516654
1.67983106161
1.68054545824
1.68113850758
1.68161061476
1.65126458449
1.65164380038
1.65189379741
1.65201496393
1.65200795022
1.65187366244
1.65161326263
1.65122817451
1.65072009445
1.6500910074
1.64934320703
1.64847931947
1.64750232989
1.64641561102
1.64522295248
1.64392858984
1.64253723199
1.64105408535
1.63948487327
1.63783584895
1.63611380014
1.6343260439
1.63248040982
1.63058521037
1.62864919753
1.62668150515
1.62469157775
1.62268908732
1.62068384156
1.61868568985
1.61670443649
1.61474977662
1.61283127626
1.61095842457
1.60914078914
1.60738829825
1.60571165026
1.6041228066
1.60263546863
1.60126539127
1.60003037817
1.598949855
1.59804401895
1.59733267177
1.59683391649
1.59656291458
1.59653086853
1.59674433382
1.59720489734
1.59790920239
1.59884926203
1.60001298405
1.60138482813
1.60294652423
1.60467779474
1.60655703858
1.60856194968
1.61067005434
1.61285916149
1.61510772626
1.61739513213
1.61970189923
1.62200982791
1.62430208705
1.62656325628
1.62877933092
1.63093769726
1.63302708517
1.63503750408
1.63696016733
1.63878740911
1.64051259761
1.64213004712
1.64363493135
1.64502319985
1.64629149866
1.64743709647
1.64845781684
1.64935197702
1.65011833368
1.65075603577
1.62078776593
1.62127093017
1.62161518107
1.62182012822
1.6218857457
1.62181236625
1.62160068201
1.62125175186
1.62076701473
1.62014830856
1.61939789436
1.61851848441
1.61751327399
1.61638597524
1.61514085213
1.61378275488
1.61231715212
1.61075015901
1.60908855913
1.60733981797
1.60551208586
1.60361418809
1.60165560021
1.59964640687
1.59759724299
1.59551921672
1.59342381457
1.59132279027
1.58922804039
1.58715147175
1.58510486814
1.58309976728
1.58114736276
1.57925844981
1.57744343575
1.57571243391
1.57407544916
1.57254264221
1.57112463076
1.56983275571
1.56867922533
1.56767706006
1.56683979834
1.56618097695
1.56571344806
1.56544862552
1.56539575947
1.56556132395
1.56594857573
1.56655731144
1.5673838228
1.56842102863
1.56965874979
1.57108408784
1.57268186873
1.57443511661
1.57632552921
1.57833393267
1.5804407001
1.58262612397
1.58487073685
1.58715557906
1.58946241402
1.59177389465
1.59407368475
1.59634654064
1.59857835814
1.60075619041
1.60286824158
1.60490384115
1.60685340343
1.60870837591
1.61046118007
1.61210514746
1.61363445374
1.61504405253
1.61632961108
1.61748744896
1.61851448092
1.61940816495
1.620166456
1.59057107845
1.5911214734
1.59152387507
1.5917771457
1.59188059823
1.59183399331
1.59163754345
1.59129192413
1.5907982916
1.5901583069
1.58937416562
1.58844863233
1.58738507893
1.58618752541
1.58486068162
1.58340998808
1.58184165386
1.58016268907
1.57838092945
1.57650505031
1.57454456709
1.57250981991
1.57041193963
1.56826279351
1.56607490923
1.56386137658
1.5616357276
1.55941179691
1.55720356539
1.55502499224
1.55288984197
1.5508115155
1.54880289644
1.54687622635
1.54504302411
1.5433140638
1.54169942098
1.54020858711
1.53885063656
1.53763441337
1.5365686913
1.53566225744
1.53492388029
1.53436214511
1.53398516598
1.53380020706
1.53381326035
1.53402863112
1.53444857703
1.53507303529
1.53589945803
1.53692276207
1.53813538769
1.53952745247
1.54108698128
1.54280019155
1.544651813
1.5466254229
1.54870378066
1.55086914883
1.55310359049
1.5553892365
1.55770851833
1.56004436468
1.56238036179
1.56470087894
1.56699116133
1.56923739347
1.57142673663
1.57354734378
1.57558835597
1.57753988331
1.5793929743
1.58113957616
1.58277248922
1.58428531764
1.58567241861
1.58692885199
1.58805033172
1.5890331805
1.58987428871
1.56062532837
1.5612127336
1.56164334887
1.56191536653
1.56202749828
1.56197897746
1.56176956877
1.56139958533
1.56086991292
1.56018204094
1.55933809955
1.55834090197
1.55719399082
1.55590168704
1.55446913941
1.55290237255
1.55120833084
1.54939491536
1.54747101073
1.54544649866
1.54333225481
1.54114012593
1.53888288459
1.53657415937
1.53422833935
1.53186045265
1.52948602037
1.52712088826
1.5247810402
1.52248239894
1.52024062076
1.51807089244
1.51598773977
1.51400485831
1.51213497741
1.51038976861
1.50877980676
1.50731458778
1.506002599
1.50485142815
1.50386788815
1.50305812868
1.50242770622
1.50198159132
1.50172410368
1.5016587789
1.50178818304
1.50211369843
1.50263530768
1.50335140117
1.50425862893
1.50535181073
1.50662391172
1.50806608388
1.50966776854
1.51141685112
1.51329985709
1.51530217682
1.5174083075
1.51960210075
1.52186700634
1.52418630391
1.52654331659
1.52892160205
1.53130511837
1.53367836349
1.53602648797
1.5383353824
1.54059174074
1.54278310209
1.54489787334
1.54692533531
1.54885563538
1.55067976916
1.55238955383
1.55397759559
1.55543725345
1.5567626013
1.55794839007
1.55899001153
1.55988346505
1.53093906152
1.53153971008
1.53197480877
1.53224199162
1.53233946368
1.53226601038
1.53202101469
1.53160448182
1.53101707162
1.53026013799
1.52933577493
1.5282468679
1.52699714938
1.52559125666
1.52403478978
1.52233436684
1.52049767377
1.5185335049
1.51645179086
1.51426360975
1.51198117794
1.50961781697
1.50718789381
1.50470673239
1.50219049586
1.49965604009
1.49712074071
1.49460229764
1.49211852205
1.48968711262
1.48732542805
1.48505026385
1.48287764145
1.48082261733
1.47889912017
1.4771198226
1.47549605372
1.47403775553
1.47275348353
1.47165044654
1.470734576
1.47001061041
1.46948217854
1.46915186592
1.46902125288
1.46909091829
1.46936040967
1.46982818615
1.47049154506
1.47134654504
1.47238793866
1.47360912589
1.47500213707
1.47655765063
1.47826504739
1.48011250021
1.48208709534
1.4841749797
1.4863615276
1.48863151954
1.49096932615
1.49335909069
1.49578490444
1.49823097015
1.50068175026
1.50312209718
1.50553736434
1.50791349753
1.51023710683
1.51249551998
1.51467681883
1.51676986051
1.51876428539
1.520650514
1.52241973509
1.52406388692
1.52557563387
1.52694834036
1.52817604368
1.52925342757
1.53017579787
1.50148436762
1.50208072931
1.50250266849
1.50274739597
1.50281272985
1.50269711343
1.50239964083
1.50192009082
1.50125896849
1.50041755437
1.49939796031
1.49820319088
1.49683720866
1.4953050013
1.49361264768
1.49176738001
1.48977763821
1.4876531124
1.48540476918
1.48304485736
1.48058688878
1.4780455908
1.47543682768
1.47277748954
1.47008534922
1.46737888934
1.46467710336
1.46199927681
1.45936475548
1.45679270864
1.45430189507
1.4519104391
1.44963562276
1.44749369845
1.44549972537
1.44366743157
1.44200910307
1.44053550064
1.43925580489
1.43817758902
1.4373068178
1.4366478693
1.43620357471
1.4359752701
1.43596285406
1.43616484564
1.43657843854
1.43719954944
1.43802286041
1.43904185721
1.44024886637
1.44163509509
1.44319067768
1.44490473201
1.44676542854
1.44876007326
1.45087520477
1.45309670427
1.45540991658
1.45779977905
1.4602509551
1.46274796871
1.46527533624
1.46781769235
1.47035990705
1.47288719172
1.47538519229
1.47784006877
1.48023856048
1.48256803725
1.48481653729
1.48697279247
1.48902624264
1.49096704026
1.49278604708
1.49447482467
1.49602562031
1.49743135028
1.4986855818
1.49978251551
1.50071696968
1.47222226921
1.47280275859
1.47319979044
1.4734103021
1.47343186166
1.47326269475
1.47290171971
1.47234859103
1.47160375114
1.47066848987
1.46954501076
1.46823650266
1.46674721477
1.46508253248
1.46324905078
1.4612546415
1.45910850982
1.45682123542
1.45440479305
1.45187254773
1.44923922011
1.44652081846
1.4437345355
1.4408986099
1.43803215476
1.43515495782
1.43228726026
1.42944952283
1.42666218889
1.42394545379
1.42131904848
1.418802043
1.41641267188
1.41416818072
1.41208468991
1.41017707042
1.40845882632
1.40694198046
1.40563696283
1.40455250401
1.40369553947
1.40307113201
1.40268241972
1.40253059578
1.40261492342
1.40293278654
1.40347977294
1.40424978499
1.40523517043
1.40642686603
1.40781454698
1.40938677624
1.41113114962
1.41303443426
1.41508269943
1.4172614398
1.41955569222
1.42195014684
1.42442925389
1.42697732668
1.42957864111
1.43221753149
1.43487848213
1.43754621373
1.44020576364
1.44284255885
1.4454424809
1.44799192192
1.45047783146
1.45288775385
1.4552098565
1.45743294936
1.45954649647
1.46154062057
1.46340610175
1.46513437157
1.46671750392
1.46814820396
1.46941979665
1.47052621604
1.4714619968
1.44310763118
1.4436663237
1.44403240666
1.44420270185
1.44417467481
1.4439464707
1.44351695904
1.44288578715
1.4420534422
1.44102132115
1.43979180724
1.43836835153
1.4367555567
1.43495926025
1.43298661302
1.43084614839
1.42854783698
1.42610312116
1.42352492372
1.42082762527
1.41802700617
1.41514015006
1.4121853088
1.40918173093
1.4061494593
1.40310910659
1.4000816197
1.39708804603
1.39414931409
1.39128603934
1.388518362
1.38586581841
1.38334724126
1.38098067813
1.37878331374
1.37677137985
1.37496003835
1.37336322855
1.37199347731
1.37086167909
1.36997686145
1.36934595696
1.36897360477
1.3688620033
1.36901083084
1.369417243
1.37007594802
1.37097935329
1.37211777007
1.37347966015
1.37505190658
1.37682009168
1.37876876823
1.38088171275
1.38314215422
1.3855329744
1.38803687949
1.39063654444
1.39331473311
1.3960543977
1.39883876122
1.40165138627
1.40447623301
1.40729770833
1.41010070789
1.4128706519
1.41559351523
1.41825585222
1.42084481631
1.42334817452
1.42575431713
1.42805226272
1.43023165897
1.43228277982
1.43419651976
1.43596438585
1.43757848873
1.43903153339
1.44031681081
1.44142819174
1.44236012353
1.41409360132
1.41463002073
1.41496469171
1.41509448182
1.41501690717
1.41473017702
1.41423324782
1.41352588635
1.41260874177
1.41148342536
1.41015259656
1.40862005292
1.40689082093
1.40497124385
1.40286906154
1.4005934769
1.39815520242
1.39556648051
1.39284107118
1.38999420154
1.38704247355
1.38400372862
1.38089687161
1.37774166031
1.37455847136
1.37136805703
1.36819131044
1.36504905721
1.36196188987
1.35895005635
1.35603340579
1.35323138539
1.35056307099
1.34804720563
1.34570221413
1.34354616191
1.34159663154
1.33987050191
1.3383836303
1.33715045415
1.33618354411
1.33549315018
1.33508678648
1.33496889686
1.33514063418
1.33559977286
1.3363407591
1.33735488932
1.3386305961
1.34015381394
1.34190839394
1.34387653752
1.3460392231
1.34837660492
1.35086836984
1.35349404365
1.35623324426
1.35906588302
1.36197231855
1.36493346941
1.36793089242
1.37094683372
1.37396425881
1.37696686725
1.37993909634
1.3828661173
1.38573382657
1.38852883379
1.39123844793
1.393850662
1.39635413709
1.39873818588
1.40099275607
1.40310841386
1.40507632795
1.40688825455
1.40853652388
1.41001402887
1.41131421678
1.41243108456
1.41335917882
1.38513564353
1.38565466083
1.38596300473
1.38605774994
1.38593661796
1.38559802978
1.3850411685
1.3842660515
1.38327361152
1.38206578504
1.38064560611
1.37901730253
1.37718639051
1.37515976279
1.37294576436
1.37055424881
1.36799660787
1.36528576682
1.36243613858
1.35946353175
1.35638500979
1.35321870345
1.34998358297
1.34669920301
1.34338543876
1.3400622367
1.33674940615
1.33346647672
1.33023264179
1.32706679786
1.3239876756
1.32101404149
1.31816493236
1.31545987183
1.31291901146
1.31056314189
1.30841353234
1.3064915787
1.30481826763
1.30341349249
1.30229528059
1.30147900636
1.30097666824
1.30079629949
1.30094156535
1.301411576
1.30220091982
1.30329989958
1.30469493692
1.30636910042
1.30830270884
1.3104739631
1.31285956693
1.31543530446
1.31817655316
1.32105871903
1.32405758985
1.32714960784
1.33031206855
1.33352325487
1.33676251708
1.34001030969
1.34324819542
1.34645882529
1.3496259026
1.35273413695
1.35576919289
1.35871763691
1.36156688493
1.36430515207
1.3669214055
1.36940532114
1.37174724424
1.37393815424
1.37596963388
1.37783384275
1.37952349553
1.3810318452
1.38235267163
1.38348027604
1.38440948202
1.35619525301
1.35670711331
1.35699984322
1.35707088336
1.35691831387
1.35654091416
1.35593823324
1.35511066967
1.35405956014
1.35278727464
1.35129731545
1.34959441601
1.34768463475
1.34557543741
1.34327576059
1.34079604802
1.33814825074
1.33534578276
1.33240342497
1.32933717322
1.32616403073
1.32290175149
1.31956854852
1.31618278964
1.31276271083
1.30932618346
1.30589057331
1.30247272551
1.29908909874
1.29575605384
1.29249027775
1.28930929733
1.28623201156
1.28327915345
1.28047358623
1.27784034877
1.27540639066
1.27319997661
1.27124978596
1.269583778
1.26822792923
1.26720496762
1.26653322866
1.26622573975
1.26628960737
1.26672574258
1.26752892155
1.26868814515
1.27018723861
1.27200562021
1.27411916573
1.27650110129
1.27912286825
1.28195491756
1.28496740516
1.28813077302
1.29141621166
1.29479600822
1.29824379028
1.3017346791
1.30524536766
1.30875413906
1.31224083959
1.31568681975
1.31907485375
1.32238904676
1.32561473655
1.3287383949
1.33174753218
1.33463060779
1.33737694776
1.33997667035
1.34242062009
1.3447003102
1.34680787332
1.34873602044
1.35047800794
1.35202761268
1.35337911518
1.35452729121
1.35546741192
1.32724344812
1.32776391803
1.32805755623
1.32812232298
1.32795680537
1.32756028317
1.32693280543
1.32607527666
1.3249895509
1.32367853084
1.32214626826
1.32039806082
1.31844053839
1.31628173117
1.31393111021
1.31139958992
1.30869948223
1.30584439292
1.302849053
1.29972908324
1.29650069625
1.29318035048
1.28978438104
1.28632864435
1.28282822376
1.2792972502
1.27574889192
1.27219555817
1.26864934189
1.26512269552
1.26162929548
1.25818500909
1.25480884128
1.25152371467
1.2483569348
1.24534021464
1.24250918068
1.23990234942
1.23755963728
1.23552053523
1.23382212901
1.23249716595
1.23157235875
1.23106707818
1.2309925302
1.23135145
1.23213828631
1.23333980439
1.23493600791
1.23690126867
1.23920555696
1.24181567915
1.24469644837
1.24781173593
1.25112537159
1.25460187838
1.25820704202
1.26190832502
1.26567514234
1.26947901902
1.27329365142
1.27709489321
1.28086068536
1.28457094719
1.28820744261
1.29175363303
1.29519452583
1.29851652501
1.30170728859
1.30475559597
1.30765122702
1.31038485383
1.3129479455
1.31533268579
1.3175319033
1.31953901381
1.32134797427
1.32295324802
1.3243497812
1.32553298991
1.3264987584
1.29826411994
1.29881472557
1.29913185337
1.29921412903
1.29906078647
1.29867173859
1.29804765866
1.29719007069
1.29610144618
1.29478530357
1.29324630526
1.29149034557
1.28952462103
1.28735767296
1.28499939039
1.28246096083
1.27975475643
1.27689414517
1.273893221
1.27076645412
1.26752827349
1.26419260682
1.26077241987
1.25727931264
1.25372324405
1.25011246372
1.24645372611
1.24275284449
1.23901560785
1.23524903397
1.23146287164
1.22767120257
1.22389394203
1.22015800937
1.21649794577
1.21295580356
1.20958021425
1.20642465167
1.20354502165
1.20099680958
1.1988320822
1.19709665542
1.19582770631
1.19505203391
1.19478507845
1.19503070858
1.19578170155
1.19702078202
1.19872205541
1.20085266765
1.20337453932
1.20624605027
1.2094235837
1.21286287158
1.21652011162
1.22035284938
1.22432063557
1.22838547998
1.23251212975
1.23666820201
1.24082420094
1.24495344707
1.24903194346
1.25303819985
1.25695303192
1.26075934939
1.26444194325
1.26798727961
1.27138330559
1.27461927039
1.27768556354
1.28057357111
1.28327554998
1.28578451975
1.28809417156
1.29019879313
1.29209320905
1.29377273565
1.29523314994
1.29647067189
1.29748196004
1.26925729081
1.26986559592
1.27023512006
1.27036528847
1.27025610916
1.26990824714
1.26932310887
1.26850293424
1.26745089263
1.2661711779
1.26466909561
1.26295113361
1.26102500499
1.25889965028
1.25658518407
1.25409277041
1.25143441261
1.24862264603
1.24567012987
1.24258914481
1.23939101923
1.23608552652
1.23268031887
1.22918048514
1.22558833823
1.22190354421
1.21812369607
1.21424540296
1.21026590987
1.20618518439
1.20200831566
1.19774797968
1.19342665521
1.18907824376
1.18474877227
1.1804959428
1.17638743271
1.17249802061
1.16890578658
1.16568777639
1.16291559927
1.16065142754
1.15894478877
1.15783040992
1.1573272174
1.15743844617
1.15815269248
1.15944567454
1.16128244121
1.16361978273
1.16640863626
1.16959633068
1.17312856765
1.17695108352
1.18101097463
1.18525769704
1.18964376947
1.19412521919
1.19866181417
1.20321712511
1.20775845743
1.21225668893
1.21668604341
1.221023825
1.22525013282
1.22934757111
1.23330096576
1.23709709511
1.24072444007
1.24417295651
1.24743387146
1.25049950346
1.25336310645
1.2560187364
1.25846113952
1.26068566055
1.2626881701
1.26446500973
1.26601295383
1.26732918748
1.26841129958
1.24024229239
1.24094214887
1.24139951478
1.24161473326
1.24158869622
1.2413229209
1.24081963517
1.24008186812
1.23911354111
1.2379195524
1.23650584647
1.23487945636
1.23304850482
1.23102214731
1.22881043816
1.2264241007
1.22387418414
1.2211715958
1.21832650765
1.21534765299
1.2122415517
1.20901173136
1.20565804325
1.20217620287
1.19855770694
1.19479028469
1.19085902088
1.18674823522
1.18244411395
1.17793796995
1.17322987192
1.16833225412
1.16327302511
1.15809766662
1.15286987196
1.1476704221
1.1425942217
1.13774568001
1.13323287505
1.12916113267
1.12562674359
1.1227115019
1.1204785926
1.11897013265
1.11820642645
1.11818677412
1.11889151425
1.12028490901
1.12231847669
1.12493442489
1.12806891552
1.13165497928
1.13562497685
1.13991256967
1.14445421107
1.14919019977
1.15406535505
1.15902937932
1.16403697337
1.16904776413
1.17402609729
1.17894073855
1.18376451899
1.18847395211
1.19304884363
1.19747190929
1.20172841108
1.20580581902
1.20969350246
1.21338245271
1.21686503761
1.22013478719
1.22318620911
1.22601463219
1.22861607601
1.23098714482
1.23312494378
1.23502701608
1.23669129929
1.23811610003
1.23930008567
1.21126082673
1.21209251524
1.21267978491
1.21302399421
1.2131270065
1.21299126724
1.21261988775
1.21201673079
1.21118649128
1.21013476332
1.2088680815
1.20739392141
1.20572064085
1.20385733998
1.20181361668
1.19959919348
1.19722339582
1.19469447036
1.19201874786
1.18919967889
1.18623680412
1.18312476088
1.17985247233
1.17640270675
1.17275222251
1.16887271632
1.16473275606
1.16030079426
1.15554922183
1.1504592437
1.14502616021
1.1392644585
1.13321199967
1.12693257201
1.12051619628
1.114076815
1.1077473464
1.10167247502
1.09599991126
1.09087111011
1.086412536
1.08272844774
1.07989588635
1.07796218535
1.07694495556
1.07683417624
1.0775958274
1.0791764421
1.08150800114
1.08451270213
1.08810727397
1.09220664359
1.09672687647
1.10158739738
1.10671255307
1.11203260889
1.1174842825
1.12301091596
1.12856237846
1.13409477853
1.13957005065
1.14495546738
1.15022311623
1.15534937004
1.16031437115
1.16510154317
1.16969713891
1.17408982911
1.17827033386
1.18223109678
1.18596600035
1.18947012036
1.1927395167
1.19577105768
1.19856227502
1.20111124693
1.20341650664
1.20547697449
1.20729191139
1.20886089235
1.21018379853
1.18237982462
1.18338999503
1.18415569943
1.18467938336
1.18496394188
1.18501279578
1.18482997086
1.18442017405
1.1837888576
1.18294225941
1.18188740411
1.18063204501
1.17918452302
1.17755351458
1.17574763868
1.1737748934
1.17164189868
1.16935293472
1.16690878862
1.16430545599
1.16153279121
1.1585732563
1.15540097941
1.15198138944
1.14827172729
1.14422273016
1.13978172358
1.13489722375
1.12952494841
1.12363487323
1.11721868975
1.11029677467
1.10292363494
1.0951908066
1.08722639197
1.07919081204
1.07126887642
1.06365884077
1.05655962102
1.05015766965
1.04461512025
1.04006056293
1.03658329106
1.0342312907
1.03301271102
1.03290009965
1.03383645438
1.03574214686
1.03852190617
1.04207125931
1.04628205633
1.05104691111
1.05626254418
1.06183211582
1.06766669407
1.07368602286
1.07981875265
1.08600227925
1.09218231362
1.09831228138
1.1043526275
1.11027008253
1.11603692996
1.12163030167
1.12703151857
1.13222548612
1.13720014934
1.1419460082
1.1464556917
1.15072358781
1.15474552508
1.15851850185
1.16204045846
1.16531008834
1.16832668407
1.17109001471
1.17360023141
1.1758577984
1.17786344719
1.17961815185
1.18112312384
1.15369397016
1.15493528922
1.15593396578
1.15669357404
1.1572180698
1.15751186353
1.15757989169
1.15742767827
1.15706137473
1.15648776308
1.15571420177
1.15474848886
1.15359861153
1.15227234611
1.15077667058
1.14911695329
1.14729589031
1.14531218301
1.14315898005
1.14082215606
1.13827856471
1.13549448157
1.13242453573
1.12901150192
1.12518736679
1.12087606725
1.11599820014
1.11047780323
1.1042510073
1.09727598402
1.08954322029
1.08108482014
1.07198136383
1.06236492282
1.0524171764
1.04236217864
1.03245409375
1.02296101767
1.01414667593
1.00625222153
0.999480483729
0.993984563279
0.989861735014
0.98715276306
0.985846002164
0.985885007739
0.987178121485
0.989608652526
0.993044553216
0.997346853427
1.00237648186
1.0079993933
1.0140901174
1.02053395511
1.02722809099
1.03408188737
1.04101659666
1.047964688
1.05486894239
1.06168143099
1.06836245874
1.07487952912
1.0812063653
1.08732200846
1.09321000332
1.09885767361
1.10425548575
1.10939649596
1.11427587434
1.11889049902
1.12323861313
1.12731953765
1.13113343374
1.13468110871
1.13796386038
1.1409833555
1.14374153804
1.14624056442
1.14848276256
1.15047061263
1.15220674736
1.12532772383
1.12685814395
1.12814947807
1.12920643761
1.13003403427
1.13063764748
1.13102308378
1.13119661746
1.13116499743
1.13093540027
1.13051530341
1.12991224545
1.12913343374
1.12818515366
1.12707193137
1.12579540504
1.1243528726
1.12273551078
1.12092630564
1.11889780209
1.11660986871
1.11400778137
1.11102104101
1.10756343708
1.10353491771
1.09882579446
1.09332365754
1.08692308424
1.07953779105
1.07111434983
1.06164604612
1.05118502341
1.03985066769
1.02783234982
1.01538520094
1.00281849195
0.99047727973
0.978719073475
0.967888147908
0.958290687123
0.950174211193
0.943713969034
0.939007244521
0.936075299426
0.934871777161
0.93529541066
0.937204608511
0.940431981137
0.944797364559
0.950118500626
0.956219093548
0.9629343581
0.97011440381
0.977625894883
0.985352428724
0.993194026557
1.00106605781
1.008897845
1.0166311281
1.02421851128
1.03162197116
1.03881147363
1.04576372311
1.0524610527
1.05889045374
1.06504273719
1.07091181597
1.07649409609
1.08178796408
1.08679335885
1.09151141697
1.09594418144
1.10009436534
1.10396516276
1.1075601006
1.1108829258
1.11393752333
1.11672786127
1.11925795978
1.12153188116
1.12355373897
1.09743665301
1.09931823174
1.10096574022
1.10238500142
1.10358204371
1.10456315958
1.10533494833
1.10590432869
1.10627850209
1.10646484108
1.10647066926
1.10630289053
1.10596741675
1.10546833574
1.10480675885
1.10397929236
1.10297609539
1.10177852407
1.10035642403
1.09866522468
1.09664310971
1.09420868247
1.09125969429
1.087673529
1.08331019507
1.0780185172
1.0716459932
1.06405235986
1.05512630084
1.04480399296
1.0330874518
1.02006007727
1.00589660707
0.99086500327
0.975318659278
0.959678605887
0.944406886173
0.929973698607
0.916821980706
0.905333807866
0.895803770345
0.88842338809
0.883277083329
0.880348633158
0.879536247182
0.88067277984
0.883547225999
0.887924910553
0.893564526848
0.900231151488
0.907705219708
0.91578795465
0.924303970694
0.93310180394
0.942053041837
0.951050594657
0.960006515657
0.968849655983
0.977523342698
0.985983194562
0.994195137511
1.00213364592
1.0097802127
1.01712203742
1.02415091408
1.03086229704
1.03725452255
1.0433281649
1.04908550733
1.05453011043
1.05966646289
1.0644997017
1.06903539065
1.07327934822
1.07723751707
1.08091586891
1.08432033969
1.08745679087
1.09033099327
1.09294863081
1.09531532143
1.07020787323
1.07250509951
1.07457432217
1.07642241728
1.07805635795
1.07948326095
1.08071040702
1.08174521725
1.08259516098
1.08326756282
1.08376926588
1.08410609769
1.08428207413
1.08429826791
1.08415126505
1.08383114058
1.08331890976
1.08258346146
1.08157806431
1.08023665873
1.07847031034
1.07616439172
1.07317725731
1.06934133767
1.06446764674
1.05835459854
1.05080170347
1.04162811931
1.03069518396
1.01793105083
1.00335456409
0.98709480348
0.969402559985
0.950650563234
0.931320577551
0.911977289796
0.893230855753
0.87569173693
0.859922650329
0.846393250151
0.835445455153
0.827276580567
0.821939071124
0.819353990874
0.819336030144
0.821624677149
0.825915112413
0.83188566958
0.839219493633
0.847619652961
0.856818287949
0.866580968258
0.876707565482
0.887030826067
0.897413592085
0.907745363134
0.91793867009
0.927925556662
0.937654337216
0.947086711843
0.956195262926
0.964961323141
0.973373185826
0.98142461984
0.989113648606
0.996441554242
1.00341207102
1.01003073656
1.01630437345
1.02224067836
1.0278478993
1.03313458534
1.03810939565
1.04278095744
1.04715776427
1.05124810798
1.05506003867
1.05860134842
1.06187957528
1.06490202443
1.06767580404
1.04385941879
1.04663703794
1.04919324176
1.05153587198
1.05367274632
1.05561168876
1.0573605213
1.0589269948
1.06031862849
1.06154241679
1.06260434984
1.06350867991
1.06425685236
1.06484600876
1.06526696626
1.06550158853
1.06551949662
1.06527413589
1.06469832535
1.06369957865
1.06215569961
1.0599114073
1.056777004
1.05253030613
1.04692313527
1.03969351854
1.03058428786
1.01936794641
1.00587651435
0.990033710594
0.971885534109
0.951624429501
0.929602126775
0.90632717648
0.882445116804
0.858701671236
0.8358917456
0.814798949685
0.796131404426
0.780460195498
0.768172342166
0.759454561664
0.75430051849
0.752534260407
0.753849266627
0.757856028926
0.764125616149
0.772226429654
0.781750870557
0.792331675838
0.803649776074
0.815436017947
0.827468923816
0.839570217762
0.851599349135
0.863447815261
0.875033760372
0.886297101327
0.897195282765
0.907699673773
0.917792567229
0.927464717957
0.93671334684
0.94554053857
0.953951966268
0.961955884056
0.969562337166
0.976782547408
0.983628439208
0.990112277985
0.996246398078
1.00204300204
1.00751401691
1.01267099598
1.01752505727
1.02208685157
1.02636655472
1.03037387968
1.03411810519
1.03760811788
1.04085246556
1.01863839791
1.02195877164
1.02506421631
1.02796342918
1.03066495069
1.03317717369
1.03550829968
1.03766621431
1.03965824412
1.04149074304
1.0431684418
1.04469347556
1.04606398792
1.04727219623
1.04830179894
1.04912462035
1.04969643252
1.04995198094
1.04979938579
1.04911430117
1.04773449337
1.04545582643
1.04203097632
1.03717245807
1.03056163733
1.02186518339
1.01075978982
0.996964877848
0.980281448216
0.960633451558
0.938106367571
0.9129766133
0.885725452681
0.857032578436
0.827747356579
0.798839040485
0.771329867807
0.746216573413
0.724385974727
0.706530668019
0.693077506411
0.684178089737
0.679731601668
0.679419822344
0.682763768227
0.689198445799
0.698133144105
0.709000178721
0.721286343363
0.734548326457
0.748416613764
0.762592147372
0.776839077379
0.790975912737
0.80486649563
0.818411588486
0.831541446994
0.844209498074
0.856387097245
0.868059265969
0.879221279179
0.889875967883
0.900031609957
0.909700296748
0.918896679682
0.927637017344
0.935938458283
0.943818507573
0.951294635964
0.958383999242
0.965103242577
0.97146837032
0.977494666213
0.983196652488
0.988588079094
0.993681936369
0.998490486105
1.00302530712
1.00729735227
1.01131701434
1.01509419839
0.994817844835
0.998737931582
1.00244879358
1.00595985873
1.00928025472
1.01241879213
1.01538387782
1.01818332464
1.02082401048
1.02331132343
1.02564831017
1.02783442322
1.02986374093
1.0317225177
1.03338591735
1.03481380129
1.03594549982
1.03669360677
1.03693702248
1.03651374089
1.03521423283
1.03277669655
1.02888587124
1.02317744015
1.01525014857
1.00468746325
0.991089754877
0.974116513187
0.953536065124
0.929277923194
0.901480735648
0.870527523102
0.837060186306
0.801967627848
0.766346031511
0.731434415298
0.69853103941
0.668895947263
0.643640955851
0.623618692673
0.609284548261
0.60071670535
0.597675884635
0.599645326798
0.605899470808
0.615636112297
0.628055477195
0.642424983752
0.658113532226
0.674601266308
0.691474910846
0.708415821305
0.725185345599
0.741610164303
0.757568945082
0.772980850842
0.787796000908
0.801987759206
0.815546623817
0.828475463402
0.840785854444
0.8524952994
0.863625138417
0.874199000075
0.88424166665
0.893778255321
0.902833638337
0.911432042704
0.919596783868
0.927350098871
0.934713052914
0.94170549982
0.948346081889
0.954652258418
0.960640354991
0.966325627812
0.971722338848
0.976843838671
0.981702654577
0.986310581887
0.990678776313
0.972692254347
0.977260345193
0.981623444303
0.985791579522
0.989774325732
0.993580756615
0.997219307818
1.00069751032
1.00402153688
1.00719548453
1.010220292
1.01309216428
1.01580035025
1.01832409857
1.02062861183
1.02265984238
1.02433804431
1.02555013662
1.02614116501
1.02590549068
1.02457878392
1.02183242878
1.01727247861
1.01044571537
1.00085547606
0.987989509694
0.971361023105
0.950562164446
0.925326560837
0.895594515761
0.861571732124
0.823770875919
0.783025953888
0.740473104636
0.69749781098
0.655655380686
0.616573966643
0.581843635989
0.552863424294
0.530744225133
0.515936207928
0.508373955873
0.507636613881
0.512952986557
0.523223875268
0.537328466471
0.554197814265
0.572905301444
0.592696886694
0.612985206173
0.63332889227
0.653407362791
0.672996238698
0.69194566067
0.710162184578
0.727594186664
0.744220393112
0.760041044044
0.775071201184
0.789335755704
0.802865758045
0.815695759408
0.827861917064
0.839400669723
0.850347833886
0.860738007991
0.87060419937
0.87997761082
0.888887540163
0.897361358733
0.905424544051
0.913100748944
0.920411894455
0.927378277685
0.934018688373
0.940350530033
0.946389942744
0.952151925612
0.95765045737
0.962898613707
0.967908679616
0.952571867897
0.957824257566
0.962873770049
0.96773090531
0.97240554968
0.976906891146
0.981243225187
0.985421601807
0.989447245189
0.993322653211
0.997046254982
1.00061047213
1.0039989973
1.00718307824
1.01011658904
1.0127296989
1.01492103599
1.0165484168
1.01741849899
1.01727613734
1.01579478012
1.01256989864
1.00711810465
0.998885117538
0.987265869644
0.971639517082
0.95142071461
0.926126091202
0.895451534384
0.859352089442
0.818112822398
0.772397074941
0.723259600505
0.672117445454
0.620681360049
0.570861834075
0.524670345368
0.484131855934
0.450971809303
0.426877553489
0.41215559738
0.406435505218
0.409115278528
0.419183085488
0.434862670246
0.454633243721
0.477076734301
0.501050590189
0.525689677046
0.550364433685
0.57463377211
0.598201806299
0.620881486989
0.64256549521
0.663203608909
0.682785475274
0.701327739441
0.718864594369
0.735440961129
0.751107655124
0.765918027694
0.779925687938
0.793183004694
0.805740164495
0.817644620303
0.828940810713
0.839670062961
0.849870617987
0.859577733986
0.868823838105
0.877638705431
0.886049651183
0.894081726853
0.901757914345
0.909099314515
0.916125328041
0.922853827542
0.929301320408
0.935483101933
0.941413398192
0.947105497457
0.934775865243
0.940733671877
0.946488042783
0.952049832797
0.957429116098
0.962635060363
0.967675668974
0.97255733288
0.977284110875
0.981856628146
0.986270448153
0.990513733957
0.994563976193
0.998383534328
1.00191372927
1.00506725949
1.00771881749
1.00969399249
1.01075689364
1.01059744108
1.00881995153
1.00493544476
0.998360904678
0.988429343509
0.974414660911
0.955574632103
0.93121360546
0.900763491984
0.863877519871
0.820526527761
0.771083244538
0.716377486832
0.657706461442
0.59679182126
0.535690235468
0.476681752208
0.422182692115
0.374915971865
0.336627360832
0.310818407805
0.296998746685
0.294064979173
0.301433605537
0.318283394771
0.341111155081
0.368139489083
0.39744858907
0.427691272949
0.457939319806
0.487571408512
0.516190988861
0.543563033192
0.569566371478
0.594158318176
0.617348704659
0.639181080574
0.659719343198
0.67903842109
0.697217935268
0.714338008889
0.730476600162
0.745707896366
0.760101433437
0.773721701483
0.786628067547
0.798874898539
0.8105118042
0.821583946178
0.832132377569
0.842194389965
0.851803853762
0.860991543342
0.869785442688
0.878211029519
0.886291537674
0.89404819837
0.901500461453
0.908666197806
0.915561883862
0.922202768578
0.928603022273
0.91962469368
0.926291058929
0.932750338135
0.939013640227
0.945091121924
0.950991816991
0.956723309803
0.962291185096
0.967698158976
0.972942762242
0.978017406005
0.982905613445
0.987578155181
0.991987788965
0.996062293358
0.999695524383
1.00273634725
1.00497554297
1.00613120402
1.00583374586
1.00361247345
0.998886600553
0.990964585401
0.979056380023
0.962303349295
0.93982980569
0.910817973995
0.874604582721
0.830792348976
0.77936398725
0.720781066514
0.656046533338
0.586710332737
0.514806827362
0.442736078648
0.373114405255
0.308548347393
0.25365689488
0.207541336002
0.18101052011
0.16951249124
0.170147644747
0.183172950462
0.210526399095
0.242422185361
0.278736053887
0.316348588642
0.353889525189
0.390482234515
0.425594527379
0.458933984475
0.490370084513
0.519879581538
0.547507970302
0.573342324949
0.597492480756
0.620078348944
0.641221659092
0.661040821313
0.679647931745
0.697147212775
0.713634386885
0.729196637587
0.743912922714
0.757854484278
0.771085453738
0.783663488711
0.795640402162
0.807062761568
0.817972446287
0.828407158149
0.838400884529
0.847984315594
0.857185218831
0.866028774491
0.874537875785
0.882733397396
0.890634435396
0.898258520985
0.905621809397
0.912739243998
0.907431829181
0.914789728351
0.921933547597
0.928874569326
0.935622949888
0.94218750144
0.948575293676
0.954790997137
0.960835858803
0.966706161196
0.972390968521
0.977868909419
0.983103691497
0.988037999078
0.992585411427
0.996620022875
0.999963588076
1.00237030327
1.00350981799
1.00294978883
1.00014024052
0.994403125244
0.984931605682
0.970804442101
0.951021033971
0.924561684268
0.890475116817
0.847991021233
0.796649680696
0.736434283075
0.667885350524
0.592171815041
0.511091013651
0.426978083108
0.342556274198
0.260810612603
0.182614517296
0.12175316949
0.0578719149249
0.0355026687614
0.0293259426079
0.03326951994
0.0500140104502
0.0979260947314
0.139053845013
0.18783024446
0.235139143212
0.280934015885
0.32452157938
0.36555182419
0.403903178173
0.439595072729
0.472734160231
0.503477021929
0.532004266521
0.558503354901
0.583157879619
0.606141374625
0.627614157839
0.647722117036
0.666596683643
0.684355489675
0.701103381149
0.71693358325
0.731928893646
0.746162833098
0.759700715944
0.772600623855
0.784914278661
0.796687817212
0.807962475034
0.818775187291
0.829159116035
0.839144112529
0.848757122739
0.858022543268
0.866962533974
0.875597292392
0.883945293852
0.892023499727
0.899847534392
0.89849530407
0.906506172601
0.914292553219
0.921865842905
0.929236139214
0.936411973826
0.94339984156
0.950203436213
0.956822469289
0.963250902626
0.969474371327
0.975466511336
0.981183843119
0.98655881162
0.991490564743
0.995833100908
0.999380576233
1.00184988932
1.00286121488
1.00191798084
0.998388880317
0.991495805742
0.980312895502
0.963782855174
0.94075688104
0.910063330562
0.870607303888
0.821498394381
0.762197453809
0.692666310436
0.613498150163
0.526000589428
0.432193810395
0.334668352128
0.236366314868
0.142590688226
0.0380339032384
0.00520664059332
0
0
0
0
0
0.00416688954658
0.028066278061
0.0984805685444
0.155454548288
0.21029130701
0.261382174044
0.308649790133
0.352210838938
0.392273486736
0.429101869121
0.462984019364
0.494208533322
0.523050235283
0.549762612521
0.574574721063
0.597690812527
0.619291489486
0.639535625806
0.658562586663
0.676494478907
0.693438286255
0.709487819354
0.724725455264
0.73922366594
0.753046348466
0.766249975821
0.778884588945
0.790994650569
0.802619779826
0.813795384696
0.824553207225
0.834921794345
0.844926905159
0.854591863666
0.863937864109
0.872984234335
0.881748660603
0.890247375034
0.893089350298
0.901692688256
0.910057822748
0.918196227993
0.926117909185
0.933831088685
0.941341664085
0.948652339396
0.955761290992
0.962660179457
0.969331256864
0.975743248949
0.981845619988
0.987560769167
0.992773684922
0.997318635342
1.00096264957
1.00338591058
1.0041598003
1.00272426442
0.998367400354
0.990211631889
0.977212296404
0.958175542966
0.931802571755
0.896765813356
0.851819154178
0.795938692575
0.728483446512
0.64935854772
0.559159058255
0.459271886966
0.351903016911
0.239829026789
0.124018559763
0.0169109672187
0
0
0
0
0
0
0
0
0
0.0112599668916
0.0778477062328
0.143547276135
0.202457382512
0.2561325053
0.305000065454
0.349469749971
0.389982404497
0.426974858541
0.460856111091
0.491996241742
0.520723182055
0.547323813391
0.572047205542
0.595108714707
0.616694227398
0.636964181854
0.656057200343
0.674093278643
0.691176538673
0.707397578983
0.722835469163
0.737559436338
0.751630289251
0.765101620771
0.778020824381
0.790429954913
0.802366459102
0.813863797227
0.82495197349
0.835657989581
0.846006233128
0.8560188102
0.865715828713
0.875115637131
0.884235020218
0.89145649576
0.900570549381
0.909429638016
0.918045296195
0.926427427344
0.93458394556
0.942520167414
0.950237845461
0.957733691581
0.964997182474
0.972007371453
0.978728352783
0.985102944728
0.99104409068
0.996423450754
1.00105671013
1.0046853221
1.00695480373
1.00739038459
1.00537183034
1.00011062772
0.990634327274
0.975784442337
0.954235449138
0.92454248966
0.885223627652
0.834878381007
0.772337711658
0.696832642235
0.608161480611
0.506833539752
0.394184189149
0.272586708027
0.146852517867
0.017241810027
0
0
0
0
0
0
0
0
0
0
0
0.0102233221428
0.0837081369184
0.149164850133
0.209219795452
0.263404856952
0.312242883731
0.35636983257
0.396389351714
0.432841751401
0.466198177684
0.496863634475
0.525183576226
0.551451597086
0.575916990883
0.598791627193
0.620255948917
0.640464079116
0.659548108546
0.677621666563
0.694782882891
0.711116840386
0.726697606688
0.741589919491
0.75585058764
0.769529659308
0.78267139911
0.795315108211
0.807495815051
0.819244859003
0.830590384921
0.841557762849
0.852169943985
0.862447761094
0.872410178684
0.882074495196
0.893800416497
0.903323960309
0.912573111693
0.921559467586
0.93029284321
0.938780874431
0.947028350887
0.95503616311
0.962799699664
0.9703064698
0.977532652977
0.984438191581
0.990959955292
0.997002431503
1.00242536442
1.00702782074
1.01052836356
1.01254144597
1.01255087135
1.00988227192
1.00367803266
0.992879825053
0.976225630282
0.952269318581
0.919430788541
0.876082524905
0.820673516941
0.751883681804
0.668792263598
0.571034234226
0.458907523387
0.333335845776
0.19515199384
0.0402193464307
0
0
0
0
0
0
0
0
0
0
0
0
0
0.0216087867993
0.10152926473
0.168993805451
0.228530268306
0.281619107859
0.329218511141
0.372124358614
0.411016057636
0.446468330492
0.478963342413
0.50890403968
0.536626978359
0.562413720429
0.586500530475
0.609086432743
0.630339819011
0.65040383161
0.669400736499
0.687435475143
0.704598553691
0.720968399282
0.736613288217
0.751592929875
0.765959773194
0.779760088904
0.793034869824
0.805820582876
0.81814979958
0.830051726262
0.841552650684
0.852676317932
0.86344424503
0.87387598046
0.883989311275
0.900279795595
0.91009495711
0.919614085669
0.928848860759
0.937809044838
0.946502053167
0.954932238664
0.963099768001
0.970998914917
0.978615532279
0.985923385185
0.992878936352
0.999414080552
1.00542624432
1.01076523113
1.01521624776
1.01847876081
1.02014128505
1.01965298412
1.0162941344
1.00914906703
0.997087040227
0.97875829011
0.952613706248
0.916956367089
0.870030594035
0.810148379831
0.735843722162
0.646033795843
0.540158328318
0.418293643155
0.281434776684
0.133221101728
0.00569818870413
0
0
0
0
0
0
0
0
0
0
0
0
0
0.00286437045146
0.0665353113141
0.137484293884
0.201558987572
0.258573003097
0.309407428123
0.354994673119
0.39614506927
0.433533555728
0.467716119442
0.499149894101
0.528211399127
0.55521188239
0.580409844502
0.604021117261
0.626226919513
0.647180281549
0.667011171022
0.68583059239
0.703733876966
0.720803334685
0.737110401506
0.752717386975
0.767678903578
0.782043041633
0.795852339703
0.809144589751
0.82195350787
0.834309294826
0.846239105301
0.857767440303
0.868916473361
0.879706317457
0.890155235847
0.911003377326
0.920979366248
0.930635946515
0.939984918135
0.949036047323
0.957796612367
0.96627065305
0.974457794654
0.982351465131
0.989936256508
0.997184098607
1.00404881753
1.0104585517
1.01630541272
1.02143173873
1.02561234305
1.02853238034
1.02976092153
1.02872113743
1.02465920858
1.0166157049
1.00340508325
0.983610797833
0.955604704579
0.917599086414
0.8677366579
0.804217232515
0.725448364919
0.630189627864
0.517629488302
0.387257050213
0.238112663687
0.0657546995481
0
0
0
0
0
0
0
0
0
0
0
0
0
0
0
0.0317219641059
0.113547354931
0.183118484434
0.24391217425
0.297693900962
0.345693583713
0.388870652497
0.427995334157
0.463690399612
0.49646122545
0.52671962607
0.55480291099
0.580989004984
0.605508363422
0.628553333577
0.650285510566
0.670841531647
0.690337658319
0.708873417412
0.726534509974
0.743395148291
0.759519944159
0.77496544318
0.789781378238
0.804011698905
0.817695420887
0.830867329939
0.843558567104
0.855797116117
0.86760820885
0.879014660453
0.890037141852
0.900694393206
0.926026339561
0.936023872493
0.945677346489
0.954998738307
0.963997894983
0.972682065577
0.981055129908
0.98911639224
0.996858754091
1.00426601098
1.01130893265
1.01793968768
1.0240840707
1.02963090157
1.03441792366
1.0382135829
1.04069429185
1.04141726007
1.03978979817
1.03503724549
1.02617333129
1.01197871845
0.990995345909
0.961545352595
0.92178291537
0.869784163153
0.803673391493
0.721772492155
0.622745084259
0.505688647588
0.370110690115
0.215733117976
0.0422927883935
0
0
0
0
0
0
0
0
0
0
0
0
0
0
0
0.0201218537047
0.102512018096
0.174907937367
0.238512098687
0.294717463291
0.344762079086
0.38967561721
0.430294881037
0.467294858817
0.501219894241
0.532510540798
0.561525347676
0.588558060931
0.613851046197
0.637605724601
0.659990693312
0.681148066056
0.701198448007
0.720244861385
0.738375861917
0.755668028247
0.772187962692
0.787993908875
0.803137067083
0.817662669635
0.831610864387
0.845017443747
0.857914448244
0.87033066707
0.882292052704
0.893822062113
0.90494193285
0.915670898048
0.945348044586
0.955224200967
0.964730786279
0.973880029117
0.982681954205
0.99114391072
0.999269796315
1.00705884406
1.01450378534
1.0215881318
1.02828223349
1.03453767079
1.04027943384
1.04539525329
1.04972140246
1.05302434531
1.05497782607
1.0551354755
1.05289983646
1.04748995844
1.03791137501
1.02293421845
1.00108708647
0.970675416503
0.929832619255
0.876608973436
0.809096320508
0.72557569842
0.624661976388
0.505410932396
0.367369870569
0.210654424985
0.0364957944591
0
0
0
0
0
0
0
0
0
0
0
0
0
0
0
0.0176903532798
0.102003847627
0.176853508953
0.242718906695
0.300857663372
0.352539824276
0.398853796436
0.440687304121
0.478753833449
0.513625864127
0.545764466556
0.57554328469
0.603267314941
0.629187430543
0.653511585222
0.676413472708
0.698039249358
0.718512782621
0.737939774216
0.756411020254
0.774005005618
0.790789981601
0.806825639864
0.82216446897
0.836852859658
0.850932009898
0.864438669205
0.877405752837
0.889862849509
0.901836640587
0.913351243977
0.924428491492
0.935088144105
0.968911171999
0.978524382617
0.987741999178
0.99657659595
1.00503849041
1.01313527916
1.02087107369
1.02824530479
1.03525091089
1.04187165641
1.0480782411
1.05382276312
1.05903099549
1.06359184693
1.06734333458
1.07005444917
1.07140251229
1.07094609709
1.06809440099
1.06207518786
1.05190505751
1.03636771073
1.01400770621
0.983148316955
0.941941567867
0.888455254649
0.820794634904
0.737244885185
0.636404476512
0.5172604866
0.379138203497
0.221466751921
0.0435522604314
0
0
0
0
0
0
0
0
0
0
0
0
0
0
0
0.0220643516292
0.111424832227
0.189065071045
0.256776291559
0.316325556936
0.369177674316
0.416503347961
0.459230682183
0.498096100722
0.533686680778
0.566473537037
0.59683759798
0.625089344511
0.651483901954
0.676232605651
0.699511903752
0.721470249196
0.742233468647
0.761908972306
0.780589076534
0.798353643123
0.815272188836
0.831405581621
0.846807412223
0.861525109244
0.875600850088
0.889072308371
0.901973269242
0.914334136895
0.926182352738
0.937542737825
0.948437768663
0.958887791091
0.99660218857
1.00581704784
1.01461007331
1.02299429574
1.03098045538
1.03857655623
1.04578712968
1.05261208006
1.05904493293
1.06507023954
1.07065980877
1.07576734193
1.08032094692
1.08421292158
1.0872861551
1.08931654826
1.08999106608
1.08888149527
1.08541477062
1.07884192663
1.06820931916
1.05233761411
1.02981581426
0.999018683635
0.95815544261
0.905354454571
0.838781679588
0.756778863549
0.657988971954
0.541403830529
0.406186920719
0.250826909657
0.0698426027918
0
0
0
0
0
0
0
0
0
0
0
0
0
0
0
0.0379054004513
0.133034184173
0.212441509332
0.281015095547
0.341208248654
0.394643752551
0.442525951496
0.485786090191
0.525156900736
0.561221142022
0.59444646372
0.625211351722
0.653824707527
0.680540738071
0.705570350829
0.729089928468
0.751248128247
0.772171184389
0.791967069235
0.810728779175
0.828536945149
0.84546191872
0.861565448456
0.876902034358
0.891520027771
0.905462528873
0.918768122138
0.931471481107
0.943603866701
0.955193537551
0.966266085954
0.976844708663
0.986950417324
1.02825306822
1.03694467648
1.0451882543
1.05299741249
1.06038345337
1.06735495364
1.07391707077
1.08007045169
1.08580957286
1.0911202768
1.09597619185
1.1003336313
1.10412447341
1.107246443
1.10955017663
1.11082250446
1.11076558639
1.10897197802
1.10489645783
1.0978265822
1.08685544857
1.07086191389
1.0485052179
1.01824203535
0.978373614386
0.927127881362
0.862775330734
0.783767857129
0.688877686605
0.577305815365
0.448756627235
0.303688573592
0.14512285003
0.00623092305934
0
0
0
0
0
0
0
0
0
0
0
0
0
0.00364373240453
0.0841237846235
0.170878134129
0.247854644618
0.315523395347
0.375351990442
0.428687018719
0.476621672115
0.520025816881
0.559592388165
0.595876754678
0.629327321106
0.660308946649
0.689120862476
0.716010428968
0.741183747807
0.764813889554
0.787047306203
0.808008855964
0.827805761775
0.846530746475
0.864264528961
0.881077821839
0.897032938271
0.912185090869
0.926583446749
0.940271988497
0.953290219754
0.965673745574
0.977454750907
0.988662395043
0.999323135207
1.00946098824
1.01909773508
1.06364413886
1.07170172022
1.07928537987
1.08640943745
1.09308589781
1.09932407122
1.10512993588
1.11050512894
1.11544540604
1.11993834959
1.12396003292
1.12747026269
1.13040593474
1.13267196337
1.13412920957
1.13457888363
1.13374309056
1.13124159908
1.12656562304
1.11905046731
1.10785030698
1.09192002689
1.07001065946
1.04068601845
1.00236791138
0.953414997447
0.892235256549
0.817424047831
0.727909858226
0.623080030101
0.502846013987
0.367540404269
0.217041324581
0.0452384218412
0
0
0
0
0
0
0
0
0
0
0
0
0
0.0286448126652
0.132952380941
0.218982073619
0.293686268265
0.359579228804
0.418221861898
0.470808997721
0.518296411959
0.561454636584
0.600906972782
0.637159743068
0.670626446491
0.701646870396
0.730502122217
0.757426424704
0.782616372357
0.806238207111
0.828433551654
0.849323941486
0.869014420108
0.887596401902
0.905149961058
0.921745669305
0.937446077796
0.952306917388
0.966378075274
0.979704393277
0.992326323255
1.00428046737
1.01560002473
1.02631516096
1.03645331285
1.04603943627
1.05509620195
1.10250789946
1.10983750098
1.11666790383
1.12301426005
1.12888940742
1.13430353466
1.13926361086
1.14377247448
1.14782743486
1.15141818414
1.15452375051
1.15710814685
1.15911428852
1.16045568707
1.16100539627
1.16058173473
1.15893048961
1.15570368655
1.15043566348
1.14251816329
1.13117746303
1.11545808553
1.09421913973
1.06615036377
1.02981487737
0.983723785959
0.926443582362
0.856730774585
0.773680362414
0.676868161688
0.566466435191
0.443334986718
0.309248143095
0.168541376218
0.0200163904291
0
0
0
0
0
0
0
0
0
0
0
0.0138736680816
0.113099345694
0.200098720698
0.27892597685
0.349355221253
0.412392243071
0.469079146411
0.520326948847
0.566903684744
0.60944892504
0.648492891983
0.684474975711
0.717760084426
0.748652460843
0.777407075501
0.804238889006
0.829330319988
0.852837239251
0.874893770928
0.895616136415
0.915105734241
0.933451611876
0.950732454258
0.967018188329
0.982371282332
0.996847802148
1.01049827394
1.02336839197
1.03549960221
1.04692958584
1.05769266141
1.06782011998
1.07734050385
1.08627983614
1.09466180455
1.14453362039
1.15105977439
1.15706246706
1.16255778772
1.16755951453
1.17207883027
1.17612382695
1.1796987045
1.18280253053
1.18542737886
1.18755560397
1.18915593974
1.19017803936
1.19054501379
1.19014350056
1.18881084023
1.18631910275
1.18235605133
1.17650372211
1.16821617923
1.15679918075
1.14139587274
1.12098399824
1.09439108162
1.06033409253
1.01748861508
0.964589097882
0.900556346731
0.824641851856
0.736572638943
0.636677800062
0.525980503042
0.406231754967
0.279670139347
0.146379466354
0.0202464863243
0
0
0
0
0
0
0
0
0
0.0153408896773
0.106232357188
0.195692736214
0.275477144312
0.347784278057
0.413347437444
0.472857841227
0.527004531892
0.576427761408
0.621696753954
0.663305436332
0.701676859884
0.737171117405
0.770094139175
0.800706124252
0.829229076555
0.855853282643
0.880742749404
0.904039701024
0.925868262957
0.946337462443
0.965543664599
0.983572547932
1.00050070694
1.01639695444
1.03132338294
1.04533623291
1.05848660655
1.07082105774
1.08238208256
1.09320852965
1.10333594541
1.11279686552
1.12162106121
1.12983574565
1.13746574316
1.1893725127
1.19503882948
1.20015896365
1.20475001313
1.20882676651
1.21240147333
1.21548342929
1.21807829188
1.22018700857
1.22180419547
1.22291575164
1.22349543285
1.22350004681
1.22286287948
1.22148494172
1.2192236673
1.21587884182
1.21117585008
1.20474685314
1.19611128727
1.18465811699
1.16963349953
1.15013874133
1.12514432229
1.0935258767
1.05412684524
1.00584965481
0.947772691462
0.879284528581
0.800220996355
0.710986024517
0.612633515373
0.506879189509
0.395992845893
0.282661487237
0.172513833985
0.0466380890737
0.00649256951222
0
0
0
0
0
0.00558226531201
0.0379635439733
0.134034302616
0.21237552669
0.288023776977
0.358596613286
0.423943221596
0.484240213562
0.539800781586
0.591002919969
0.638239292106
0.681887105405
0.722293064056
0.759767795923
0.794585618641
0.826987012864
0.857182246344
0.885355279699
0.911667501965
0.936261088144
0.959261908178
0.980781989799
1.00092157315
1.01977080915
1.03741115634
1.05391652723
1.0693542299
1.08378574328
1.09726735855
1.10985071299
1.12158323771
1.13250853602
1.14266670623
1.15209461898
1.16082615719
1.1688924241
1.17632192289
1.18314070887
1.23664323179
1.24141197705
1.24561403467
1.24926753365
1.2523882916
1.2549896417
1.25708210095
1.25867280605
1.25976461364
1.26035472396
1.26043264043
1.2599772252
1.25895255722
1.25730225462
1.25494190723
1.25174930248
1.24755225945
1.24211415466
1.23511767952
1.22614804738
1.21467777035
1.20005619026
1.18150801688
1.15814592485
1.12900240735
1.09308514777
1.04945779802
0.997344145307
0.936248534494
0.866079873515
0.787261604551
0.700806452594
0.608333482889
0.512013718691
0.414483911814
0.318807723179
0.22577445868
0.152178613099
0.0732036724786
0.0455100325233
0.0380232257589
0.0436048262789
0.0662961873964
0.13102951806
0.187491055266
0.255062344989
0.321184967118
0.385630214088
0.447330887318
0.505739242424
0.560649830623
0.612059782615
0.660083242519
0.704895845702
0.746699428904
0.785700834786
0.822100117986
0.856084699492
0.887827089963
0.917484628709
0.945200268177
0.971103823312
0.995313355087
1.0179365124
1.03907174932
1.05880938781
1.07723252492
1.0944177977
1.11043602463
1.1253527437
1.13922866577
1.15212005947
1.16407908149
1.1751540633
1.18538976318
1.1948275905
1.20350580728
1.21145971091
1.21872180021
1.22532192578
1.23128742399
1.28593747215
1.28978826404
1.29305490225
1.29575650642
1.29790987782
1.29952938333
1.30062670675
1.30121040395
1.30128517347
1.30085072138
1.29990006016
1.2984170363
1.296372836
1.29372118118
1.29039191483
1.28628270848
1.28124873763
1.27509040208
1.26753955712
1.25824529958
1.24676111976
1.23253613639
1.21491404477
1.19314410142
1.16640862325
1.13387073283
1.09474412447
1.04838334195
0.994388661432
0.932714779343
0.86376808834
0.788474664416
0.708302153119
0.625227720445
0.54166620665
0.460379613851
0.384302700116
0.319038854653
0.263732355128
0.232401100902
0.219813807298
0.222785904069
0.242143868746
0.280853251623
0.326120842041
0.377897715225
0.431945474467
0.486348066467
0.539845453845
0.591648342848
0.641297233689
0.688552939795
0.733319497017
0.775591224028
0.815417086382
0.852877331038
0.888068615685
0.921094838409
0.952061672611
0.981073436842
1.00823139096
1.03363287528
1.05737092978
1.07953417445
1.10020682384
1.11946876488
1.13739566099
1.15405906449
1.16952653012
1.1838617274
1.19712455233
1.20937123941
1.22065447501
1.23102351299
1.24052429266
1.24919955921
1.25708898588
1.26422929716
1.27065439176
1.27639546323
1.28148111596
1.33682541763
1.33975324576
1.34208344
1.34383599627
1.34502858076
1.34567646979
1.34579238174
1.34538614726
1.3444641432
1.34302838816
1.34107516466
1.33859299521
1.33555976194
1.33193872843
1.32767321215
1.3226796848
1.31683917394
1.30998703285
1.30190147194
1.29229172752
1.28078738368
1.26693111931
1.25017791597
1.22990434989
1.20543173922
1.17606632848
1.14115810033
1.1001770972
1.05280246165
0.999015271154
0.93918253301
0.874117681103
0.80510426488
0.733876383308
0.662563096364
0.593619045805
0.529784739908
0.474335433739
0.429557525703
0.400095128865
0.385648908348
0.385171571854
0.398267216016
0.42415908685
0.458405976533
0.498769738555
0.542718005283
0.588428787605
0.634608636482
0.680357117202
0.725064009092
0.768328177071
0.809896351022
0.849618497432
0.887416007521
0.923259408284
0.957152941596
0.989123965648
1.01921566729
1.04748201028
1.07398417898
1.09878802128
1.1219621646
1.14357659439
1.16370155961
1.18240671828
1.19976046588
1.21582940845
1.23067795324
1.24436799677
1.25695869472
1.26850630043
1.27906406142
1.28868216413
1.29740771893
1.30528477806
1.31235438033
1.31865461679
1.32422071264
1.32908512038
1.33327761953
1.38886084156
1.39087365677
1.39228036801
1.39310165224
1.39335584329
1.39305892513
1.39222443989
1.390863266
1.38898320452
1.386588289
1.38367770714
1.38024419137
1.37627170428
1.3717322198
1.36658139251
1.36075293215
1.35415157933
1.34664473824
1.33805309013
1.32814090645
1.31660730468
1.30308030863
1.28711620196
1.26820715032
1.24580020271
1.21933032392
1.1882688392
1.15218648706
1.11082728591
1.06418603262
1.0125792051
0.956697384728
0.8976282865
0.836844216733
0.776156429901
0.717648129335
0.663601240053
0.616424629401
0.578295780412
0.551461076363
0.536504590736
0.533196244074
0.541013818939
0.558863390841
0.584577652762
0.616262196387
0.652087430907
0.690533700641
0.730408224505
0.770801179936
0.81103224194
0.850600443036
0.889142153768
0.926397968961
0.962187445489
0.996390141053
1.02893145526
1.05977201526
1.08889963067
1.11632310022
1.14206736093
1.16616962621
1.18867627049
1.20964029287
1.22911924282
1.24717352308
1.263865006
1.27925591317
1.29340791759
1.30638143405
1.31823506821
1.32902519921
1.3388056737
1.34762759237
1.35553917261
1.36258567323
1.36880936948
1.37424956812
1.37894265388
1.38292215987
1.38621885494
1.44158570421
1.44270185074
1.44320946805
1.44312963648
1.44248108172
1.44128021786
1.43954112541
1.43727542785
1.43449201628
1.43119655312
1.42739066393
1.42307070096
1.4182259367
1.41283602537
1.40686756356
1.4002696009
1.39296801577
1.38485880008
1.37580051233
1.36560647669
1.35403772632
1.34079818656
1.32553409912
1.3078400836
1.28727435296
1.2633852497
1.23575027618
1.2040270663
1.16801336815
1.12771039243
1.08338141373
1.03559609604
0.985251525003
0.933563992043
0.882030943306
0.832367698002
0.786423503833
0.746073713347
0.713049091027
0.688805937137
0.674035230442
0.668819413677
0.672801650324
0.685154720689
0.704582029336
0.729708760176
0.759171343059
0.791740343064
0.82636837009
0.862191835862
0.89851352617
0.934778836166
0.97055204029
1.00549527013
1.0393508572
1.07192682188
1.10308500299
1.13273130028
1.16080758132
1.18728490698
1.21215782058
1.23543951551
1.25715774471
1.27735136712
1.29606744715
1.31335883563
1.32928217011
1.34389623863
1.35726065651
1.36943481088
1.38047703208
1.390443956
1.39939004547
1.40736724326
1.41442473294
1.42060878752
1.42596268872
1.43052670275
1.43433810067
1.43743121312
1.439837511
1.49453417181
1.49477992878
1.49442174008
1.49348073344
1.49197567776
1.48992307123
1.48733718191
1.48423001153
1.48061114207
1.47648741016
1.47186233619
1.46673521497
1.46109975425
1.45494213107
1.44823833005
1.44095064367
1.43302326463
1.42437700253
1.41490332739
1.40445819306
1.39285642634
1.3798678595
1.36521678485
1.34858662602
1.32963182511
1.30799868564
1.28335615105
1.2554361651
1.22408140942
1.18929608252
1.15129341373
1.1105323945
1.0677363759
1.02388810781
0.980199219649
0.938055534901
0.898940559609
0.864338330298
0.835612269762
0.813866414922
0.799760650519
0.793517662673
0.794972599359
0.803594832122
0.81855255792
0.838870024281
0.863522087201
0.891518595426
0.92195486913
0.954033614984
0.987069684737
1.0204855738
1.05380261731
1.08663067403
1.11865766738
1.14963958125
1.17939113986
1.20777724475
1.23470518369
1.2601176071
1.28398625886
1.30630644063
1.3270921795
1.34637205909
1.36418566603
1.38058059735
1.39560997094
1.40933038032
1.42180023645
1.43307844216
1.44322334941
1.4522919541
1.46033928852
1.46741797683
1.47357792357
1.47886610993
1.48332647661
1.48699987553
1.48992407595
1.49213381281
1.49366086742
1.5472360748
1.54664354391
1.54545946456
1.54370458774
1.54139731531
1.53855382757
1.53518817785
1.53131233106
1.52693611483
1.52206703967
1.51670993097
1.51086629928
1.50453335888
1.49770259179
1.49035774917
1.48247219401
1.47400552778
1.46489952226
1.45507350997
1.44441958067
1.43279818893
1.42003508268
1.40592077448
1.39021402701
1.37265091403
1.35296083162
1.33089026708
1.30623412497
1.27887299978
1.24881314626
1.2162243555
1.18146993567
1.14512296328
1.1079641773
1.0709591647
1.03521498302
1.00191799168
0.972255703869
0.947325255968
0.928031179017
0.914988991368
0.908498405514
0.908549967851
0.91484423688
0.926842321027
0.943847205486
0.96507394014
0.98971308304
1.0169781678
1.04613644831
1.07652658557
1.10756699243
1.13875785194
1.16967901446
1.19998528494
1.2294001312
1.25770853523
1.28474950757
1.31040864351
1.33461099188
1.3573144212
1.37850359684
1.39818462627
1.41638038536
1.4331265064
1.44846798686
1.462456364
1.47514739417
1.48659917354
1.49687063887
1.50602039096
1.51410578862
1.52118226697
1.52730283983
1.53251775175
1.53687425071
1.54041645707
1.54318530893
1.54521856747
1.54655086893
1.54721381247
1.59921992556
1.59782544831
1.59586019228
1.59334405545
1.59029461735
1.58672729969
1.58265550545
1.57809071918
1.57304254426
1.5675186439
1.56152454152
1.55506322343
1.54813447395
1.54073386224
1.53285129617
1.52446906644
1.5155593338
1.50608107127
1.49597657342
1.48516779287
1.47355295975
1.46100417308
1.44736689239
1.4324624523
1.41609479958
1.3980625235
1.37817683733
1.35628542518
1.3323010193
1.30623234265
1.27821387567
1.24853010105
1.21762976474
1.18612645199
1.15478331279
1.1244815883
1.09617410467
1.07082611362
1.04934645169
1.03251301423
1.02090660164
1.0148746243
1.0145176848
1.0196948293
1.03005301848
1.04507566517
1.06413494477
1.08654370583
1.11160046136
1.13862438125
1.16698021752
1.1960943208
1.22546336245
1.2546574208
1.28331892423
1.31115871391
1.33795025585
1.36352281536
1.38775421472
1.41056362717
1.43190472054
1.45175934942
1.47013190581
1.48704437136
1.50253206698
1.51664006378
1.52942020028
1.54092864079
1.55122390693
1.56036531533
1.56841175899
1.5754207756
1.58144785247
1.58654592479
1.59076503001
1.59415208727
1.59675077614
1.59860149343
1.59974137106
1.60020434123
1.6000212379
1.65001571289
1.64785892998
1.64516074595
1.64193969847
1.63821206575
1.63399205273
1.6292919647
1.62412235578
1.61849213416
1.61240859919
1.60587737689
1.59890221015
1.5914845502
1.58362288689
1.57531175185
1.56654033386
1.55729066703
1.54753539621
1.53723519857
1.52633605029
1.51476667452
1.50243668132
1.48923609184
1.47503708888
1.45969890067
1.44307664114
1.42503463832
1.40546424891
1.38430539787
1.36157018674
1.33736605279
1.31191536118
1.28556819817
1.25880562497
1.23223164364
1.20655324225
1.18254869161
1.16102474442
1.14276391721
1.12846504181
1.11868653365
1.11380337661
1.11398033631
1.1191643374
1.12909997878
1.14336434478
1.1614118674
1.18262231889
1.20634534777
1.2319374794
1.25879009181
1.2863485294
1.31412343358
1.3416957614
1.36871701412
1.39490606638
1.4200437758
1.4439663194
1.46655797915
1.48774390056
1.5074831815
1.52576251511
1.54259050841
1.55799272335
1.57200743497
1.58468206752
1.59607024917
1.60622941651
1.61521889685
1.62309839879
1.62992684604
1.63576149617
1.64065729302
1.64466640847
1.64783793629
1.65021770672
1.65184819631
1.65276851184
1.65301443196
1.65261849287
1.65161010795
1.69915776898
1.6962813535
1.69290137449
1.68903449682
1.68469521961
1.6798960797
1.67464784941
1.66895971952
1.66283945485
1.65629350401
1.64932703877
1.64194389032
1.6341463419
1.62593473041
1.61730680585
1.60825680103
1.59877417835
1.58884205254
1.57843534181
1.56751878106
1.55604503841
1.54395330599
1.53116887135
1.51760429002
1.50316283486
1.48774484752
1.47125742002
1.45362746503
1.43481770543
1.41484449332
1.393795781
1.37184717673
1.3492739781
1.32645742329
1.30388394237
1.28213644639
1.26187615874
1.24381240545
1.22865794794
1.2170717894
1.20959914613
1.20661902206
1.20830679746
1.21461978644
1.22531130507
1.23996757588
1.25805605415
1.2789753715
1.3021000552
1.32681653153
1.35254951733
1.37877942365
1.40505213026
1.43098273229
1.4562548187
1.48061665998
1.5038754451
1.52589046424
1.54656590807
1.56584376052
1.58369710125
1.6001240092
1.61514216331
1.62878416879
1.64109359091
1.65212164889
1.661924506
1.67056108477
1.67809133522
1.68457488713
1.69007002316
1.69463291628
1.69831708239
1.70117300615
1.7032479045
1.70458559885
1.70522647174
1.70520748901
1.70456227191
1.70332120738
1.70151158721
1.74618804966
1.74263806191
1.73863024007
1.73417888769
1.72929627574
1.72399285458
1.71827746498
1.71215754256
1.70563930672
1.69872792149
1.69142761022
1.68374170048
1.6756725689
1.66722145018
1.65838807121
1.6491700729
1.639562192
1.6295551974
1.61913461366
1.60827932261
1.59696021166
1.58513913204
1.57276852986
1.55979219947
1.54614765512
1.53177059177
1.51660178018
1.50059650007
1.48373627225
1.46604225995
1.44758937358
1.42851995799
1.40905606312
1.38950963339
1.37029008129
1.35190774537
1.33496871885
1.320152224
1.3081614245
1.29965056955
1.29514933468
1.29499852363
1.29930671222
1.30794120161
1.32056167039
1.33667824632
1.35571297422
1.37705280584
1.4000901957
1.42425163451
1.44901603053
1.47392509835
1.49858769808
1.52267975594
1.54594110146
1.56817029605
1.58921830049
1.60898163011
1.62739547425
1.6444271124
1.66006984048
1.67433752843
1.68725985998
1.69887825563
1.70924244623
1.7184076439
1.72643224588
1.7333760035
1.73929858897
1.7442584972
1.74831222525
1.75151367907
1.75391376373
1.75556012013
1.7564969771
1.75676509351
1.75640176965
1.75544091136
1.75391313409
1.75184589677
1.74926365809
1.79066016767
1.78648690231
1.78190842757
1.77693625235
1.77158002782
1.76584775859
1.75974601658
1.75328015411
1.74645451087
1.73927260608
1.73173730349
1.72385093204
1.71561534024
1.7070318577
1.69810113391
1.68882282517
1.67919510642
1.66921399959
1.6588725367
1.64815981669
1.63706007003
1.62555191313
1.61360804729
1.60119572173
1.58827832045
1.5748184255
1.5607826384
1.54614830106
1.53091206586
1.51510007876
1.49877945675
1.48207088533
1.46516259776
1.44832653091
1.43193722878
1.41649115962
1.40261609639
1.39104832119
1.38255395688
1.3778065104
1.37728525232
1.38120532387
1.38948062595
1.40174323649
1.41743716979
1.43592115386
1.4565438628
1.47868823525
1.5017938157
1.52536620775
1.54897959085
1.572275511
1.5949595309
1.61679654424
1.63760523806
1.6572520639
1.67564502074
1.69272750582
1.70847243892
1.72287681076
1.73595675395
1.74774318743
1.75827804739
1.7676110882
1.77579721685
1.78289431198
1.78896147209
1.79405763612
1.79824052101
1.80156582489
1.80408664926
1.8058530993
1.80691202709
1.80730688777
1.80707768388
1.80626097748
1.80488995373
1.80299452292
1.80060145105
1.79773451116
1.79441465027
1.83214446542
1.82740359786
1.8223156383
1.81688895423
1.8111302707
1.8050448716
1.79863680622
1.79190909959
1.78486396353
1.77750300306
1.76982740986
1.76183813083
1.75353599606
1.7449217865
1.73599621899
1.72675982583
1.71721270938
1.7073541618
1.69718215789
1.68669275676
1.67587948664
1.66473283487
1.65324001765
1.64138525311
1.62915079543
1.61651899492
1.60347562034
1.59001462088
1.57614444571
1.56189605141
1.54733293981
1.53256414768
1.51776215614
1.50318887248
1.48923254228
1.47645241949
1.46560942813
1.45762944347
1.45343712172
1.45370577714
1.4587471898
1.46847286721
1.48238514215
1.49966249279
1.51940486266
1.54079608654
1.56315908464
1.58595215869
1.6087459663
1.63119999462
1.65304424476
1.67406622268
1.69410174073
1.71302804508
1.73075822867
1.74723632647
1.76243280183
1.77634032103
1.78896980956
1.80034682201
1.81050826216
1.81949947945
1.82737175119
1.83418014383
1.83998173346
1.84483415617
1.8487944534
1.85191817518
1.85425870402
1.85586676418
1.85679008405
1.8570731827
1.8567572556
1.85588013823
1.85447632962
1.85257706153
1.85021040133
1.84740137959
1.84417213539
1.84054207431
1.83652803546
1.87023430605
1.86498810199
1.8594566612
1.85364497876
1.84755665798
1.84119409322
1.83455866007
1.82765091284
1.82047078787
1.81301780978
1.80529129527
1.79729054653
1.78901502309
1.78046447793
1.77163904104
1.76253923258
1.7531658895
1.74351999499
1.73360241183
1.72341353913
1.71295293834
1.7022190074
1.69120881976
1.67991828174
1.66834279212
1.65647860533
1.64432510574
1.63188821087
1.61918518637
1.60625138475
1.59315001492
1.57998731788
1.56693775185
1.55428665267
1.54249858966
1.53230924182
1.52479805244
1.52131384108
1.52307452752
1.53057792142
1.5436618947
1.56160516597
1.58314786579
1.6066812005
1.63090265494
1.65496070045
1.67835630564
1.70081159756
1.72217331751
1.74235512234
1.76130690391
1.77899985526
1.79541976992
1.81056422333
1.82444132494
1.83706891289
1.84847370936
1.85869028701
1.86775985483
1.87572893358
1.882648004
1.88857020129
1.89355011071
1.89764269925
1.90090240128
1.90338236213
1.90513383414
1.90620571304
1.90664419907
1.9064925657
1.90579101881
1.90457663001
1.90288332943
1.90074194506
1.89818027766
1.89522320215
1.89189278823
1.88820843451
1.88418701201
1.87984301398
1.87518871042
1.90455360616
1.89887194058
1.8929686077
1.88684513966
1.8805019535
1.87393850832
1.86715347159
1.86014489555
1.85291040328
1.8454473832
1.83775318888
1.82982533889
1.82166170907
1.81326070704
1.80462141635
1.79574369656
1.78662822558
1.77727647398
1.76769060784
1.75787332874
1.7478276769
1.73755684647
1.72706408826
1.71635280407
1.70542696376
1.69429200296
1.68295639398
1.67143415672
1.65974876913
1.64793942281
1.63607169806
1.62425711632
1.61269048951
1.60172075266
1.59197630705
1.58455238523
1.58118617813
1.58411801144
1.59507314254
1.61365171279
1.63853501827
1.6678730778
1.69913487691
1.72935841326
1.75713986391
1.7821415885
1.80449865544
1.82449151214
1.84240697336
1.85849161652
1.8729436557
1.88591865029
1.89753884094
1.90790220181
1.91708991407
1.92517202402
1.93221145785
1.93826669694
1.94339343155
1.94764547588
1.95107517684
1.95373349676
1.95566990351
1.95693216294
1.95756609797
1.95761535526
1.95712120341
1.9561223749
1.95465495567
1.95275232104
1.95044511406
1.94776126017
1.94472601232
1.94136202004
1.93768941722
1.93372592356
1.92948695587
1.92498574616
1.92023346417
1.91523934315
1.91001080805
1.93476544407
1.92872638652
1.92252876135
1.91617070463
1.90964952704
1.9029618399
1.89610369233
1.88907072046
1.88185830935
1.87446176729
1.86687651077
1.85909825696
1.85112321854
1.84294829354
1.83457124113
1.82599083237
1.81720696487
1.80822073159
1.79903443777
1.78965156774
1.78007671429
1.77031549902
1.76037453098
1.75026147287
1.7399853102
1.72955695252
1.71899035639
1.70830449547
1.69752683364
1.68669975998
1.67589331767
1.66523170072
1.6549494636
1.64550849731
1.63782611426
1.63366053898
1.63606072108
1.64921603709
1.67583351364
1.71190032837
1.75381179869
1.79821994366
1.84070153695
1.87559046457
1.90315100811
1.92492350308
1.94233691947
1.95646722231
1.968081693
1.97772126411
1.98576802318
1.99249376837
1.99809404604
2.00271195765
2.00645479323
2.0094055909
2.01163108852
2.0131871126
2.01412215846
2.01447970778
2.014299678
2.01361928671
2.01247353231
2.01089543191
2.0089161138
2.00656482984
2.00386893054
2.00085382967
1.99754297406
1.99395782696
1.99011786831
1.98604061243
1.98174164169
1.97723465406
1.97253152192
1.96764235991
1.96257559942
1.95733806836
1.9519350747
1.94637049334
1.94064685592
1.9605813749
1.95427113688
1.94786274432
1.94135116838
1.93473084159
1.92799575002
1.92113953812
1.91415562744
1.90703735009
1.89977809733
1.89237148249
1.88481151641
1.87709279196
1.86921067264
1.86116147828
1.85294265973
1.84455295319
1.83599250528
1.82726296197
1.8183675187
1.80931093609
1.80009953599
1.79074120643
1.78124546144
1.77162362698
1.76188926453
1.75205902787
1.74215434363
1.73220478722
1.72225520865
1.71238152881
1.70272686396
1.69358475838
1.6855875338
1.68011181645
1.68006498592
1.69107219478
1.72188904242
1.77796901415
1.84119788595
1.90598066409
1.96853345704
2.02192662467
2.05285872368
2.07120860787
2.08238431597
2.08919259139
2.09318364036
2.09528075465
2.09606318041
2.09590428101
2.09504752509
2.09365243013
2.0918239071
2.08963148519
2.08712201499
2.08432805263
2.08127334767
2.07797638035
2.07445258624
2.07071570337
2.06677853986
2.06265336634
2.05835207299
2.0538861856
2.049266804
2.04450450401
2.03960922879
2.03459018533
2.02945575453
2.02421341876
2.01886970792
2.01343016328
2.0078993173
2.00228068745
1.99657678189
1.990789115
1.98491823124
1.97896373606
1.97292433316
1.96679786757
1.98177089287
1.9752829977
1.96875256138
1.96217178017
1.95553257832
1.94882666633
1.94204561308
1.93518093325
1.92822419084
1.92116711941
1.91400175899
1.90672060855
1.89931679193
1.89178423375
1.88411784012
1.87631367803
1.86836914565
1.86028312589
1.85205611601
1.84369032837
1.83518976182
1.82656024988
1.81780950195
1.80894716864
1.79998498624
1.79093710215
1.78182078651
1.7726579872
1.76347881901
1.75432968631
1.74529281078
1.73653413524
1.72842156256
1.72181409656
1.71874838244
1.72397125818
1.74794710736
1.81075261524
1.92962570705
2.02920788438
2.11918322071
2.20005333298
2.26190890054
2.26179345139
2.25519329359
2.24651748338
2.23693272349
2.22699138712
2.21703392401
2.20726450378
2.1977908932
2.18865707044
2.17986783203
2.17140567576
2.16324172266
2.15534251406
2.1476740911
2.14020432128
2.13290410601
2.12574788247
2.11871368965
2.11178297553
2.10494026195
2.098172743
2.09146986555
2.08482292217
2.07822467376
2.07166901104
2.06515065835
2.05866491952
2.05220746362
2.04577414689
2.03936086693
2.03296344494
2.02657753207
2.02019853626
2.01382156665
2.00744139265
2.00105241599
1.99464865401
1.98822373325
1.99817033066
1.99160394998
1.98504396799
1.9784803362
1.97190296393
1.96530174525
1.95866660085
1.95198753575
1.94525471391
1.93845855024
1.93158982028
1.92463978717
1.9176003444
1.9104641722
1.90322490366
1.89587729588
1.88841740006
1.88084272389
1.87315237941
1.86534721057
1.85742989731
1.84940503725
1.84127921364
1.83306107092
1.82476144281
1.81639362855
1.80797403215
1.79952367881
1.79107189511
1.78266546224
1.77439189638
1.76643968591
1.75925584397
1.75395900431
1.75341144685
1.76492068783
1.80681200285
1.92688616224
2.04800813074
2.16180038308
2.26737063831
2.36265859867
2.43914874007
2.47330982164
2.43177577892
2.39942563801
2.37137647085
2.34634038756
2.32378379678
2.30334421738
2.28472145023
2.26765820612
2.25193431918
2.23736217186
2.22378224186
2.21105902228
2.19907745313
2.18773985743
2.17696332073
2.16667744697
2.1568224326
2.14734741214
2.13820903739
2.12937025928
2.12079928581
2.11246869353
2.10435467233
2.09643638584
2.08869543142
2.08111538592
2.07368142456
2.0663800021
2.05919858674
2.05212543863
2.04514942579
2.03825987164
2.03144642912
2.0246989774
2.01800753786
2.01136220685
2.00475310342
2.00969039979
2.00314789617
1.99665254502
1.99019269183
1.98375681866
1.97733354503
1.97091164407
1.96448007448
1.95802802935
1.95154500225
1.94502087096
1.938445999
1.93181135384
1.92510864048
1.91833044764
1.91147040298
1.9045233325
1.89748541873
1.89035435143
1.88312946524
1.87581185973
1.86840450024
1.86091230391
1.85334222588
1.84570338385
1.83800731185
1.83026856242
1.82250620784
1.81474766162
1.80703858381
1.79946903042
1.79224378374
1.78587500374
1.78171863515
1.78347871534
1.80130011266
1.86086212187
1.99906810573
2.12781837254
2.2496932264
2.36423607126
2.46876067661
2.55546559725
2.60436434546
2.56503915293
2.51866150084
2.47589817712
2.43824388246
2.40520104579
2.37600017144
2.34996252013
2.32654353246
2.30531227702
2.28592533393
2.26810589829
2.25162841196
2.23630734471
2.22198888237
2.20854464455
2.19586684373
2.18386449175
2.17246038499
2.16158868097
2.15119293234
2.14122448034
2.13164113457
2.12240608312
2.11348698979
2.10485524419
2.09648533746
2.08835434147
2.08044147373
2.07272773314
2.06519559475
2.05782875346
2.05061190856
2.04353058259
2.03657096899
2.02971980423
2.02296426111
2.01629186053
2.0163215753
2.00990538574
2.00356786239
1.99729644962
1.99107884614
1.98490298713
1.97875704091
1.97262942077
1.96650881272
1.96038421963
1.95424502224
1.94808105724
1.94188271194
1.93564103469
1.92934785905
1.92299593922
1.91657909289
1.91009234721
1.9035320825
1.89689616871
1.89018408968
1.88339705264
1.87653808466
1.86961212727
1.86262616254
1.85558945536
1.84851412798
1.84141662255
1.83432151538
1.82727161899
1.82035518688
1.81378066005
1.80808731907
1.80476053487
1.80813609731
1.83194567568
1.92634197376
2.04854375517
2.17523390937
2.29931569787
2.417566913
2.52628471972
2.61783764493
2.67529557329
2.66623696188
2.59304817482
2.53755760802
2.49185455612
2.4527191459
2.41850622996
2.38819434302
2.36106563344
2.33658051236
2.31431837581
2.29394417502
2.27518701995
2.25782538104
2.2416763739
2.22658777251
2.21243193305
2.19910109709
2.18650371272
2.17456152013
2.16320722026
2.15238259378
2.14203697248
2.13212598894
2.1226105484
2.11345597905
2.10463132699
2.09610876876
2.08786312027
2.07987142481
2.0721126063
2.06456717661
2.05721698773
2.05004502155
2.04303521101
2.03617228812
2.02944165471
2.02282927328
2.01813662226
2.01194570135
2.00585518732
1.99985234452
1.99392474456
1.98806023767
1.98224693726
1.97647321804
1.97072772848
1.96499941804
1.95927757973
1.95355190829
1.94781257398
1.9420503113
1.93625652167
1.930423388
1.92454399844
1.91861247595
1.91262410939
1.90657548157
1.9004645901
1.89429095786
1.88805573368
1.88176179207
1.87541386058
1.86901875265
1.86258590811
1.85612876981
1.84966839615
1.84324307959
1.83693430291
1.83093784122
1.82576166951
1.82278479317
1.82584206088
1.84556055584
1.90891048505
2.05313803722
2.18600361684
2.31190409705
2.43068646095
2.53908985336
2.62911063266
2.6820246122
2.64191945492
2.59152371057
2.54341779394
2.50015373613
2.46170675852
2.42748201011
2.3968418055
2.36922896726
2.34418186342
2.32132300938
2.3003436331
2.2809898714
2.26305159233
2.24635361619
2.2307488696
2.21611303618
2.20234035133
2.18934027183
2.17703481716
2.16535643075
2.15424624679
2.14365267635
2.13353024672
2.12383864352
2.11454191597
2.10560781448
2.09700723627
2.08871375923
2.08070324871
2.07295352436
2.06544407687
2.05815582631
2.05107091529
2.04417253139
2.03744475455
2.03087242579
2.02444103451
2.01528974713
2.00941585092
2.00365433721
1.99799297558
1.99241983319
1.98692324357
1.98149178636
1.97611427841
1.97077977692
1.9654775952
1.96019733161
1.95492891212
1.94966264679
1.94438929972
1.93910017213
1.93378719708
1.92844304393
1.9230612301
1.91763623668
1.91216362432
1.90664014579
1.90106385224
1.89543419336
1.88975211832
1.88402020224
1.8782428665
1.87242687345
1.86658256825
1.86072711509
1.8548930562
1.84915117343
1.84367209722
1.83889349269
1.83597456345
1.8380200846
1.85327751013
1.90302003306
2.04125401791
2.16817270563
2.29002518986
2.4048916212
2.50803211344
2.5900437752
2.6351845124
2.58705098563
2.54339637954
2.50348369716
2.46716890442
2.43419354275
2.40421267953
2.37686996035
2.35183621629
2.32882208632
2.3075785763
2.28789313577
2.26958459937
2.25249829418
2.23650173613
2.22148099004
2.20733764175
2.19398629521
2.18135250578
2.16937107111
2.15798461376
2.14714240175
2.13679936344
2.12691526183
2.11745399989
2.10838303414
2.09967287784
2.09129667875
2.08322985902
2.07544980701
2.0679356126
2.06066783915
2.05362832627
2.04680001873
2.04016681761
2.03371345046
2.02742535807
2.02128859568
2.00801211912
2.00253624148
1.9971754819
1.99191871519
1.98675505011
1.98167380279
1.97666447813
1.97171675996
1.96682051043
1.96196577948
1.95714282495
1.95234214398
1.94755451605
1.94277105775
1.93798328907
1.93318321046
1.92836338936
1.92351705448
1.91863819533
1.91372166425
1.90876327803
1.90375991678
1.89870961989
1.8936116849
1.88846678975
1.88327719646
1.87804718949
1.87278414797
1.86750129407
1.86222485101
1.85701281843
1.85200440515
1.84755029563
1.84455505115
1.84537335621
1.85617333034
1.89359733879
2.00809934167
2.11550501047
2.23013902025
2.33763858389
2.43014044434
2.49347830675
2.52772798338
2.48588962891
2.45401406459
2.42618143139
2.40051805027
2.37644758627
2.35378015185
2.33242594367
2.31231279912
2.2933670144
2.27551198467
2.25867070329
2.24276824645
2.22773344754
2.2134998096
2.20000586952
2.18719520952
2.17501625908
2.16342198268
2.15236951465
2.14181977871
2.13173711456
2.12208892397
2.11284534282
2.10397894166
2.09546445486
2.08727853733
2.07939954697
2.07180735055
2.06448315069
2.05740933174
2.05056932241
2.04394747306
2.03752894605
2.03129961757
2.02524598965
2.01935511134
2.01361450812
1.99660381543
1.99159308432
1.98669194209
1.9818908426
1.97718036986
1.9725512214
1.9679941965
1.96350019017
1.95906019338
1.95466530069
1.95030672575
1.9459758256
1.94166413414
1.93736340526
1.93306566558
1.92876327661
1.92444900555
1.92011610357
1.91575838994
1.91137034004
1.90694717498
1.90248495117
1.89798064971
1.89343227031
1.88883894639
1.88420112865
1.87952096116
1.87480317006
1.87005728596
1.86530330637
1.86058619092
1.85601290974
1.85184648838
1.84874143318
1.84831841759
1.85449976555
1.87621780706
1.92960543
2.0030794268
2.12574383511
2.22404548968
2.30003670404
2.31794066509
2.34013718947
2.34100028416
2.33399562334
2.32347131152
2.31111582319
2.2977676995
2.28393147927
2.26993974249
2.25601709751
2.24231407335
2.22892906008
2.21592369121
2.20333383213
2.19117742271
2.17946004855
2.16817888183
2.15732546043
2.14688764216
2.13685097507
2.12719965389
2.1179171835
2.10898683449
2.10039195134
2.09211615595
2.08414347717
2.07645842794
2.06904604564
2.06189190663
2.05498212303
2.04830332728
2.04184264846
2.03558768335
2.02952646421
2.02364742464
2.01793936474
2.01239141615
2.00699300777
2.00173383248
1.98142256405
1.97692786453
1.97253028425
1.9682221753
1.96399589314
1.95984379298
1.95575822808
1.95173155051
1.9477561157
1.94382429132
1.93992847167
1.93606109809
1.93221468633
1.92838186122
1.92455539907
1.92072827779
1.91689373445
1.91304532969
1.9091770179
1.90528322188
1.9013589105
1.89739967813
1.89340182589
1.88936244851
1.88527953998
1.88115215504
1.87698072264
1.87276775604
1.86851957367
1.86425056463
1.85999379216
1.85582716448
1.85193699017
1.84876788525
1.84735803001
1.85001093698
1.86128807625
1.88779774686
1.93015544358
1.99378212819
2.05945189169
2.11758237401
2.15562521967
2.18438349051
2.20163659372
2.21043593917
2.21349010007
2.21263290398
2.20907291572
2.20362939462
2.19687700594
2.18922932437
2.18098877227
2.17237842724
2.16356348141
2.15466632456
2.14577742335
2.13696329279
2.12827239607
2.11973954174
2.11138917925
2.10323788062
2.09529621735
2.08757018567
2.08006229292
2.07277238832
2.06569830028
2.05883632644
2.0521816112
2.04572843684
2.03947044799
2.03340082456
2.02751241436
2.02179783447
2.01624954783
2.01085992047
2.00562126334
2.00052586202
1.99556599679
1.99073395513
1.98602203841
1.96286994769
1.9589244677
1.9550582448
1.95126568084
1.94754104965
1.94387850723
1.94027210089
1.9367157785
1.93320339882
1.92972874378
1.92628553385
1.92286744719
1.91946814341
1.91608129257
1.91270060996
1.9093198969
1.9059330876
1.90253430192
1.89911790338
1.89567856176
1.89221131941
1.8887116603
1.88517558237
1.88159967589
1.87798121807
1.87431831197
1.87061014142
1.86685752087
1.86306417919
1.85923984107
1.85540763809
1.85162171445
1.84800800487
1.84485463901
1.84279741705
1.84314577228
1.8482602747
1.86132710449
1.88420679265
1.91844546008
1.95862656222
1.99890961597
2.03325544321
2.06169001632
2.08349113266
2.09920321167
2.10986394777
2.11651054194
2.12002055443
2.12109577909
2.12028783346
2.11802903355
2.11465876915
2.11044417436
2.10559600046
2.10028080703
2.09463037674
2.08874902693
2.08271931464
2.07660650471
2.07046208073
2.0643265122
2.05823144208
2.05220142143
2.04625528906
2.04040727229
2.03466786788
2.02904454908
2.02354233475
2.01816424861
2.01291169054
2.00778473749
2.00278238743
1.99790275741
1.99314324417
1.98850065432
1.98397130957
1.97955113147
1.97523570937
1.97102035447
1.96690014261
1.94137595666
1.93799475918
1.93467120067
1.93140171967
1.92818250817
1.9250095339
1.9218785596
1.91878516036
1.91572473997
1.9126925474
1.90968369424
1.90669317406
1.9037158844
1.90074665222
1.89778026321
1.89481149564
1.89183515883
1.88884613629
1.8858394336
1.88281023034
1.87975393591
1.87666624865
1.87354321882
1.87038131756
1.86717751965
1.86392942047
1.86063543884
1.85729523187
1.85391062336
1.8504877536
1.84704206949
1.84360972085
1.84027274302
1.83721170461
1.83480582281
1.83379180437
1.83542206002
1.84136878841
1.85304894391
1.87133549216
1.89477741266
1.92072499901
1.94612979306
1.96944445001
1.98963676429
2.0063229956
2.01958747057
2.02975322412
2.0372268266
2.04241674213
2.04569750831
2.04739767798
2.04779878737
2.0471389195
2.04561783843
2.04340234056
2.04063125364
2.0374198747
2.03386380337
2.03004219954
2.02602052404
2.02185282974
2.01758366926
2.01324967976
2.00888089803
2.00450185143
2.00013246322
1.99578880435
1.9914837184
1.98722734158
1.98302753601
1.97889025096
1.97481982439
1.97081923475
1.96689031131
1.96303390978
1.95925005887
1.95553808245
1.95189670112
1.94832411658
1.94481808142
1.91738290847
1.91456353258
1.91177801618
1.90902467471
1.9063014857
1.9036061199
1.90093596831
1.89828816589
1.89565961309
1.89304699604
1.89044680628
1.88785536101
1.88526882435
1.88268323055
1.88009450969
1.87749851631
1.87489106145
1.87226794822
1.86962501115
1.86695815906
1.86426342142
1.86153699811
1.85877531297
1.85597507296
1.8531333386
1.85024762023
1.84731603618
1.84433761886
1.84131296921
1.83824571444
1.83514576986
1.83203650265
1.82896987237
1.82605646642
1.82351915807
1.82177229927
1.82149571475
1.82360505278
1.8290132263
1.83835687529
1.851401774
1.86713589588
1.88411302047
1.90111757211
1.91720037675
1.93174158948
1.94442652758
1.95516711953
1.96401929071
1.97111878316
1.97663820109
1.98076078712
1.98366553952
1.98551944392
1.98647396689
1.98666401351
1.98620825444
1.98521016723
1.98375940558
1.98193327229
1.97979816997
1.97741096255
1.97482021597
1.97206730734
1.9691874038
1.96621031846
1.96316125434
1.96006144792
1.95692872416
1.95377797401
1.95062156467
1.94746969154
1.94433067989
1.94121124321
1.93811670436
1.93505118451
1.93201776457
1.9290186229
1.92605515251
1.92312806073
1.9202374538
1.8913297744
1.88905377116
1.88678712616
1.88452975485
1.88228118042
1.8800405697
1.87780676445
1.87557830908
1.87335347548
1.8711302858
1.868906534
1.86667980683
1.86444750491
1.8622068646
1.85995498111
1.85768883349
1.85540531177
1.85310124666
1.85077344192
1.8484187096
1.84603390806
1.84361598301
1.84116201184
1.83866925285
1.83613520317
1.83355767579
1.83093492003
1.8282658426
1.82555045868
1.82279085764
1.81999328599
1.81717255345
1.81436097361
1.81162531783
1.80909565806
1.80700601113
1.80573224152
1.8057876254
1.80773366265
1.81203023945
1.81879603449
1.82773917207
1.83824866531
1.84962831244
1.86121999942
1.87248393246
1.88303124769
1.89261760832
1.9011167123
1.90848902085
1.91475379089
1.91996714721
1.92420616822
1.92755792612
1.93011225244
1.93195716351
1.93317612338
1.93384654541
1.9340391102
1.93381760819
1.93323910795
1.93235431637
1.93120804162
1.92983970097
1.92828383624
1.92657061404
1.92472629751
1.92277368239
1.92073249467
1.91861974935
1.91645007167
1.91423598302
1.91198815413
1.90971562847
1.90742601875
1.90512567918
1.90281985615
1.90051281975
1.89820797819
1.89590797731
1.89361478671
1.86363786938
1.86187309803
1.86009366088
1.8583007164
1.85649501827
1.85467695161
1.85284656503
1.85100359943
1.84914751396
1.84727750997
1.84539255329
1.84349139566
1.84157259557
1.83963453925
1.83767546209
1.83569347099
1.83368656796
1.83165267528
1.82958966238
1.82749537466
1.82536766431
1.82320442329
1.82100361888
1.81876333281
1.81648180688
1.81415750197
1.81178918663
1.80937609253
1.80691821808
1.80441695488
1.80187639247
1.79930598439
1.79672576612
1.79417588445
1.79173222552
1.78952787326
1.78777378222
1.78676209832
1.78683301381
1.78830345242
1.79135986489
1.79599094092
1.80199045864
1.80902957347
1.81672924163
1.82472028828
1.83268326348
1.84036692289
1.84759033566
1.85423540396
1.86023535926
1.86556274498
1.87021865919
1.87422390821
1.8776121141
1.88042454829
1.88270637791
1.88450401683
1.88586331424
1.88682836418
1.88744076673
1.88773921213
1.88775929149
1.88753346285
1.88709112087
1.88645873268
1.88566001312
1.88471612086
1.88364586214
1.88246589358
1.88119091822
1.87983387115
1.87840609277
1.87691748862
1.87537667554
1.87379111425
1.87216722911
1.87051051558
1.86882563629
1.86711650665
1.86538637091
1.83469868713
1.8334021422
1.83206829054
1.83069913615
1.82929630734
1.82786108922
1.8263944533
1.82489708462
1.82336940692
1.82181160602
1.82022365198
1.81860532027
1.81695621238
1.81527577605
1.8135633257
1.81181806293
1.81003909774
1.80822547028
1.80637617353
1.80449017688
1.80256645073
1.8006039922
1.7986018522
1.79655916473
1.79447518015
1.79234930723
1.79018117442
1.78797073414
1.78571846041
1.78342574509
1.78109569982
1.77873474685
1.77635563936
1.77398281343
1.7716609383
1.76946652481
1.76751964708
1.76598862198
1.76507863775
1.76500010518
1.76591888472
1.76791259953
1.77095269429
1.77491860728
1.77962705761
1.78486493997
1.79041795697
1.79609084904
1.80171867073
1.80717077937
1.81234991931
1.81718856405
1.82164410168
1.82569386331
1.82933054078
1.83255823588
1.83538920254
1.83784124628
1.83993570162
1.84169589435
1.84314599782
1.84431020241
1.84521212883
1.84587442906
1.84631852896
1.84656447675
1.84663086917
1.84653483368
1.84629205002
1.84591679874
1.84542202716
1.84481942593
1.84411951093
1.843331707
1.84246443082
1.84152517107
1.840520565
1.83945647026
1.83833803201
1.83716974488
1.83595551
1.80486442519
1.80398534022
1.80304828497
1.80205570903
1.80100975222
1.79991227048
1.79876486047
1.79756888307
1.796325486
1.79503562554
1.79370008761
1.79231950832
1.79089439415
1.78942514187
1.78791205821
1.7863553796
1.78475529169
1.78311194898
1.78142549437
1.77969607856
1.77792387944
1.77610912116
1.77425209333
1.7723531704
1.77041283289
1.76843169298
1.76641053175
1.76435036244
1.762252551
1.76011905634
1.75795291006
1.75575914987
1.753546553
1.75133064065
1.74913839708
1.74701467018
1.7450289676
1.74327949246
1.74189010419
1.74099713331
1.74072634652
1.74116804096
1.74235988069
1.74428320826
1.7468703791
1.75001854987
1.7536053856
1.75750325669
1.76159007575
1.76575632569
1.76990871761
1.77397129595
1.77788484112
1.78160528298
1.78510164912
1.78835389678
1.7913508381
1.79408827044
1.79656735809
1.79879327257
1.80077407638
1.80251982387
1.80404184961
1.80535221411
1.80646327935
1.80738738983
1.80813663798
1.80872269655
1.80915670347
1.80944918724
1.80961002352
1.80964841518
1.80957288983
1.80939131017
1.80911089335
1.80873823655
1.8082793467
1.80773967241
1.80712413724
1.80643717313
1.80568275343
)
;

boundaryField
{
    left
    {
        type            cyclic;
    }
    right
    {
        type            cyclic;
    }
    bottom
    {
        type            cyclic;
    }
    top
    {
        type            cyclic;
    }
    frontAndBack
    {
        type            empty;
    }
}


// ************************************************************************* //
