/*--------------------------------*- C++ -*----------------------------------*\
| =========                 |                                                 |
| \\      /  F ield         | OpenFOAM: The Open Source CFD Toolbox           |
|  \\    /   O peration     | Version:  v2106                                 |
|   \\  /    A nd           | Website:  www.openfoam.com                      |
|    \\/     M anipulation  |                                                 |
\*---------------------------------------------------------------------------*/
FoamFile
{
    version     2.0;
    format      ascii;
    arch        "LSB;label=32;scalar=64";
    class       volScalarField;
    location    "2500";
    object      T;
}
// * * * * * * * * * * * * * * * * * * * * * * * * * * * * * * * * * * * * * //

dimensions      [0 0 0 1 0 0 0];

internalField   nonuniform List<scalar> 
6561
(
1.76807276201
1.76755423256
1.76695934005
1.76629061813
1.76555038574
1.76474076463
1.76386369757
1.76292096703
1.76191421414
1.76084495807
1.75971461555
1.75852452061
1.75727594439
1.75597011498
1.75460823702
1.75319151122
1.75172115326
1.75019841218
1.74862458775
1.74700104683
1.74532923825
1.74361070603
1.74184710091
1.74004019017
1.73819186653
1.73630415787
1.73437924215
1.73241947664
1.73042746031
1.7284061666
1.7263592153
1.72429140388
1.72220968685
1.72012485459
1.71805415042
1.71602484463
1.71407821856
1.71227255367
1.71068305013
1.70939682742
1.70850257692
1.70807737298
1.7081748202
1.70881809402
1.70999876152
1.7116804243
1.71380536238
1.71630226815
1.71909357575
1.72210149798
1.72525243528
1.72847980483
1.73172554261
1.73494060153
1.73808475608
1.74112597355
1.74403954952
1.74680714793
1.74941583821
1.75185718617
1.75412642935
1.75622175042
1.75814365068
1.75989441936
1.76147769041
1.76289807704
1.76416087386
1.76527181667
1.76623689107
1.7670621816
1.76775375463
1.76831756874
1.76875940767
1.7690848315
1.76929914244
1.76940736243
1.76941422001
1.76932414468
1.76914126695
1.76886942305
1.76851216309
1.73732339856
1.73710983294
1.73680382744
1.73640767529
1.73592356914
1.73535361028
1.73469982024
1.73396415432
1.73314851704
1.73225477902
1.73128479524
1.7302404242
1.72912354789
1.72793609221
1.72668004735
1.72535748799
1.72397059267
1.72252166197
1.72101313495
1.71944760331
1.7178278228
1.71615672119
1.71443740255
1.7126731476
1.71086741019
1.70902381116
1.7071461319
1.70523831364
1.70330447369
1.70134896086
1.69937649005
1.69739242377
1.69540330509
1.69341777927
1.69144803869
1.68951182595
1.68763477373
1.68585245689
1.68421116089
1.68276633199
1.68157819544
1.68070518792
1.68019685363
1.68008805911
1.68039566735
1.68111792802
1.68223616311
1.68371797185
1.68552112475
1.68759746359
1.68989635424
1.69236746342
1.69496280299
1.69763809475
1.70035356451
1.70307429146
1.70577023319
1.70841602968
1.71099066869
1.71347707493
1.71586166761
1.71813391713
1.72028592064
1.72231200814
1.72420838535
1.72597281546
1.72760433945
1.72910303313
1.73046979811
1.73170618343
1.73281423458
1.7337963667
1.73465525886
1.73539376664
1.73601485061
1.73652151829
1.73691677793
1.73720360221
1.73738490049
1.73746349846
1.73744212402
1.70645461101
1.70648979606
1.70641860633
1.7062428483
1.70596435127
1.70558496932
1.70510658704
1.70453112885
1.70386057134
1.70309695855
1.7022424194
1.70129918716
1.70026962036
1.69915622461
1.69796167476
1.69668883683
1.69534078884
1.69392083993
1.69243254684
1.69087972685
1.68926646638
1.68759712429
1.68587632921
1.68410897023
1.68230018082
1.68045531625
1.67857992629
1.67667972648
1.6747605753
1.6728284707
1.67088958944
1.66895040866
1.6670179683
1.6651003521
1.66320746561
1.6613521467
1.65955152724
1.65782837289
1.65621192759
1.65473770595
1.65344583742
1.65237801797
1.65157363819
1.65106594007
1.65087896444
1.65102574134
1.65150782311
1.65231598173
1.65343173632
1.65482933963
1.65647789766
1.6583433822
1.66039038811
1.66258356567
1.66488871592
1.66727357292
1.66970831603
1.67216586207
1.67462198638
1.67705531667
1.67944723678
1.68178173023
1.68404518678
1.68622618967
1.68831529609
1.69030482014
1.69218862433
1.69396192334
1.69562110264
1.69716355285
1.69858752017
1.69989197268
1.70107648184
1.70214111824
1.70308636078
1.70391301812
1.70462216141
1.70521506736
1.70569317057
1.70605802452
1.70631127006
1.67562492807
1.67585564316
1.67596787508
1.67596277339
1.67584163392
1.67560589529
1.67525714065
1.67479710418
1.67422768183
1.67355094595
1.67276916336
1.67188481611
1.67090062448
1.66981957141
1.66864492757
1.66738027614
1.66602953632
1.66459698441
1.66308727126
1.66150543487
1.65985690681
1.65814751113
1.6563834548
1.65457130853
1.65271797741
1.65083066148
1.64891680684
1.64698404983
1.64504015899
1.64309298317
1.64115042078
1.63922043327
1.6373111377
1.63543102362
1.63358934222
1.63179669791
1.63006581938
1.62841239583
1.62685575717
1.62541910768
1.62412905361
1.62301433063
1.62210387545
1.62142458271
1.62099915167
1.62084436442
1.62097000039
1.62137844146
1.6220648996
1.62301812476
1.624221424
1.6256538321
1.62729130343
1.62910783218
1.63107644311
1.63317002483
1.63536199861
1.6376268304
1.63994040195
1.64228026069
1.64462576923
1.64695817407
1.64926061146
1.65151806575
1.65371729333
1.65584672264
1.65789633897
1.6598575607
1.66172311215
1.66348689711
1.66514387593
1.66668994819
1.66812184249
1.66943701433
1.67063355249
1.67171009434
1.67266574993
1.67350003498
1.67421281225
1.67480424119
1.67527473549
1.64494793841
1.64532554178
1.64557398452
1.64569366432
1.64568524083
1.64554962951
1.64528800164
1.64490178995
1.64439269964
1.64376272413
1.64301416516
1.64214965641
1.64117219001
1.6400851449
1.63889231609
1.6375979436
1.63620673973
1.63472391311
1.63315518802
1.63150681726
1.6297855867
1.62799881001
1.62615431181
1.62426039805
1.62232581258
1.62035967961
1.61837143255
1.6163707309
1.61436736869
1.61237118051
1.61039195505
1.60843937114
1.60652297806
1.60465224805
1.60283673178
1.60108634087
1.59941175751
1.59782492761
1.59633953789
1.59497132961
1.5937380939
1.59265924514
1.59175497054
1.59104506322
1.59054761891
1.59027779315
1.59024678382
1.59046114304
1.59092245555
1.59162736357
1.59256788016
1.59373191397
1.59510392642
1.59666564989
1.59839680984
1.60027580879
1.60228034472
1.60438794838
1.60657643345
1.6088242601
1.61111081708
1.61341662996
1.61572350473
1.61801461603
1.62027454943
1.62248930631
1.62464627917
1.62673420425
1.6287430975
1.63066417894
1.63248978963
1.63421330484
1.63582904609
1.63733219459
1.63871870753
1.63998523887
1.64112906541
1.64214801904
1.64304042553
1.64380505028
1.64444105115
1.61449715438
1.61497865635
1.61532133313
1.61552480395
1.61558905252
1.61551442111
1.61530161126
1.61495169101
1.61446610815
1.61384670909
1.61309576277
1.61221598879
1.61121058898
1.61008328119
1.60883833404
1.60748060126
1.6060155537
1.60444930733
1.60278864494
1.60104102961
1.59921460745
1.59731819772
1.59536126805
1.59335389328
1.59130669665
1.58923077283
1.58713759316
1.58503889465
1.58294655581
1.58087246427
1.57882838375
1.57682583128
1.5748759795
1.57298960262
1.57117708728
1.56944852667
1.56781390633
1.56628336876
1.5648675147
1.5635776696
1.56242602791
1.56142559795
1.56058990792
1.55993248618
1.55946617838
1.55920239369
1.55915037935
1.55931660822
1.55970433746
1.56031336554
1.56113998738
1.5621771261
1.56341460789
1.56483954049
1.56643675669
1.56818928804
1.57007884009
1.57208624711
1.57419189051
1.57637607121
1.57861933026
1.58090271648
1.58320800174
1.58551784737
1.58781592552
1.59008700076
1.59231697717
1.59449291605
1.59660302969
1.59863665576
1.60058421673
1.60243716832
1.60418794029
1.6058298726
1.60735714938
1.6087647329
1.61004829917
1.61120417665
1.61222928918
1.61312110395
1.61387758523
1.58431170365
1.58486037848
1.58526118374
1.58551299165
1.58561512505
1.58556735437
1.5853699017
1.58502345179
1.58452916978
1.58388872512
1.58310432113
1.58217872938
1.58111532785
1.57991814151
1.57859188399
1.57714199815
1.57557469386
1.57389698027
1.57211669029
1.57024249437
1.56828390099
1.56625124107
1.56415563405
1.56200893355
1.55982365137
1.55761285939
1.55539006978
1.55316909558
1.55096389463
1.54878840186
1.54665635671
1.54458113446
1.54257559294
1.54065194814
1.53882169389
1.53709558013
1.53548365945
1.53399540184
1.53263986195
1.53142586606
1.53036217233
1.52945755455
1.52872077031
1.52816039646
1.52778454114
1.52760046503
1.527614159
1.52782992949
1.52825003743
1.52887442521
1.52970055184
1.53072334255
1.53193524725
1.53332639416
1.53488481959
1.53659675301
1.53844693653
1.54041896002
1.54249559557
1.54465911833
1.54689160381
1.5491751951
1.55149233559
1.55382596556
1.55615968256
1.55847786682
1.56076577418
1.56300959953
1.56519651423
1.56731468119
1.56935325116
1.57130234388
1.57315301735
1.57489722828
1.57652778643
1.57803830544
1.57942315203
1.58067739564
1.58179675987
1.58277757717
1.58361674776
1.55440238993
1.55498800943
1.55541700369
1.55568757537
1.55579844636
1.55574885998
1.55553859068
1.55516796094
1.55463786541
1.55394980176
1.55310590762
1.55210900278
1.55096263531
1.54967113029
1.54823963918
1.54667418754
1.54498171885
1.54317013117
1.54124830388
1.53922611103
1.5371144181
1.53492505905
1.53267079107
1.53036522475
1.52802272863
1.52565830799
1.5232874589
1.5209260002
1.51858988732
1.51629501328
1.51405700386
1.51189101488
1.50981154118
1.50783224769
1.50596583397
1.50422394289
1.50261712214
1.50115484233
1.49984556762
1.498696865
1.49771552932
1.49690769509
1.49627890664
1.49583412556
1.49557766577
1.49551306033
1.49564287586
1.49596849825
1.49648991646
1.49720552977
1.49811199936
1.4992041581
1.50047498584
1.50191565052
1.50351561039
1.50526276844
1.50714366802
1.50914371752
1.51124743202
1.51343868076
1.51570093069
1.51801747812
1.52037166221
1.52274705606
1.52512763255
1.52749790369
1.52984303359
1.53214892575
1.53440228654
1.53659066701
1.53870248555
1.54072703418
1.5426544712
1.5444758029
1.54618285698
1.54776825008
1.54922535154
1.55054824558
1.55173169344
1.55277109725
1.55366246669
1.52475775595
1.52535654535
1.52578999576
1.52605575183
1.52615202903
1.52607762299
1.52583192651
1.52541495419
1.52482737465
1.52407054985
1.52314658089
1.52205835923
1.52080962202
1.51940500968
1.51785012358
1.51615158119
1.51431706551
1.51235536553
1.51027640389
1.50809124785
1.50581210005
1.5034522653
1.50102609082
1.49854887788
1.49603676413
1.49350657736
1.4909756628
1.48846168791
1.48598242986
1.48355555202
1.48119837702
1.47892766397
1.47675939789
1.47470859941
1.47278916219
1.47101372518
1.46939358542
1.46793865493
1.46665746166
1.46555718967
1.46464374878
1.46392185935
1.46339513575
1.4630661531
1.4629364854
1.46300670936
1.46327637443
1.46374394564
1.46440672994
1.46526079896
1.46630092128
1.46752051543
1.46891163241
1.47046497291
1.47216994119
1.47401473429
1.47598646291
1.47807129846
1.48025463937
1.4825212897
1.48485564289
1.48724186413
1.4896640656
1.49210646994
1.49455355841
1.4969902012
1.49940176856
1.50177422214
1.504094187
1.50634900512
1.50852677187
1.51061635734
1.51260741432
1.51449037538
1.51625644093
1.51789756068
1.51940641022
1.52077636504
1.52200147344
1.52307643007
1.52399655165
1.49534988714
1.49594430761
1.49636456743
1.49660788824
1.49667209876
1.49655565256
1.49625765365
1.4957778901
1.49511687559
1.49427589833
1.49325707679
1.49206342083
1.49069889673
1.48916849405
1.48747829148
1.48563551871
1.48364861053
1.48152724907
1.47928238992
1.47692626762
1.47447237647
1.4719354229
1.46933124689
1.46667671108
1.46398955781
1.4612882364
1.45859170461
1.4559192102
1.45329005956
1.45072338133
1.44823789288
1.44585167676
1.44358197323
1.44144499333
1.43945575564
1.43762794878
1.43597382088
1.43450409683
1.43322792384
1.43215284471
1.43128479735
1.43062813707
1.4301856768
1.42995873935
1.42994721529
1.43014962107
1.43056315321
1.43118373647
1.43200606602
1.43302364519
1.43422882213
1.43561282905
1.437165828
1.43887696669
1.44073444683
1.44272560651
1.44483701668
1.44705459072
1.44936370499
1.45174932745
1.45419615095
1.45668872752
1.45921160009
1.46174942835
1.46428710578
1.4668098657
1.46930337457
1.47175381152
1.47414793372
1.47647312777
1.47871744757
1.48086963981
1.4829191584
1.48485616921
1.48667154687
1.48835686536
1.48990438409
1.49130703112
1.49255838534
1.49365265884
1.49458468126
1.46613979916
1.46671825493
1.46711357035
1.46732269369
1.46734320372
1.46717333636
1.4668120197
1.46625891732
1.46551447991
1.46458000451
1.46345770058
1.46215076135
1.46066343861
1.4590011182
1.45717039321
1.45517913081
1.45303652862
1.45075315548
1.44834097191
1.4458133251
1.44318491421
1.44047172237
1.43769091359
1.43486069442
1.43200014275
1.42912900829
1.42626749177
1.42343601148
1.42065496674
1.41794450762
1.41532431895
1.41281342405
1.41043001046
1.40819127673
1.40611329645
1.40421089436
1.40249752926
1.40098518033
1.39968423604
1.39860338847
1.39774953844
1.39712771877
1.39674104317
1.39659068668
1.39667590123
1.39699406655
1.39754077355
1.39830993476
1.39929391479
1.40048367339
1.40186891407
1.40343823258
1.40517926113
1.40707880588
1.40912297688
1.4112973105
1.41358688543
1.4159764332
1.41845044442
1.4209932713
1.42358922691
1.42622268072
1.42887815011
1.43154038665
1.4341944564
1.43682581296
1.43942036243
1.44196451967
1.44444525517
1.44685013269
1.4491673376
1.45138569662
1.45349468948
1.45548445371
1.45734578341
1.45907012356
1.46064956093
1.46207681318
1.46334521743
1.46444871967
1.46538186631
1.43708234538
1.43763889866
1.4380032186
1.43817213792
1.43814313273
1.43791435829
1.4374846936
1.43685379468
1.43602215646
1.43499118239
1.43376326079
1.43234184599
1.4307315419
1.42893818486
1.42696892182
1.42483227925
1.42253821756
1.42009816536
1.41752502789
1.4148331644
1.41203832996
1.40915757916
1.40620913114
1.40321219835
1.40018678454
1.39715346063
1.39413312956
1.39114679287
1.38821533175
1.38535931297
1.38259882698
1.37995335922
1.3774416904
1.37508181506
1.37289086392
1.37088501397
1.3690793721
1.36748782311
1.3661228408
1.36499526928
1.36411408984
1.36348619433
1.36311618806
1.36300624377
1.36315602309
1.36356267458
1.36422090926
1.36512314688
1.36625972011
1.36761912034
1.3691882673
1.37095278593
1.37289727614
1.37500556491
1.37726093371
1.37964631775
1.38214447656
1.38473813752
1.3874101153
1.39014341077
1.39292129308
1.39572736816
1.39854563659
1.40136054271
1.40415701667
1.40692051034
1.40963702758
1.41229314923
1.4148760529
1.41737352775
1.41977398433
1.42206645988
1.42424061933
1.4262867527
1.42819576951
1.42995919106
1.43156914154
1.43301833892
1.43430008676
1.43540826802
1.436337342
1.40813065454
1.40866481132
1.40899765805
1.40912607295
1.40904758236
1.40876040524
1.40826350701
1.40755666258
1.40664052809
1.40551672044
1.40418790303
1.40265787537
1.40093166364
1.39901560807
1.39691744256
1.39464636066
1.39221306197
1.3896297722
1.38691023068
1.38406963988
1.3811245732
1.37809283976
1.37499330867
1.37184569892
1.3686703457
1.36548795763
1.36231938232
1.3591853983
1.35610654958
1.35310303397
1.35019464875
1.34740078699
1.3447404678
1.34223237442
1.33989486868
1.33774594993
1.33580313217
1.33408322434
1.33260201394
1.33137387075
1.33041130218
1.32972450172
1.32932093595
1.32920501198
1.32937785826
1.32983723794
1.33057759935
1.3315902541
1.33286366218
1.33438379641
1.33613455553
1.33809819616
1.34025575764
1.34258745908
1.34507305443
1.34769213736
1.35042439306
1.35324979853
1.35614877555
1.35910230272
1.36209199332
1.36510014607
1.36810977511
1.37110462466
1.37406917277
1.37698862775
1.37984891958
1.3826366883
1.38533927026
1.38794468328
1.39044161087
1.39281938615
1.39506797541
1.39717796198
1.39914053042
1.40094745175
1.40259107014
1.40406429176
1.40536057659
1.40647393384
1.40739892204
1.37924015989
1.37975676721
1.38006320391
1.3801565548
1.38003455101
1.37969562252
1.37913896067
1.37836459009
1.3773734495
1.37616747983
1.37474971779
1.3731243916
1.37129701537
1.36927447687
1.36706511286
1.36467876518
1.36212681007
1.35942215337
1.35657918466
1.35361368525
1.35054268773
1.34738428861
1.34415742104
1.34088160023
1.33757666006
1.33426250425
1.33095889817
1.32768532628
1.32446093528
1.32130457284
1.31823491766
1.31527068003
1.3124308351
1.30973483846
1.30720276663
1.3048553283
1.30271370471
1.30079919943
1.29913270507
1.29773402234
1.29662109096
1.29580920645
1.29531030048
1.29513235449
1.295278999
1.29574932763
1.29653793068
1.29763513059
1.299027385
1.3006978129
1.30262679549
1.30479260557
1.30717202563
1.30974092305
1.31247476067
1.31534903013
1.31833960338
1.32142300409
1.32457660543
1.32777876342
1.3310088965
1.33424752211
1.33747626056
1.34067781528
1.34383593693
1.34693537772
1.34996184039
1.35290192557
1.35574307966
1.35847354496
1.36108231298
1.36355908146
1.36589421529
1.36807871175
1.37010416985
1.37196276422
1.37364722353
1.37515081393
1.37646732778
1.3775910783
1.37851690062
1.35037230938
1.35088158011
1.35117228888
1.35124188554
1.35108845888
1.35071079633
1.35010845406
1.34928183668
1.3482322856
1.34696217385
1.34547500477
1.34377551049
1.34186974543
1.33976516825
1.33747070511
1.3349967857
1.33235534325
1.32955977017
1.32662482207
1.3235664661
1.32040167383
1.31714816517
1.31382411731
1.3104478611
1.30703759503
1.30361115271
1.30018586192
1.29677852899
1.29340557196
1.29008330758
1.28682837323
1.28365823837
1.28059173463
1.27764951575
1.27485435282
1.27223117982
1.26980683008
1.26760944362
1.26566757075
1.26400904258
1.26265971385
1.26164220283
1.26097475244
1.26067031876
1.26073596094
1.26117256811
1.26197491985
1.26313204443
1.26462781616
1.26644172097
1.26854971742
1.27092512585
1.2735394897
1.2763633666
1.27936702076
1.28252100158
1.28579660409
1.28916621546
1.29260355766
1.29608383995
1.2995838365
1.30308190452
1.30655795753
1.30999340645
1.31337107954
1.31667513004
1.31989093829
1.32300501364
1.32600489958
1.32887908468
1.33161692065
1.33420854848
1.33664483285
1.33891730499
1.34101811375
1.34293998486
1.34467618827
1.34622051342
1.34756725271
1.34871119315
1.34964761668
1.32149805135
1.32201570927
1.32230716975
1.32237040098
1.32220399738
1.32180724535
1.32118019966
1.32032376942
1.31923981177
1.31793123075
1.31640207741
1.31465764616
1.31270456085
1.31055084252
1.30820594972
1.30568078083
1.30298762828
1.30014007495
1.29715282603
1.29404147394
1.2908222013
1.2875114357
1.28412548146
1.28068016505
1.27719054134
1.27367071425
1.27013382595
1.26659225918
1.26305807767
1.25954369883
1.25606275455
1.25263105412
1.24926752709
1.24599500059
1.24284066286
1.23983608826
1.23701674591
1.23442098098
1.23208853126
1.23005870991
1.2283684342
1.22705030077
1.22613089658
1.22562949724
1.22555724763
1.22591685718
1.22670278347
1.22790183265
1.22949407747
1.23145398227
1.23375162828
1.23635394599
1.239225881
1.24233144112
1.2456345928
1.24909999298
1.252693556
1.25638286603
1.26013745148
1.26392894188
1.26773112887
1.27151995214
1.27527342968
1.27897154929
1.28259613533
1.28613070228
1.28956030391
1.29287138458
1.29605163737
1.29908987205
1.30197589484
1.30470040068
1.30725487862
1.30963152988
1.31182319853
1.31382331418
1.31562584623
1.31722526953
1.31861654082
1.31979508626
1.32075679958
1.29260117664
1.29314869208
1.29346342881
1.29354401864
1.29338970108
1.2930003939
1.2923767743
1.29152036902
1.2904336508
1.28912013748
1.28758448872
1.28583259355
1.28387164047
1.2817101597
1.27935802603
1.27682640963
1.27412766238
1.27127512954
1.26828288059
1.26516536049
1.26193697327
1.25861162336
1.25520225607
1.25172045476
1.24817616593
1.24457763062
1.2409315971
1.2372438721
1.23352023352
1.22976767825
1.22599591816
1.22221897558
1.21845667818
1.21473582506
1.21109080274
1.20756347548
1.20420225803
1.20106038663
1.19819351928
1.19565689576
1.19350235217
1.19177550087
1.19051335241
1.18974258363
1.18947856076
1.18972512737
1.19047508226
1.19171121373
1.19340772665
1.1955318952
1.19804578957
1.2009079535
1.20407494191
1.2075026607
1.21114747914
1.2149671083
1.21892125567
1.2229720773
1.22708445486
1.23122612778
1.23536771031
1.23948262102
1.24354694959
1.24753928171
1.25144049921
1.255233569
1.25890333126
1.26243629425
1.265820441
1.26904505127
1.27210054052
1.27497831686
1.27767065592
1.28017059335
1.28247183415
1.28456867813
1.28645596055
1.28812900737
1.28958360436
1.29081597966
1.29182279947
1.2636815688
1.26428643442
1.26465328068
1.26478153675
1.264671214
1.26432298013
1.26373824337
1.26291924417
1.26186915096
1.26059215484
1.25909355648
1.25737983641
1.25545869777
1.25333906842
1.25103104757
1.2485457816
1.24589525423
1.24309198034
1.24014859886
1.237077372
1.2338896131
1.23059508579
1.2272014393
1.2237137675
1.22013439634
1.21646301185
1.21269723092
1.20883368573
1.20486963648
1.20080504956
1.1966449868
1.19240206101
1.18809864339
1.18376847754
1.17945738012
1.17522279336
1.17113209319
1.167259728
1.16368343532
1.16047992472
1.15772049424
1.15546704687
1.15376889607
1.1526606186
1.15216105847
1.15227343507
1.15298639099
1.15427574479
1.15610669003
1.15843619548
1.16121540034
1.16439184951
1.16791146623
1.17172020707
1.17576538181
1.179996649
1.18436671622
1.18883178413
1.1933517779
1.19789040901
1.20241510764
1.20689686117
1.2113099887
1.21563187662
1.21984269449
1.22392510643
1.22786398888
1.23164616259
1.23526014381
1.23869591771
1.24194473557
1.24499893584
1.24785178888
1.2504973642
1.25293041923
1.25514630812
1.25714090948
1.25891057184
1.26045207576
1.26176261192
1.26283977442
1.23475837282
1.23545435176
1.23590866069
1.23612164389
1.23609419405
1.23582782849
1.2353247743
1.23458805866
1.23362159958
1.23243029022
1.23102006799
1.22939795665
1.22757206742
1.22555154207
1.22334641942
1.22096740613
1.21842553466
1.21573169688
1.21289605257
1.20992732831
1.20683204521
1.20361374247
1.20027229541
1.19680345707
1.19319877487
1.18944603937
1.18553040224
1.18143624756
1.17714981255
1.1726624344
1.16797416489
1.16309736585
1.15805980594
1.15290675187
1.14770160519
1.14252478425
1.13747077358
1.13264352496
1.12815064676
1.12409701035
1.12057849371
1.11767654284
1.11545407638
1.11395303644
1.11319364664
1.11317521623
1.11387817343
1.11526693767
1.11729323737
1.11989952815
1.12302224368
1.1265946976
1.13054953431
1.13482069144
1.13934488487
1.14406265798
1.14891905421
1.15386397837
1.15885231164
1.16384383987
1.16880304728
1.17369881912
1.17850408867
1.18319545598
1.18775279948
1.19215889534
1.19639905542
1.20046079042
1.20433350259
1.20800820956
1.21147730004
1.2147343204
1.21777379096
1.22059105027
1.22318212537
1.22554362617
1.2276726622
1.22956678004
1.23122392005
1.23264239115
1.23382086273
1.20587304628
1.20670031098
1.2072840315
1.20762556427
1.20772677031
1.20759009224
1.20721863774
1.20661626491
1.20578766275
1.20473841787
1.20347505567
1.20200504076
1.20033671838
1.19847917483
1.1964419937
1.19423488389
1.1918671596
1.18934706096
1.18668091961
1.18387219776
1.18092046189
1.17782039252
1.17456097598
1.17112506463
1.16748952057
1.16362615936
1.15950367457
1.1550906386
1.15035953989
1.14529163874
1.13988222755
1.13414570215
1.12811973257
1.12186780705
1.1154795372
1.10906835827
1.10276660478
1.09671833225
1.09107061412
1.08596429987
1.08152531683
1.07785748543
1.07503752776
1.07311258777
1.07210021523
1.07199044703
1.07274942315
1.07432391856
1.07664621632
1.07963885575
1.08321892804
1.08730172719
1.09180367792
1.09664454709
1.10174899999
1.10704759297
1.11247730526
1.11798171075
1.12351088142
1.12902110116
1.13447445437
1.13983834046
1.14508495315
1.1501907532
1.15513595495
1.15990404025
1.1644813084
1.16885646662
1.17302026317
1.1769651629
1.18068506386
1.18417505284
1.18743119709
1.19045036944
1.19323010398
1.19576847972
1.19806402958
1.20011567281
1.20192266883
1.20348459092
1.20480131842
1.17709220762
1.17809727895
1.1788588071
1.17937923195
1.17966144277
1.17970885422
1.17952548535
1.17911603555
1.17848594844
1.17764145209
1.17658956006
1.17533801347
1.17389514037
1.17226960447
1.17047001345
1.16850435741
1.16637925424
1.16409899137
1.16166437639
1.15907144328
1.15631010736
1.15336291835
1.150204122
1.14679929533
1.14310585513
1.13907473484
1.13465346357
1.12979074947
1.12444246608
1.11857868024
1.11219108004
1.10529991635
1.09795942664
1.0902607231
1.08233133309
1.07433097044
1.06644363967
1.05886674016
1.05179833478
1.04542408192
1.03990543027
1.0353704332
1.03190801944
1.02956599032
1.02835248295
1.02824018641
1.02917236636
1.031069758
1.0338375188
1.03737164061
1.04156445052
1.04630903245
1.05150255546
1.05704859712
1.06285860545
1.06885266423
1.07495972308
1.08111743742
1.08727174069
1.09337624672
1.09939155789
1.10528453477
1.11102756689
1.11659787142
1.12197683679
1.12714942094
1.13210360872
1.13682992943
1.14132103283
1.14557132058
1.14957662939
1.15333396133
1.15684125707
1.16009720786
1.16310110223
1.16585270398
1.16835215819
1.17059992262
1.17259672217
1.17434352441
1.17584153443
1.14851015087
1.14974554541
1.15073926163
1.15149486411
1.1520162991
1.15230796739
1.15237479546
1.15222229672
1.15185661138
1.15128450945
1.15051333681
1.14955087881
1.14840511059
1.14708379846
1.14559391446
1.14394082794
1.14212724665
1.14015189915
1.13800798231
1.13568144635
1.13314925408
1.13037782939
1.12732199227
1.12392475116
1.12011836415
1.11582706573
1.11097175693
1.10547675852
1.09927842796
1.09233506698
1.08463715446
1.07621661103
1.06715363105
1.05757968624
1.04767565134
1.0376646023
1.02779960377
1.01834759944
1.00957118761
1.00171049652
0.994967500294
0.989494662728
0.985388865656
0.982690726494
0.981388681086
0.981426559907
0.98271313118
0.985132236894
0.988552425768
0.992835350253
0.997842557774
1.00344059554
1.00950454398
1.01592020383
1.02258520416
1.0294092956
1.03631406457
1.04323226341
1.05010690995
1.05689027074
1.06354280973
1.07003215781
1.07633213856
1.08242187069
1.08828495725
1.09390876443
1.09928378804
1.10440310308
1.10926188994
1.11385703036
1.11818676584
1.1222504118
1.12604812097
1.12958069019
1.13284940552
1.13585592117
1.13860216832
1.14109029061
1.14332260348
1.14530157509
1.14702982671
1.12025085984
1.1217743594
1.12305977112
1.12411179254
1.12493542186
1.12553602515
1.1259193956
1.12609179398
1.12605995545
1.12583104278
1.12541251992
1.12481191315
1.12403642001
1.12309232065
1.12198414359
1.12071354108
1.11927784213
1.1176682781
1.11586792099
1.11384944121
1.1115728808
1.10898374393
1.10601181879
1.10257124007
1.09856235098
1.09387589045
1.08839987998
1.08202929246
1.07467815483
1.06629320864
1.05686771209
1.04645353525
1.03516951083
1.02320416609
1.01081151642
0.998299493937
0.986011670915
0.974304024786
0.963519360446
0.953962560345
0.945880099551
0.93944649746
0.934758648697
0.931837757677
0.930637705545
0.931057702136
0.932956807648
0.936168394446
0.940513112956
0.945809524426
0.951882121679
0.958566852803
0.965714490566
0.973192285354
0.980884342504
0.988691115721
0.996528336807
1.0043256273
1.01202497015
1.0195791638
1.02695033747
1.03410857442
1.04103066697
1.0476990118
1.0541006439
1.0602264018
1.0660702131
1.07162848834
1.07689961071
1.08188350982
1.08658130849
1.09099503285
1.09512737702
1.0989815149
1.10256095261
1.10586941622
1.10891077021
1.11168896283
1.11420799516
1.11647191147
1.11848480819
1.09246933126
1.09434280458
1.09598323219
1.09739641878
1.09858837513
1.09956537667
1.10033400605
1.10090116562
1.10127404089
1.10145998928
1.1014663208
1.10129992861
1.10096671872
1.10047078103
1.09981324112
1.09899073735
1.097993486
1.0968029344
1.09538906363
1.09370749383
1.09169666548
1.0892755135
1.08634220008
1.08277459666
1.0784332635
1.07316761576
1.06682574013
1.05926790548
1.05038320268
1.04010801546
1.02844429113
1.01547502272
1.00137416159
0.986408496258
0.970929891401
0.955357567749
0.940151588173
0.925780139232
0.912684265529
0.901244413153
0.891753922577
0.884403512442
0.879277271253
0.876359083217
0.8755476407
0.876676567962
0.879535821792
0.883891791337
0.889504260424
0.89613936403
0.903578523377
0.911623850879
0.920100741961
0.928858403446
0.937768987508
0.946725871373
0.955641487779
0.964444990909
0.9730799453
0.981502151849
0.989677672535
0.997581079865
1.00519393405
1.01250347715
1.019501526
1.0261835423
1.03254785778
1.03859503315
1.04432733142
1.04974828823
1.05486236413
1.05967466598
1.06419072652
1.06841633292
1.07235739691
1.07601986013
1.07940962956
1.08253253905
1.08539433331
1.08800067164
1.09035714889
1.06535201108
1.0676397439
1.06970051664
1.07154118261
1.07316869328
1.07459014472
1.07581279785
1.07684405481
1.07769136728
1.07836204407
1.07886291555
1.07919980155
1.07937671816
1.0793947504
1.07925051455
1.07893414147
1.07842673756
1.07769732995
1.07669938607
1.07536712009
1.07361196003
1.0713197404
1.06834938193
1.06453398103
1.05968529843
1.05360253996
1.04608599709
1.03695552237
1.02607297049
1.01336673296
0.998855515486
0.982667802131
0.965053282812
0.946383078246
0.927136887602
0.907876983092
0.889210911685
0.871746521779
0.856044118081
0.842571340173
0.831668643325
0.823532507742
0.818215177002
0.815638092521
0.815616792948
0.817891949129
0.822160121603
0.82810109863
0.835399456835
0.843759604751
0.852914889655
0.862631934816
0.872711508049
0.882987101144
0.893322163432
0.903606679579
0.91375356016
0.923695139549
0.933379948821
0.942769844238
0.951837515449
0.960564363382
0.968938718899
0.976954364512
0.984609319032
0.99190484626
0.99884465212
1.00543423877
1.01168038858
1.01759075505
1.02317354156
1.02843725212
1.03339050131
1.03804187285
1.04239981837
1.04647258962
1.05026819871
1.05379440191
1.05705870368
1.06006837776
1.06283050298
1.03911616303
1.04188268871
1.04442885481
1.04676247591
1.04889134414
1.05082325932
1.05256602069
1.05412735802
1.05551477165
1.05673524034
1.05779474352
1.05869753042
1.05944505507
1.06003448495
1.06045668822
1.06069361465
1.06071501934
1.06047454488
1.0599052882
1.05891513996
1.05738239742
1.0551524028
1.0520362164
1.04781253954
1.04223417918
1.03504019881
1.02597444221
1.01481029877
1.00138042746
0.985608806867
0.967541190445
0.94736917123
0.92544296601
0.90226895675
0.878489935146
0.854848448753
0.832136007959
0.811132861437
0.792544078473
0.776938273035
0.76470078479
0.756017522673
0.750882191008
0.749119629999
0.75042469612
0.754409633783
0.760647445589
0.768708482
0.778186987005
0.788717358836
0.799981970687
0.81171288433
0.823689619201
0.835734698468
0.847708197478
0.859502092486
0.871034884459
0.882246747341
0.893095302868
0.903552033962
0.913599298004
0.923227876411
0.932434988005
0.941222694172
0.949596629368
0.957564998313
0.965137789724
0.972326164569
0.979141984257
0.985597450636
0.991704835141
0.997476278981
1.00292365003
1.0080584451
1.01289172858
1.01743410078
1.02169569013
1.02568616534
1.02941476389
1.03289033405
1.03612138797
1.01400802552
1.01731549236
1.02040909236
1.02329749138
1.02598920052
1.02849258524
1.03081582177
1.03296677293
1.03495274581
1.03678007973
1.03845349804
1.0399751394
1.0413431671
1.04254984176
1.04357893871
1.04440240589
1.04497620203
1.04523534212
1.04508832074
1.04441129469
1.0430426829
1.04077916821
1.03737441671
1.03254209284
1.02596483464
1.01731064033
1.00625748873
0.992525909794
0.975917677848
0.956357012297
0.933928997007
0.908908864507
0.88177584282
0.853206756239
0.824047379754
0.795262851008
0.767871040205
0.742864391632
0.72112587249
0.703345044619
0.68994687066
0.681082260675
0.676650824045
0.676335741117
0.679660159666
0.686061616866
0.694952060638
0.705766371242
0.71799366711
0.731192648008
0.744995477046
0.7591044528
0.773284792734
0.787355823767
0.801181997664
0.814664516577
0.827733940247
0.8403438932
0.852465846398
0.864084874373
0.875196258609
0.885802802681
0.895912732845
0.905538072218
0.914693393192
0.923394868915
0.931659559389
0.939504880481
0.94694821485
0.954006632578
0.960696696398
0.967034332073
0.973034748962
0.978712399305
0.984080967503
0.989153382744
0.993941849955
0.998457895191
1.00271242243
1.00671577921
1.01047782868
0.990299669395
0.994204830073
0.997901830182
1.00140006228
1.00470862123
1.00783628735
1.01079144008
1.01358186827
1.01621443052
1.01869450234
1.02102512776
1.02320577129
1.0252305448
1.0270857672
1.02874671062
1.0301734052
1.0313054311
1.03205573792
1.03230371557
1.03188801049
1.03059993575
1.02817874111
1.02431043171
1.01863215406
1.01074426543
1.00023190617
0.986697051978
0.96980055764
0.949311672313
0.925160172865
0.897484114784
0.866664918493
0.833341808189
0.798399969482
0.762930977166
0.728168599683
0.695405543887
0.665896402263
0.640748118801
0.620809527737
0.606533942771
0.597999122753
0.594966778208
0.596922399431
0.603143641422
0.61283188912
0.625190971424
0.639491623618
0.655105614086
0.671515454829
0.688309755552
0.705171324491
0.721862595348
0.738211033779
0.754095852741
0.769436573466
0.784183530671
0.798310196459
0.811807098238
0.824677077297
0.83693164309
0.848588204344
0.859667990498
0.870194509654
0.880192419121
0.889686710416
0.898702132123
0.907262791416
0.915391888972
0.923111552888
0.930442745664
0.937405224844
0.944017542873
0.950297075484
0.956260070778
0.961921713277
0.967296198744
0.972396816677
0.977236038063
0.981825606298
0.986176629177
0.968284542767
0.972835500466
0.977182529619
0.981335619054
0.985304307705
0.989097636492
0.992724011921
0.996190940377
0.999504576244
1.00266900705
1.00568517497
1.0085493075
1.01125070368
1.01376870193
1.01606865018
1.0180967224
1.01977349643
1.02098634785
1.02158094632
1.02135248029
1.0200376835
1.01730926289
1.0127748594
1.00598308383
0.996439280304
0.983633271427
0.967080238423
0.946373987796
0.921249234068
0.89164652939
0.857770742039
0.820132441098
0.779562200773
0.737191450049
0.69439987726
0.652736213129
0.613821633107
0.579239284201
0.550382001285
0.528355652264
0.513608258333
0.506074527113
0.505335327182
0.510622802318
0.520842630117
0.534879020606
0.551667858476
0.570286739289
0.589985065153
0.61017816237
0.630426687555
0.650411528216
0.669909331362
0.688770919052
0.706903267187
0.72425497817
0.740804863701
0.756553149844
0.771514815835
0.785714625181
0.799183472596
0.811955737877
0.824067400059
0.835554718961
0.846453335758
0.856797679906
0.866620597841
0.875953140545
0.884824463578
0.893261805664
0.901290521224
0.908934149175
0.916214505426
0.923151790225
0.929764704229
0.936070569091
0.942085449722
0.947824276209
0.9533009639
0.958528530227
0.963519206574
0.948271771709
0.953504662301
0.95853573648
0.963375451863
0.968033656059
0.972519502175
0.976841255311
0.98100594084
0.985018766204
0.988882223826
0.992594753786
0.996148812628
0.999528162541
1.00270417012
1.00563089725
1.00823879527
1.0104269004
1.01205360076
1.01292633132
1.01279097358
1.01132229175
1.00811739016
1.00269483569
0.994502594503
0.982938057691
0.967382911951
0.947254207966
0.922070566989
0.891529150791
0.855585233216
0.814522768044
0.769002434657
0.720074699921
0.669150788696
0.617934337823
0.568327775893
0.522333942418
0.481968929053
0.448950433618
0.424958076585
0.410296716181
0.404597270604
0.407260166661
0.417277927271
0.432882218389
0.452559092816
0.474896921045
0.498758377402
0.523282304691
0.547842044849
0.571998545915
0.59545728583
0.618032073747
0.63961607817
0.660159298823
0.679651419286
0.698108995745
0.715566050944
0.732067286252
0.747663270403
0.762407096733
0.776352115606
0.789550443375
0.802052024726
0.813904083996
0.825150845692
0.835833437969
0.84598991759
0.855655373015
0.864862075407
0.873639656801
0.882015301431
0.890013940972
0.897658447804
0.904969822702
0.911967374891
0.918668893406
0.925090809186
0.931248347543
0.937155670398
0.942826007123
0.930579370758
0.936515193904
0.942248639683
0.947790517607
0.953150860707
0.958338800051
0.963362307835
0.968227750865
0.972939173516
0.977497200478
0.981897414926
0.986128029003
0.99016662472
0.993975712976
0.997496849865
1.0006430834
1.00328960807
1.00526271279
1.00632745491
1.00617500374
1.00441127384
1.0005492645
0.994008325937
0.984124185271
0.970173707436
0.951417711687
0.92716341731
0.896845106256
0.860117497481
0.816951646669
0.767718876079
0.71324573209
0.654824218734
0.594168987622
0.533328217913
0.474572370627
0.420307372192
0.37324414404
0.3351204553
0.309421837806
0.295659618282
0.292734846304
0.300066213206
0.31683589305
0.339556455513
0.366458535398
0.39563111164
0.425733217925
0.455840940773
0.485335849758
0.513823238102
0.541069165387
0.566953015271
0.591432288724
0.614516758786
0.636249760272
0.656694881742
0.67592669257
0.694024433558
0.711067845978
0.727134516788
0.742298280022
0.756628340415
0.770188880725
0.783038984841
0.795232760147
0.806819579373
0.817844388257
0.828348043527
0.838367658363
0.847936941158
0.85708651921
0.865844242947
0.874235468778
0.882283320284
0.890008928387
0.89743165161
0.904569277571
0.911438206671
0.918053618319
0.924429619091
0.915526594658
0.922168424683
0.928604225797
0.934845058971
0.94090103768
0.946781157703
0.952492971814
0.958042041552
0.963431071504
0.968658597681
0.973717060682
0.978590048358
0.983248446556
0.9876451999
0.991708373576
0.99533224627
0.998366287055
1.00060211568
1.00175895846
1.001468722
0.999262616203
0.994562212344
0.986678784429
0.974825512073
0.958147281792
0.935772016446
0.906885339576
0.870826778278
0.827200797863
0.775990347293
0.717655308594
0.653194749605
0.584152489896
0.512554721361
0.440791696044
0.371468802182
0.307181373695
0.252528014898
0.206613464577
0.180197705546
0.16874826883
0.169377807337
0.182341515974
0.209568164522
0.241316311474
0.277462261927
0.314900990314
0.352268649809
0.388692741983
0.423643584384
0.456830124492
0.488122437743
0.517497367769
0.545000177272
0.570717516378
0.594758693174
0.61724304762
0.638291731949
0.658022596181
0.676547207011
0.693969294885
0.710384130454
0.725878485499
0.740530944652
0.754412412829
0.767586717664
0.780111243266
0.792037556516
0.80341200347
0.814276264179
0.82466786095
0.8346206193
0.844165083313
0.853328888456
0.862137095514
0.87061248942
0.87877584655
0.886646173568
0.894240920185
0.901576167208
0.908666789888
0.903425724925
0.910756530407
0.91787431386
0.924790307405
0.931514622365
0.938056031834
0.944421573814
0.950615896966
0.956640240082
0.962490897159
0.968156972385
0.973617175648
0.97883535502
0.983754419093
0.988288287979
0.992311555747
0.995646688348
0.998048867535
0.999189072877
0.998636708276
0.99584402898
0.990135746386
0.980708317557
0.96664427806
0.946947145868
0.920601446062
0.886659878387
0.844355411152
0.793230388356
0.733268307282
0.665007781641
0.589613315053
0.508875262751
0.425119531026
0.341058394799
0.259664535757
0.181807784528
0.121212621979
0.057613615174
0.035343308272
0.0291937031908
0.0331189003967
0.0497867333362
0.0974798492961
0.138418907122
0.18697124249
0.234062762277
0.279647457897
0.323035409506
0.363878285738
0.402055069139
0.437585061166
0.470574372178
0.501178814086
0.529578123209
0.555958864863
0.580503761076
0.603385527231
0.624763727632
0.644783565738
0.663575857162
0.681257682934
0.697933397827
0.713695789885
0.72862726809
0.742801007582
0.756282015183
0.769128098665
0.781390735564
0.793115844504
0.804344465733
0.815113359348
0.82545553016
0.835400687909
0.844975650928
0.854204700466
0.863109891888
0.871711327854
0.880027397349
0.888074982963
0.895869637038
0.894573624887
0.902554902451
0.910312753103
0.917858521496
0.925202258639
0.932352456331
0.93931557786
0.946095296707
0.952691319786
0.959097626969
0.965299904184
0.971271885639
0.976970258077
0.98232772891
0.987243842253
0.991573174987
0.995110704352
0.99757446467
0.998586161811
0.99765123398
0.994140939769
0.987280344987
0.976147377365
0.95968908632
0.936761409723
0.906197571664
0.866907266846
0.818003901093
0.758950770778
0.689710183383
0.610873316093
0.523742946894
0.430331570013
0.333219702073
0.235337834314
0.141966826635
0.0378664567222
0.0051835426958
0
0
0
0
0
0.00414789013279
0.027938001137
0.0980299579261
0.154743097256
0.209329335428
0.260187619199
0.307240965877
0.350605427999
0.390488088414
0.427151752242
0.460883036774
0.491969144176
0.520683588719
0.547278660734
0.571982341925
0.594997930367
0.616505188036
0.636662250632
0.655607836287
0.673463484913
0.690335683177
0.706317805379
0.721491844838
0.735929935319
0.749695675162
0.762845272795
0.775428534289
0.787489713311
0.799068242418
0.810199362641
0.820914666252
0.831242565453
0.841208697831
0.850836277489
0.86014639901
0.869158299615
0.877889582938
0.886356405587
0.889243411187
0.897814794479
0.906149040634
0.914257569773
0.922150339259
0.929835530954
0.937319011251
0.944603465535
0.951687069268
0.958561507627
0.965209094269
0.971598670001
0.977679890823
0.983375456017
0.988570804769
0.993100861225
0.996733584019
0.99915044026
0.999924542032
0.998498106001
0.994162127821
0.986042617136
0.973099195204
0.954142925535
0.927880379482
0.892989513021
0.848229453189
0.792580694197
0.725405168058
0.646608795692
0.556784740202
0.457314921913
0.350397122831
0.238797494441
0.12348203635
0.0168373139757
0
0
0
0
0
0
0
0
0
0.011208454414
0.0774918912895
0.142892436338
0.201536047795
0.254969913013
0.303619176219
0.347891352428
0.388225043781
0.425054925158
0.458788023306
0.489792662199
0.5183952359
0.544881291892
0.569498748536
0.59246197021
0.613955989246
0.634140507418
0.653153510742
0.671114443885
0.688126949981
0.704281210281
0.719655929451
0.734320014401
0.748333991932
0.761751205832
0.774618828795
0.786978719301
0.798868148904
0.810320421091
0.821365399291
0.832029958413
0.842338371545
0.852312640962
0.86197278024
0.87133705186
0.880422162028
0.887676578041
0.89675652037
0.905582571063
0.914166209027
0.922517288782
0.930643683468
0.938550678879
0.946240010637
0.953708393258
0.960945334298
0.967929958854
0.974626492156
0.980977968229
0.986897666094
0.992257748143
0.996874628976
1.00049079394
1.00275318488
1.00318895042
1.00118037507
0.995942160914
0.986505838426
0.9717176789
0.950257622642
0.920686793828
0.881529429266
0.831390938574
0.769107298555
0.693913005806
0.60560765252
0.504699102846
0.39251811702
0.271429329133
0.146225436912
0.0171677746794
0
0
0
0
0
0
0
0
0
0
0
0.0101767705829
0.0833282774907
0.148491220871
0.208279095666
0.262225149107
0.310849276682
0.354784166707
0.394630495011
0.430925985397
0.464139572342
0.494674384478
0.522874291804
0.549031550488
0.57339432296
0.59617351955
0.617548767059
0.637673491498
0.656679185724
0.674678963998
0.69177051033
0.708038520201
0.723556723135
0.738389560457
0.75259358018
0.766218600013
0.779308680154
0.79190293978
0.804036244728
0.815739788565
0.827041584954
0.837966885494
0.848538534085
0.858777265987
0.868701956841
0.878329823904
0.890075875998
0.899563429859
0.908777672489
0.91773014393
0.926430609615
0.934886664116
0.943103066737
0.951080692651
0.958814936288
0.966293343398
0.973492174394
0.980371516886
0.98686847787
0.992887912231
0.998290112681
1.00287494119
1.00636208513
1.00836754892
1.0083772252
1.00571948888
0.999540227098
0.988785448644
0.972198324042
0.948338690116
0.915632990535
0.872460487703
0.817276685959
0.748767141317
0.666015200018
0.568657803494
0.45699234684
0.331939766751
0.194330995996
0.0400491990819
0
0
0
0
0
0
0
0
0
0
0
0
0
0.0215117708414
0.101076717379
0.168245297396
0.227523336943
0.280383630858
0.32777950822
0.370502983023
0.409230265468
0.44453343078
0.476892455295
0.506708473653
0.534316538298
0.559996958135
0.583984948406
0.606478649967
0.62764570683
0.647628624845
0.666549125241
0.68451168076
0.701606392129
0.717911334047
0.73349447495
0.748415254036
0.762725882077
0.77647241896
0.78969567008
0.802431935083
0.814713635623
0.826569843253
0.838026724093
0.849107913046
0.85983482701
0.870226923196
0.880301905275
0.89659919501
0.906376830379
0.915859521624
0.925058890322
0.933984648451
0.942644169735
0.951041777162
0.959177623392
0.967045990756
0.974632773362
0.98191182494
0.988839765372
0.995348744779
1.00133658387
1.00665367332
1.01108607041
1.01433444331
1.01598896446
1.01550102989
1.01215384712
1.00503549147
0.993019860635
0.974762745949
0.948721431625
0.913206023965
0.866468146739
0.806826860881
0.732822381256
0.643376614865
0.537932008466
0.416565189845
0.280268008333
0.132666111778
0.00567440137803
0
0
0
0
0
0
0
0
0
0
0
0
0
0.00285179664754
0.0662442849338
0.136888645435
0.200691119722
0.257464862739
0.308086458125
0.353483912091
0.394463856147
0.431698210522
0.465740507992
0.497045881433
0.525989210773
0.552880392356
0.577976805445
0.601493345276
0.623610443266
0.644480463324
0.664232805579
0.682977988191
0.700810923329
0.717813557642
0.734057010528
0.749603314287
0.764506837412
0.778815454502
0.792571512546
0.805812632658
0.818572377934
0.830880811591
0.84276496417
0.854249224235
0.865355663113
0.876104300611
0.886513314847
0.907354639483
0.917291963039
0.926910973147
0.936223411164
0.94523899232
0.953964953203
0.962405303988
0.970559656974
0.978421450772
0.985975322232
0.993193295612
1.00002936319
1.00641193233
1.01223352896
1.01733710766
1.02149837395
1.02440374257
1.02562402252
1.02458472549
1.02053510612
1.01251966233
0.999357720487
0.979638569124
0.951740786551
0.913884055155
0.864218799309
0.800952337137
0.722498913371
0.627623402158
0.515517901731
0.385674063481
0.237136877016
0.0654840761971
0
0
0
0
0
0
0
0
0
0
0
0
0
0
0
0.0315873101725
0.113070455505
0.182353573645
0.242897423355
0.296459373748
0.344263841965
0.387266065739
0.426232959606
0.461784642661
0.494424351782
0.524562162715
0.552533962001
0.578616501141
0.603039260858
0.625993772776
0.647640944492
0.668116829714
0.68753719134
0.706001127485
0.723593968355
0.740389603628
0.756452362934
0.771838543818
0.786597660027
0.80077346665
0.814404806014
0.827526308655
0.840168976083
0.852360666099
0.864126496496
0.875489178717
0.886469289125
0.89708548146
0.922396917635
0.932355084363
0.94197029158
0.951254456939
0.960217376187
0.96886625659
0.977204948561
0.985232744029
0.992942556456
1.00031822843
1.00733062772
1.01393209469
1.0200487014
1.02556969457
1.03033345218
1.03410933839
1.03657506225
1.03728962162
1.03566273565
1.03092290709
1.02208790817
1.0079434153
0.987037376821
0.957698860082
0.918089675677
0.866293919769
0.800443666858
0.718867783156
0.620235467755
0.503648019471
0.368615131664
0.214860118095
0.0421213376103
0
0
0
0
0
0
0
0
0
0
0
0
0
0
0
0.0200401736631
0.102097854835
0.174203421463
0.237553663794
0.293535482526
0.343381717838
0.38811778335
0.428577052845
0.465431759539
0.499224028042
0.53039261465
0.559294602936
0.586222534632
0.611417777991
0.635080921696
0.657379862859
0.678456122183
0.698429798988
0.717403481146
0.7354653491
0.752691655332
0.769148717097
0.78489452756
0.799980065857
0.814450368091
0.828345407235
0.841700819149
0.854548503633
0.866917122869
0.878832514262
0.890318030162
0.901394812711
0.91208200784
0.941725104788
0.951561658376
0.961029741785
0.970141524349
0.978906979403
0.987333414295
0.995424697345
1.00318004951
1.01059221455
1.01764475193
1.02430811097
1.03053404573
1.03624782668
1.04133761552
1.04564032643
1.0489233504
1.05086174054
1.05101093296
1.04877590208
1.04337889118
1.03382951594
1.01890297121
0.997133923772
0.966834809787
0.926146753678
0.873128089186
0.805878529079
0.722686175716
0.622171542299
0.503394170952
0.365903028211
0.209813002473
0.0363499813086
0
0
0
0
0
0
0
0
0
0
0
0
0
0
0
0.0176218197927
0.101608764392
0.176168623418
0.241779194498
0.299693285044
0.351176048409
0.397311681346
0.438984459888
0.476905086643
0.511643797492
0.543659846633
0.573325398354
0.600944234464
0.62676622328
0.650998480526
0.673813995729
0.695358329095
0.715754839826
0.735108793437
0.753510609296
0.771038444949
0.787760265671
0.803735511879
0.819016450312
0.833649274922
0.847675008297
0.86113024296
0.874047753044
0.88645699989
0.898384549461
0.909854414737
0.920888331836
0.931505974266
0.965281783884
0.974855628174
0.984034977794
0.992832347906
1.0012580047
1.00931950297
1.01702092481
1.02436168868
1.03133474494
1.03792390507
1.04409996688
1.04981520029
1.05499565575
1.05953066884
1.06325889132
1.06595023215
1.0672833094
1.06681848454
1.06396736353
1.05796087366
1.0478196577
1.03233243
1.01004975861
0.979301844983
0.938248347722
0.884965029752
0.817564927575
0.734340192131
0.63389487432
0.515219870758
0.37764265469
0.220593758172
0.0433808109799
0
0
0
0
0
0
0
0
0
0
0
0
0
0
0
0.0219826730732
0.111010675794
0.188360565979
0.255817870633
0.315143592669
0.367797331675
0.414945534503
0.457512875949
0.496233024767
0.53169083911
0.5643556365
0.59460687982
0.622753845667
0.649050661994
0.673707831712
0.696901102918
0.718778335537
0.739464850381
0.759067623309
0.777678595403
0.795377302292
0.812232975681
0.828306233064
0.843650444032
0.858312840974
0.872335426414
0.885755717417
0.898607358407
0.910920626565
0.922722848228
0.93403873983
0.944890682468
0.955298934779
0.992953517908
1.00212971158
1.01088516658
1.01923285502
1.02718346616
1.03474496231
1.04192184522
1.04871400626
1.05511498164
1.06110936743
1.06666906694
1.07174794767
1.07627438646
1.08014109546
1.08319158031
1.085202634
1.08586248162
1.08474464797
1.08127840875
1.07471787254
1.06411332321
1.04829029618
1.02584362856
0.995154806752
0.954440450544
0.901836633086
0.835516819013
0.753829444165
0.655422775266
0.539292269089
0.404603954149
0.249851136558
0.0695719837903
0
0
0
0
0
0
0
0
0
0
0
0
0
0
0
0.0377707512575
0.132557299674
0.211676620973
0.280000372981
0.339973754592
0.393214048008
0.440921405416
0.48402375934
0.523251190144
0.559184317077
0.592289051204
0.622942455476
0.65145225815
0.678071691534
0.703010847476
0.726445421136
0.748523486233
0.7693707784
0.789094841271
0.807788300401
0.825531464126
0.842394401847
0.85843861408
0.873718381692
0.888281861543
0.902171980439
0.915427167634
0.928081957133
0.94016748393
0.951711892574
0.962740671654
0.97327692336
0.983341572918
1.02457256733
1.03322664912
1.0414337892
1.04920754045
1.05655915473
1.06349716717
1.07002670532
1.07614840211
1.08185674256
1.08713761044
1.09196472273
1.09629454987
1.10005922548
1.10315686854
1.10543870283
1.10669240902
1.10662134858
1.10481973479
1.10074457855
1.09368636737
1.08274194288
1.06679480157
1.04450973834
1.01434982259
0.974623330274
0.923565490046
0.859453864441
0.780746565107
0.686220550071
0.575079534554
0.447028206208
0.302521828905
0.144567872737
0.00620713629651
0
0
0
0
0
0
0
0
0
0
0
0
0
0.00363115919919
0.0838327717526
0.17028251126
0.246986812134
0.314415298366
0.374031070515
0.42717631346
0.474940519691
0.518190536695
0.557616845562
0.593772814273
0.627105208084
0.65797753472
0.68668790404
0.713482739893
0.738567356557
0.76211415823
0.7842690294
0.805156341991
0.824882899809
0.843541062415
0.861211232151
0.877963844385
0.893860968292
0.908957600765
0.923302717353
0.936940129793
0.949909188731
0.962245361672
0.973980709427
0.985144278843
0.995762424939
1.00585907138
1.01545591397
1.05991972928
1.06794132034
1.07549007072
1.0825802432
1.08922379282
1.09542998854
1.10120477825
1.10654978371
1.11146076642
1.11592534532
1.11991967465
1.12340370631
1.12631457346
1.12855755789
1.12999406909
1.13042611265
1.12957691784
1.12706780475
1.1223920765
1.11488778065
1.1037125945
1.08782574019
1.06598343948
1.03675547271
0.998570192439
0.949793035431
0.888838496546
0.814307573606
0.725132855436
0.620703653611
0.500930883644
0.366144361355
0.216220349829
0.0450682797486
0
0
0
0
0
0
0
0
0
0
0
0
0
0.0285478021404
0.132499857761
0.218233603851
0.292679386589
0.358343810987
0.416782926237
0.469187696365
0.516510700131
0.559519822611
0.598836176218
0.634964271921
0.668316105217
0.699230210438
0.727986645715
0.754818750447
0.779922371395
0.80346311404
0.825582056355
0.846400265136
0.866022378474
0.884539458321
0.902031271012
0.918568118101
0.934212312584
0.949019374477
0.963039003552
0.97631587436
0.988890288894
1.00079871454
1.01207422878
1.02274688704
1.03284402598
1.04239051022
1.05140892709
1.09872814226
1.10602363213
1.11282099651
1.1191353318
1.12497942688
1.13036342951
1.13529427798
1.13977479383
1.14380228903
1.14736648656
1.15044648639
1.15300643237
1.15498945561
1.15630940331
1.15683983149
1.15639978821
1.1547360927
1.15150219539
1.14623435327
1.13832682814
1.12700911237
1.11132970878
1.09015248426
1.062172641
1.02595928089
0.980029682331
0.922956229752
0.853500445846
0.770760804122
0.674314404431
0.564332060362
0.441668965999
0.308090802538
0.167914317831
0.0199423579444
0
0
0
0
0
0
0
0
0
0
0
0.0138271193795
0.112719509102
0.199425130719
0.277985330456
0.348175578806
0.41099871173
0.46749356521
0.518568184663
0.564988018225
0.607390425405
0.646303753291
0.682165807659
0.715340158805
0.746129918101
0.774789096888
0.801531839711
0.826539868179
0.849968455222
0.871951209902
0.892603907916
0.912027560432
0.930310876817
0.947532245648
0.963761333046
0.979060376793
0.99348523836
1.00708626193
1.01990897916
1.03199469021
1.04338094509
1.05410194388
1.06418887036
1.07367016933
1.08257177502
1.09091729396
1.14068786944
1.14718206845
1.15315387228
1.15861931613
1.16359213031
1.16808345711
1.17210135733
1.17565001225
1.17872848859
1.18132888475
1.18343361677
1.1850115336
1.18601248017
1.18635986753
1.18594078395
1.18459322607
1.18209019334
1.17812073313
1.17226861174
1.16399016432
1.15259404722
1.13722699236
1.1168710267
1.09035858902
1.05641202011
1.01371242942
0.960999506067
0.897198451525
0.821563669852
0.733822975647
0.634303561704
0.524023606972
0.404725917116
0.278638648071
0.145842965817
0.020172836459
0
0
0
0
0
0
0
0
0
0.0152893804782
0.105876564685
0.195037937163
0.274555866061
0.346621755957
0.411966630414
0.47127953647
0.525247273338
0.57450793855
0.619628784205
0.661101981609
0.699349044709
0.734728732505
0.767545823914
0.798059526225
0.826490989225
0.853029763042
0.877839218345
0.901061028235
0.922818839398
0.943221261795
0.962364295633
0.980333299215
0.997204585109
1.01304671706
1.02792156679
1.04188517842
1.05498847898
1.06727786556
1.07879569347
1.08958068456
1.0996682707
1.10909088378
1.11787820067
1.12605734857
1.13365307324
1.18545104707
1.19108777267
1.19617937644
1.20074290398
1.20479309731
1.2083421661
1.21139937448
1.21397035965
1.21605606445
1.21765112305
1.21874148529
1.21930100523
1.21928665683
1.21863198854
1.21723840741
1.2149639257
1.21160915014
1.20690060127
1.20047197131
1.19184470686
1.18041033795
1.16541819521
1.14597337444
1.12105069938
1.08953054589
1.05026122122
1.00214974672
0.944278320766
0.876037961147
0.797264977044
0.708361289204
0.610375961224
0.505017025512
0.394544258428
0.281633053648
0.17189000248
0.0464706511104
0.00646947287269
0
0
0
0
0
0.00556326710675
0.0378352752552
0.133583720829
0.21166412107
0.28706186648
0.357402133785
0.422534485549
0.482634902409
0.538015493475
0.589052922715
0.636138437674
0.679647852179
0.719926560504
0.757283993649
0.791993394997
0.824294291715
0.854396111008
0.882482075365
0.908712926815
0.933230273448
0.956159488179
0.977612162413
0.997688152565
1.01647727139
1.03406067868
1.05051202242
1.06589837582
1.08028100875
1.09371602581
1.10625489737
1.11794490473
1.12882951649
1.13894870944
1.14833924433
1.15703490442
1.16506670232
1.17246305857
1.17924995297
1.23263736402
1.23737901552
1.24155503705
1.24518350732
1.24828019889
1.25085840587
1.25292861357
1.25449793679
1.25556922398
1.25613968684
1.25619886876
1.25572571315
1.25468443939
1.2530188899
1.25064499534
1.24744104291
1.24323556297
1.23779291759
1.23079712824
1.22183515561
1.21038174235
1.19578898953
1.17728490136
1.15398592777
1.12492868042
1.08912506479
1.04564270862
0.993708677695
0.932829377539
0.862914025314
0.78438415456
0.698248061704
0.606117830061
0.51015525237
0.412986104673
0.317661704176
0.224967768528
0.151638095289
0.0729453874751
0.0453506814734
0.0378909943835
0.0434542160793
0.0660689245922
0.130583300972
0.186856157959
0.254203398124
0.320108655332
0.384343738712
0.445844812704
0.504065810969
0.558801839409
0.610049898823
0.657923591383
0.70259778319
0.744273438681
0.783156505001
0.819446166331
0.853329025141
0.884976838522
0.914546261506
0.94217963076
0.968006210273
0.992143569796
1.01469892111
1.03577032961
1.05544777165
1.0738140368
1.09094548819
1.10691270003
1.12178099209
1.13561087996
1.1484584572
1.16037572327
1.17141086812
1.1816085224
1.19100998011
1.19965339879
1.20757398096
1.21480413908
1.22137364498
1.22730976296
1.28183962992
1.28566588671
1.2889090467
1.29158818159
1.29372004938
1.29531897897
1.29639662253
1.29696151274
1.2970183366
1.29656680538
1.29559996104
1.29410171474
1.29204336788
1.28937882926
1.2860382285
1.28191965978
1.27687890251
1.2707171952
1.26316752703
1.25388048601
1.24241146739
1.22821194747
1.21062843735
1.18891342116
1.16225273745
1.12981311915
1.09081165928
1.0446057001
0.990797265881
0.929341287363
0.860642470121
0.785623011292
0.705744430903
0.622975724215
0.539721922233
0.458734096957
0.382935800636
0.317910038061
0.26280453746
0.231588334723
0.219049631396
0.222016114344
0.241312486472
0.279895077837
0.325015038821
0.376624005081
0.430497969435
0.48472729576
0.538056076987
0.589697525997
0.63919350972
0.686305438289
0.730937437157
0.773083592977
0.812792447321
0.850143720001
0.885233497483
0.918165100545
0.949043642524
0.977972912563
1.0050536786
1.03038282915
1.05405299246
1.07615241536
1.0967649753
1.11597025541
1.1338436456
1.15045645213
1.16587600832
1.18016578438
1.19338549681
1.20559121824
1.21683548896
1.22716743083
1.23663286369
1.24527442443
1.253131688
1.26024128949
1.26663704609
1.27235007694
1.27740891831
1.33262919753
1.33553504249
1.33784431169
1.33957695571
1.34075059959
1.34138048303
1.3414792932
1.34105683661
1.34011947566
1.33866922847
1.33670239724
1.33420755355
1.33116267089
1.32753116429
1.32325658638
1.31825575843
1.31241020997
1.305555994
1.29747226916
1.28786952094
1.27637893133
1.26254515874
1.24582555113
1.22559939961
1.20119098763
1.17190960374
1.1371081015
1.09625889421
1.04904261512
0.995440558636
0.935818325345
0.870986078798
0.802222165649
0.731253683632
0.660201202858
0.591509778251
0.527909524314
0.472663701499
0.428050708527
0.398698642587
0.384309861742
0.383841521497
0.396899909568
0.422711676925
0.456851376292
0.497088892871
0.540900645121
0.586470859319
0.632510393588
0.678121703744
0.722696412436
0.765834471774
0.807283165299
0.846892646013
0.884584246813
0.920328279881
0.954128678393
0.986012441381
1.0160223755
1.04421206263
1.07064231592
1.09537863002
1.11848930117
1.14004400747
1.16011271476
1.17876482152
1.19606848624
1.21209009906
1.22689387085
1.24054151975
1.25309203941
1.26460153613
1.27512312385
1.2847068677
1.29339976779
1.30124577609
1.30828584006
1.31455796751
1.32009730757
1.32493624321
1.32910449019
1.38456103456
1.38655435124
1.38794262448
1.38874648892
1.38898423962
1.38867182569
1.38782275886
1.38644789291
1.38455501213
1.38214814462
1.37922648903
1.37578281271
1.37180114776
1.36725358694
1.36209597264
1.35626229675
1.34965770792
1.34215018196
1.33356117747
1.32365599266
1.31213506099
1.29862803928
1.28269316639
1.26382485478
1.24147261224
1.21507393412
1.18410254161
1.14813116546
1.10690509829
1.06041936545
1.00898933254
0.953302918605
0.894443552065
0.833877717792
0.773409556988
0.71511421204
0.661264969982
0.614261828254
0.576274524646
0.549541715423
0.534645823621
0.531358123785
0.539158823712
0.556958353466
0.582597327402
0.614188178697
0.649907758267
0.688241636238
0.728001008435
0.768278955245
0.808397187595
0.847856101892
0.886292927052
0.923448745351
0.959143335433
0.99325629139
1.02571292389
1.05647368987
1.08552617925
1.11287894412
1.13855666349
1.16259629206
1.18504395178
1.2059523999
1.22537895729
1.24338381261
1.26002863912
1.27537547424
1.28948582127
1.30241993898
1.31423629001
1.3249911225
1.3347381633
1.34352840357
1.35140996062
1.3584280018
1.36462471879
1.37003934188
1.37470818582
1.37866471956
1.38193965305
1.43717829385
1.438277308
1.43876885589
1.43867397888
1.43801136666
1.43679740056
1.43504613193
1.43276915967
1.42997535644
1.42667037516
1.42285584484
1.4185281402
1.41367658387
1.40828091985
1.40230789003
1.39570676567
1.38840374891
1.38029528821
1.37124056609
1.361053734
1.34949688852
1.33627527797
1.32103673168
1.30337769813
1.28285839742
1.25902924567
1.23146971965
1.19983911159
1.16393625698
1.12376261513
1.07958062599
1.03195785662
0.981787960122
0.930282518379
0.878933183175
0.829448696876
0.783671330011
0.743469515315
0.710567816915
0.686417509724
0.671707424464
0.666520128362
0.670500508531
0.682824684303
0.702200936217
0.727259471484
0.75664155027
0.789121950185
0.823656724352
0.859384974486
0.895611510492
0.931783197144
0.967465334872
1.00232073661
1.03609215388
1.06858783321
1.09966969893
1.12924363674
1.15725143171
1.18366401706
1.20847578037
1.23169974366
1.25336348161
1.27350567431
1.29217321082
1.30941877301
1.32529883753
1.3398720406
1.35319785531
1.36533553616
1.37634329042
1.38627764004
1.39519294273
1.40314104441
1.41017103957
1.41632911935
1.4216584903
1.42619934963
1.42998890499
1.43306142876
1.43544833823
1.49001630687
1.49024713875
1.48987508895
1.48892124984
1.4874043575
1.48534087984
1.48274505747
1.47962886812
1.47600187446
1.47187090053
1.46723946403
1.46210687176
1.45646686497
1.4503056852
1.44359942537
1.43631054668
1.42838349168
1.41973942576
1.41027030852
1.39983274632
1.38824240822
1.37527017804
1.36064161411
1.3440416033
1.32512619977
1.30354338067
1.27896369446
1.25112044997
1.21985725103
1.18517856052
1.14729701499
1.10667000569
1.06401820717
1.02032065238
0.976784361874
0.934789909709
0.895815248785
0.861338964929
0.832719608166
0.811057422371
0.797010215593
0.790800250129
0.792263663763
0.800872077558
0.815796904343
0.836065980765
0.860657765595
0.888585424434
0.918947145423
0.950948003413
0.98390473491
1.01724128801
1.0504800836
1.08323176546
1.11518480228
1.14609553625
1.17577890698
1.20409992417
1.23096590492
1.25631947226
1.28013230307
1.30239960526
1.32313529522
1.34236783609
1.36013668955
1.37648932696
1.39147874255
1.40516141003
1.41759562556
1.42884018306
1.43895333179
1.44799197135
1.45601104419
1.46306309091
1.46919793857
1.47446249666
1.47890063968
1.48255315848
1.485457766
1.48764914526
1.48915902965
1.54260601954
1.54200058293
1.5408046599
1.53903897007
1.53672188592
1.53386956036
1.5304960214
1.52661321116
1.52223093776
1.51735669709
1.51199530715
1.50614828197
1.4998128555
1.492980553
1.48563520253
1.47775029067
1.46928560559
1.46018318853
1.45036274646
1.43971687183
1.42810667188
1.41535871336
1.40126449899
1.38558394091
1.3680543853
1.3484065572
1.32638822922
1.30179541463
1.27450948154
1.24453695347
1.21204722571
1.17740242192
1.14117358271
1.10413857869
1.06725940588
1.0316390062
0.998459371792
0.968903725402
0.944065353372
0.924845752458
0.911858550636
0.905402770679
0.905469384688
0.911760351311
0.923738910183
0.940710577065
0.961893060578
0.986479483322
1.01368570351
1.04278098625
1.07310566981
1.10407952347
1.13520379756
1.16605916039
1.19630102644
1.22565330324
1.2539012768
1.28088415527
1.30648764936
1.33063686097
1.35328966517
1.3744306999
1.39406602101
1.41221843613
1.42892349853
1.44422612023
1.45817774997
1.47083405489
1.48225304307
1.49249356556
1.50161414073
1.50967204881
1.51672265054
1.52281888974
1.52801094542
1.5323460044
1.53586813017
1.53861820808
1.54063395042
1.54194994817
1.54259775858
1.59447699101
1.5930714216
1.59109612905
1.58857098416
1.58551354086
1.58193919667
1.57786133181
1.57329140972
1.56823901488
1.56271179481
1.55671526219
1.55025240031
1.54332300208
1.53592266262
1.52804134072
1.51966141324
1.51075517492
1.50128179602
1.49118384906
1.48038366363
1.46877996333
1.45624547039
1.44262640235
1.42774497878
1.41140613187
1.39340948731
1.37356727026
1.35172805105
1.32780520079
1.30180770214
1.27386979002
1.2442750956
1.21347085165
1.18206847486
1.1508283688
1.12062859879
1.09241859566
1.06716025012
1.04575934719
1.02899131061
1.01743526128
1.01143780131
1.01109957311
1.01628041526
1.02662866564
1.04162948961
1.06065699626
1.08302598312
1.10803680599
1.13501029593
1.16331264748
1.19237142631
1.22168430081
1.25082214834
1.27942802324
1.30721324561
1.33395163813
1.35947272322
1.38365450022
1.40641625621
1.42771172353
1.44752278334
1.46585382558
1.48272680861
1.49817701466
1.51224946546
1.524995943
1.53647255077
1.54673774737
1.55585078585
1.56387049632
1.57085435512
1.57685779042
1.58193368088
1.58613201038
1.58949964754
1.59208022454
1.5939140939
1.59503834631
1.59548687561
1.59529048006
1.64516017358
1.64299389866
1.64028726607
1.6370587907
1.63332472912
1.62909926553
1.6243946854
1.61922152391
1.61358867152
1.60750341179
1.60097135798
1.59399624526
1.58657952502
1.57871969945
1.57041133039
1.56164366244
1.55239882084
1.54264958867
1.53235684192
1.52146683052
1.50990864004
1.49759234248
1.4844085253
1.47023003718
1.45491685318
1.43832487907
1.42031922399
1.40079193949
1.3796834673
1.35700614709
1.33286727772
1.3074886287
1.28121918525
1.25453839971
1.22804820905
1.20245318675
1.17852899488
1.15707977313
1.13888562582
1.12464337023
1.11490995838
1.11005953914
1.11025667699
1.11544867393
1.12538097715
1.13963185354
1.15765711507
1.17883798849
1.20252555394
1.22807767681
1.25488694199
1.28239974741
1.31012763066
1.3376522941
1.36462584621
1.39076764667
1.41585893278
1.43973617221
1.46228386363
1.48342730871
1.50312571258
1.52136583663
1.53815632541
1.55352275453
1.56750339441
1.58014565098
1.59150312408
1.60163321483
1.61059521033
1.61844877603
1.62525279098
1.63106446771
1.63593870548
1.63992763268
1.64308030113
1.645442501
1.64705667083
1.64796188161
1.64819387837
1.64778516589
1.6467651282
1.69419076944
1.69130625008
1.68791919169
1.68404624081
1.67970187898
1.67489862597
1.66964723742
1.66395688773
1.65783532577
1.651288985
1.64432302358
1.63694126194
1.62914597745
1.62093750906
1.612313621
1.60326857812
1.59379189998
1.58386679248
1.57346830928
1.56256137603
1.55109891762
1.53902045776
1.52625169488
1.51270567217
1.49828621428
1.48289425337
1.46643747039
1.44884331009
1.43007490263
1.41014880704
1.38915290739
1.36726240509
1.34475181142
1.32200119105
1.29949544537
1.27781567543
1.25762112445
1.23961910664
1.22452049056
1.21298265015
1.20554955197
1.20259939868
1.20430723684
1.21063048765
1.22132294994
1.235971616
1.254044903
1.27494250674
1.29804004492
1.32272500214
1.34842308118
1.3746155823
1.40084916628
1.42673959894
1.45197103392
1.47629220865
1.49951069158
1.52148607588
1.54212278971
1.56136299912
1.5791799198
1.59557172884
1.61055617247
1.6241658984
1.63644449473
1.64744318804
1.65721813705
1.66582825075
1.67333345892
1.6797933664
1.6852662277
1.68980818567
1.69347272516
1.69631029952
1.69836809478
1.69968990225
1.70031607552
1.70028355282
1.69962592927
1.6983735672
1.69655373529
1.7411115051
1.73755459838
1.7335408557
1.72908456673
1.72419798891
1.71889155925
1.71317410515
1.70705304868
1.70053459549
1.69362389576
1.68632515935
1.6786417015
1.67057588898
1.66212895126
1.65330061757
1.64408854287
1.63448749496
1.62448829737
1.61407656056
1.6032312919
1.5919235522
1.58011542104
1.56775963177
1.55480032401
1.54117540711
1.52682100343
1.51167831506
1.49570301734
1.47887694158
1.46122142071
1.44281133788
1.42378876451
1.40437519732
1.38488173715
1.36571668082
1.3473890281
1.33050338766
1.31573745007
1.30379290923
1.29532271274
1.29085549117
1.29073131877
1.2950583821
1.30370392499
1.31632786373
1.33244080295
1.35146543905
1.37278948567
1.3958062117
1.4199429272
1.444679329
1.46955786495
1.49418805837
1.51824642165
1.5414732922
1.5636676639
1.5846808599
1.60440969453
1.62278960009
1.63978805036
1.65539849385
1.66963491787
1.68252709405
1.69411650647
1.70445292965
1.71359160327
1.72159093926
1.72851069347
1.73441053481
1.73934894886
1.74338241895
1.74656483416
1.74894708062
1.75057677901
1.75149813738
1.75175189377
1.75137532795
1.75040232592
1.74886348408
1.74678624329
1.74419504514
1.78547666306
1.78129747478
1.7767140413
1.77173786191
1.7663785782
1.76064418512
1.75454124454
1.74807509822
1.74125007458
1.73406968084
1.72653676813
1.71865365266
1.71042217089
1.70184364238
1.69291871066
1.68364703301
1.67402679604
1.6640540488
1.65372187158
1.64301943885
1.63193109024
1.62043559046
1.60850583173
1.59610929697
1.58320964167
1.56976974546
1.55575651407
1.54114757247
1.52593979974
1.51015947192
1.49387369803
1.47720298021
1.46033516583
1.44354159207
1.42719599842
1.41179387504
1.39796189537
1.38643518932
1.37797875255
1.37326506729
1.372772549
1.37671570199
1.38500803415
1.3972814767
1.41298012504
1.43146298221
1.45207914881
1.47421209628
1.49730196547
1.52085498252
1.54444594553
1.56771699294
1.59037423817
1.6121830747
1.63296263401
1.65257975598
1.67094277356
1.6879953672
1.70371069349
1.71808593856
1.73113739399
1.74289610617
1.7534041117
1.76271124246
1.77087246382
1.77794569685
1.78399006945
1.78906453935
1.7932268338
1.79653265452
1.79903510138
1.80078427404
1.80182701612
1.80220677232
1.80196353339
1.80113384887
1.79975089112
1.79784455766
1.79544160199
1.79256578517
1.78923804272
1.82685715653
1.82211119146
1.81701905727
1.81158911577
1.80582808621
1.79974124633
1.79333263869
1.78660528073
1.77956137563
1.77220251858
1.76452989014
1.75654442503
1.74824694044
1.73963820457
1.73071892293
1.72148961982
1.71195039553
1.70210054941
1.69193807675
1.68145907503
1.67065713336
1.65952282683
1.64804348921
1.63620348675
1.62398524956
1.61137132418
1.59834768298
1.58490846712
1.57106228161
1.55684017423
1.54230564336
1.52756760001
1.51279825583
1.49825909431
1.48433778608
1.47159287798
1.46078448899
1.45283763813
1.4486761286
1.44897248059
1.45403778933
1.46378302558
1.47771015748
1.49499747847
1.51474492003
1.53613645834
1.55849528144
1.5812800546
1.6040618638
1.62650066097
1.64832692428
1.66932862968
1.68934203806
1.70824481282
1.72595042691
1.74240325513
1.75757405996
1.77145576733
1.78405952517
1.79541107631
1.80554748193
1.8145142215
1.82236267837
1.82914800429
1.83492734289
1.83975838272
1.84369820506
1.84680238931
1.84912433869
1.8507147912
1.85162148339
1.85188893804
1.85155835099
1.85066755549
1.84925104658
1.84734005072
1.84496262922
1.84214380618
1.83890571409
1.83526775199
1.83124675264
1.86484682548
1.85959619914
1.85406121078
1.84824685347
1.84215672816
1.83579322633
1.82915771994
1.82225075864
1.81507227282
1.80762177959
1.79989858643
1.79190198456
1.7836314209
1.77508663457
1.76626774123
1.7571752474
1.74780997878
1.73817291197
1.72826491063
1.71808638551
1.70763692382
1.69691496671
1.68591765078
1.67464096644
1.66308041617
1.65123237331
1.63909634791
1.62667837738
1.61399582492
1.60108409842
1.58800639892
1.57486887609
1.56184579714
1.54922219785
1.53746223847
1.52730109074
1.5198176143
1.51635999974
1.5181455299
1.52567140897
1.53877497179
1.55673449862
1.57828980106
1.60183189587
1.62605820681
1.65011726284
1.67351019249
1.6959593647
1.71731182303
1.73748156601
1.75641884779
1.77409522844
1.79049686074
1.80562166222
1.81947806083
1.83208418575
1.84346702072
1.85366137021
1.86270864604
1.87065554429
1.87755269565
1.88345336219
1.88841223537
1.89248437011
1.89572427278
1.89818514698
1.89991829151
1.90097263863
1.90139441671
1.90122692049
1.90051037141
1.89928185209
1.89757530001
1.89542154771
1.8928483983
1.88988072751
1.88654060472
1.88284742747
1.87881806526
1.87446700963
1.86980652874
1.89906997674
1.89338443507
1.88747804674
1.88135234507
1.87500774782
1.86844371417
1.86165891082
1.85465138808
1.84741876565
1.83995842685
1.83226771816
1.82434414884
1.8161855832
1.80779041513
1.79915771266
1.79028731866
1.78117989425
1.77183689454
1.7622604734
1.75245332565
1.74241849276
1.73215918045
1.72167866357
1.71098038147
1.7000683547
1.68894808023
1.67762809725
1.66612249007
1.65445478765
1.64266420591
1.63081630824
1.61902254367
1.60747758427
1.59653015003
1.58680835054
1.57940705576
1.57606303653
1.57901616114
1.58999121739
1.60858789215
1.63348706876
1.66283841797
1.69411065892
1.72434161439
1.75212738061
1.77713032633
1.79948560958
1.81947383501
1.8373820275
1.8534570125
1.86789727581
1.88085865981
1.89246368884
1.90281061326
1.91198087679
1.92004477039
1.92706544442
1.93310158266
1.93820905577
1.94244183687
1.94585241143
1.94849186132
1.95040975661
1.95165394973
1.9522703363
1.95230262344
1.95179212959
1.95077762794
1.94929523732
1.94737835942
1.94505765811
1.9423610752
1.93931387629
1.93593872068
1.93225574967
1.92828268866
1.92403495882
1.91952579555
1.91476637137
1.90976592183
1.90453187392
1.92919000114
1.92314750544
1.91694720387
1.91058723639
1.90406491704
1.89737685984
1.89051911564
1.88348732113
1.87627686041
1.868883039
1.86130126847
1.85352725866
1.84555721228
1.83738801467
1.82901740962
1.82044415044
1.81166811519
1.8026903763
1.79351321874
1.78414010832
1.77457562276
1.76482537392
1.75489596785
1.74479507227
1.73453168572
1.72411673769
1.71356420869
1.70289309537
1.69213087685
1.68131994101
1.67053030374
1.6598860959
1.64962176439
1.64019904232
1.63253503187
1.62838769777
1.63080568826
1.64397804972
1.67061146633
1.70669277949
1.7486169954
1.79303586378
1.83552594416
1.8704209723
1.89798514732
1.91975878916
1.93717091414
1.95129758763
1.96290623575
1.9725379696
1.98057507879
1.98728957748
1.99287723364
1.99748136896
2.00120948689
2.00414482808
2.00635431924
2.00789396029
2.00881240374
2.00915327207
2.00895660751
2.0082597372
2.00709775487
2.00550375989
2.00350895101
2.00114263997
1.99843222783
1.99540317078
1.99207895099
1.98848106104
1.9846290051
1.98054031741
1.97623059678
1.97171355469
1.96700107478
1.96210328107
1.95702861298
1.95178390537
1.94637447238
1.9408041945
1.93507560859
1.95491869838
1.94860537143
1.94219458919
1.93568132893
1.92906002877
1.92232467965
1.91546892994
1.90848620389
1.90136983486
1.89411321348
1.88670995033
1.87915405096
1.87144010017
1.86356345034
1.85552040708
1.84730840384
1.83892615653
1.83037378903
1.82165292284
1.81276672811
1.80371994053
1.79451885865
1.78517135002
1.77568691203
1.76607685817
1.75635474139
1.74653720924
1.73664568182
1.72670972345
1.71677416326
1.70691488522
1.69727494625
1.68814780299
1.68016565701
1.67470497982
1.67467296304
1.68569454254
1.71652508021
1.77261781367
1.83585827312
1.90065123418
1.96321260179
2.01661256933
2.04754957113
2.06590238694
2.07707903037
2.08388626644
2.08787436499
2.08996671733
2.09074269784
2.09057581952
2.08970971491
2.08830407325
2.08646397945
2.08425913424
2.08173655376
2.07892895092
2.07586022155
2.07254898043
2.06901078546
2.06525948471
2.06130798437
2.05716864171
2.05285342286
2.04837391975
2.04374128943
2.03896615691
2.03405850749
2.02902758411
2.0238817982
2.01862865808
2.0132747157
2.00782553108
2.00228565272
1.99665861198
1.99094692908
1.9851521291
1.9792747661
1.97331445432
1.96726990559
1.96113897266
1.97602574953
1.96953504352
1.96300243079
1.95642011549
1.94978002922
1.94307388909
1.93629326972
1.92942969033
1.92247471804
1.91542008777
1.90825783876
1.90098046676
1.89358108955
1.88605362257
1.87839295942
1.87059515104
1.86265757607
1.85457909453
1.84636017779
1.83800300988
1.82951155962
1.82089162964
1.81215089854
1.80329898699
1.79434760275
1.7853108662
1.7762060214
1.76705498973
1.75788785675
1.74875099181
1.73972657207
1.73098048228
1.72288055
1.71628568352
1.71323241078
1.71846743117
1.74245497097
1.80527154426
1.9241548976
2.02374635478
2.11372982078
2.19460676188
2.25646773181
2.25635616326
2.24975830285
2.24108318115
2.23149750978
2.22155370287
2.21159227929
2.20181750125
2.19233724646
2.18319561725
2.17439754263
2.16592565691
2.15775121783
2.14984090061
2.14216087507
2.13467913036
2.12736668133
2.1201980697
2.11315142973
2.10620829542
2.09935326566
2.092573603
2.08585881478
2.07920024666
2.07259070591
2.06602412365
2.05949525925
2.05299944695
2.04653238214
2.04008994394
2.03366804989
2.02726253866
2.02086907687
2.01448308629
2.00809968852
2.00171366446
1.99531942647
1.98891100192
1.98248202685
1.99234762622
1.98577865701
1.97921665508
1.97265158115
1.9660733532
1.95947187331
1.95283706931
1.94615895227
1.93942769087
1.93263370304
1.92576776537
1.91882113966
1.91178571541
1.90465416574
1.89742011328
1.89007830107
1.88262476248
1.87505698358
1.86737405112
1.85957678033
1.85166781946
1.84365173205
1.83553506547
1.8273264272
1.81903661345
1.81067888568
1.80226960987
1.79382977245
1.78538865932
1.7769930076
1.76873028388
1.76078891918
1.75361585924
1.74832965857
1.74779250494
1.75931180971
1.80121273224
1.92129591833
2.0424262036
2.1562259347
2.26180270894
2.35709611893
2.43359054815
2.46775468445
2.42622241552
2.39387274536
2.36582274946
2.3407845654
2.31822465098
2.29778059276
2.27915227445
2.26208250105
2.24635120881
2.23177088687
2.21818212124
2.20544951244
2.19345810501
2.18211032201
2.1713233434
2.16102686113
2.15116115281
2.14167542713
2.13252640311
2.1236770921
2.11509575617
2.10675501994
2.09863111589
2.0907032452
2.08295303839
2.07536410144
2.0679216353
2.06061211743
2.05342303621
2.04634266978
2.03935990238
2.03246407218
2.02564484569
2.01889211466
2.01219591233
2.00554634632
1.99893354646
2.0037951403
1.99725022767
1.99075297042
1.98429172416
1.97785498057
1.97143136818
1.96500966832
1.95857884694
1.95212810313
1.94564693487
1.93912522261
1.93255333026
1.9259222232
1.91922360143
1.91245004543
1.90559517109
1.8986537889
1.89162206195
1.8844976566
1.87727988024
1.86996980149
1.86257035146
1.85508641019
1.84752489332
1.83989487725
1.8322078532
1.82447832979
1.8167253341
1.80897623298
1.80127663761
1.79371655205
1.78650070237
1.78014118688
1.77599388224
1.77776275075
1.7955925788
1.85516257321
1.99337600438
2.12213308672
2.24401403174
2.35856215584
2.46309114968
2.54979950143
2.59870067172
2.55937685717
2.51299952192
2.47023545593
2.43257937967
2.39953375815
2.37032914617
2.3442868669
2.32086243285
2.29962499141
2.28023120595
2.26240435697
2.24591897199
2.23058960496
2.21626252315
2.20280942382
2.19012259261
2.1781111095
2.1666978338
2.15581698067
2.14541215515
2.13543474586
2.12584260501
2.11659895888
2.10767150543
2.09903166474
2.09065395515
2.08251547288
2.07459545723
2.06687492678
2.0593363744
2.05196351128
2.04474105174
2.03765453232
2.03069015962
2.02383468262
2.01707528609
2.01039950249
2.01035883704
2.00394038571
1.99760103912
1.99132825229
1.98510973418
1.97893342964
1.97278751597
1.96666041458
1.96054081845
1.95441773608
1.94828055214
1.94211910528
1.93592378249
1.92968562909
1.92339647262
1.91704905797
1.91063718991
1.90415587884
1.89760148442
1.89097185193
1.88426643662
1.87748641342
1.87063477363
1.86371641996
1.85673829301
1.849709614
1.84264245966
1.83555322504
1.82846643789
1.82142486065
1.81451669488
1.8079503275
1.80226498229
1.7989459704
1.80232901858
1.82614572998
1.92054873983
2.04275674191
2.16945255598
2.29353937598
2.41179493103
2.52051632969
2.61207205143
2.66953194436
2.66047444101
2.58728589385
2.53179470079
2.48609017178
2.44695246103
2.41273645954
2.38242074968
2.35528753504
2.3307972877
2.30852946858
2.28814909602
2.26938534787
2.25201676186
2.23586051927
2.22076445726
2.20660099205
2.19326242168
2.18065724684
2.16870725637
2.15734519586
2.14651288676
2.13615969792
2.12624129552
2.11671861515
2.10755701244
2.09872555826
2.09019645162
2.08194452882
2.07394685178
2.06618236156
2.05863158586
2.05127639151
2.04409977432
2.03708568051
2.03021885478
2.02348471125
2.01686922431
2.01211152885
2.00591846946
1.99982619332
1.99382197572
1.98789339881
1.98202832294
1.97621487097
1.97044142633
1.96469664523
1.95896948363
1.95324923959
1.94752561113
1.94178876972
1.93602944869
1.93023904557
1.92440973633
1.91853459892
1.91260774249
1.90662443836
1.90058124795
1.89447614358
1.88830861903
1.88207979042
1.87579249614
1.86945142462
1.86306334753
1.85663766071
1.85018776115
1.84373465988
1.83731660072
1.83101501661
1.82502563176
1.81985636918
1.81688618117
1.81994986228
1.83967444085
1.90303006872
2.04726288044
2.18013322751
2.30603793275
2.42482393304
2.53323033258
2.62325345606
2.67616909133
2.63606488453
2.58566937827
2.53756298992
2.49429776294
2.45584894013
2.42162170009
2.39097839414
2.36336188748
2.3383105953
2.31544708347
2.29446263246
2.27510343254
2.25715940512
2.24045542294
2.22484446345
2.21020225893
2.19642309095
2.18341645963
2.17110442488
2.15941946756
2.14830275639
2.1377027341
2.12757395699
2.11787613715
2.108573348
2.0996333621
2.09102709692
2.08272814904
2.07471240106
2.0669576887
2.05944351769
2.05215082235
2.04506175881
2.03815952767
2.03142822144
2.02485269335
2.01841844474
2.00920745295
2.00333152383
1.99756829451
1.99190554554
1.98633135473
1.98083406589
1.97540226842
1.97002478826
1.96469069087
1.95938929675
1.95411021018
1.94884336152
1.94357906337
1.93830808032
1.93302171164
1.92771188575
1.92237126441
1.91699335421
1.91157262197
1.90610461052
1.90058605111
1.89501496973
1.88939078735
1.88371442101
1.87798841057
1.87221713939
1.86640732935
1.86056928314
1.85472012087
1.84889233951
1.84315667474
1.83768371029
1.83291106425
1.82999789313
1.83204892515
1.8473115679
1.89705896895
2.03529744928
2.1622202086
2.28407630218
2.39894584597
2.50208892388
2.58410262024
2.62924482311
2.58111218175
2.53745787647
2.49754491329
2.46122926827
2.42825249969
2.39826969786
2.37092453673
2.34588788018
2.32287040357
2.3016231518
2.28193361522
2.26362067017
2.24652968558
2.2305282188
2.215502375
2.20135377896
2.18799707181
2.17535784408
2.16337092648
2.15197897248
2.14113127879
2.13078280039
2.12089332487
2.11142677792
2.10235063702
2.09363543482
2.08525433709
2.07718278274
2.06939817583
2.06187962101
2.05460769569
2.04756425287
2.04073225023
2.03409560131
2.02763904586
2.0213480366
2.0152086405
2.00187779776
1.99639997952
1.99103754132
1.98577936882
1.98061458138
1.97553250542
1.9705226557
1.96557472535
1.96067858512
1.95582429263
1.95100211233
1.94620254663
1.94141637873
1.9366347271
1.93184911154
1.92705152997
1.92223454468
1.91739137639
1.91251600357
1.9076032643
1.90264895781
1.89764994324
1.89260423572
1.88751110527
1.88237119931
1.87718674657
1.87196199576
1.86670428825
1.86142680677
1.85615573391
1.85094902789
1.84594585574
1.8414968601
1.83850656085
1.83932960179
1.85013406285
1.88756227116
2.00206815086
2.10947734048
2.22411448491
2.33161677018
2.4241209165
2.48746061086
2.52171165262
2.47987418854
2.44799903698
2.42016634162
2.39450243151
2.37043098467
2.34776213117
2.32640608925
2.30629072133
2.28734235135
2.26948440431
2.25263990485
2.23673396125
2.22169543929
2.20745787417
2.19395983434
2.18114493266
2.16896162804
2.15736291301
2.14630594848
2.13575168323
2.1256644804
2.11601176375
2.10676368966
2.09789284782
2.08937399047
2.08118378927
2.07330061784
2.06570435775
2.05837622568
2.05129861943
2.04445498055
2.03782967184
2.03140786776
2.02517545634
2.01911895122
2.01322541293
2.00748237833
1.99042265209
1.98541006236
1.98050727251
1.97570474703
1.97099308033
1.96636298014
1.96180525558
1.95731081104
1.95287064627
1.94847586385
1.94411768457
1.93978747144
1.93547676303
1.93117731635
1.92688115936
1.92258065291
1.91826856127
1.91393813026
1.90958317114
1.90519814845
1.90077826955
1.89631957411
1.89181902347
1.88727459465
1.88268539557
1.87805184882
1.87337606805
1.86866274698
1.86392138212
1.85917193572
1.85445933132
1.84989050258
1.84572843867
1.84262761001
1.84220865498
1.84839386365
1.87011553377
1.92350652304
1.99698359664
2.11965076768
2.21795484949
2.29394813759
2.31185380457
2.33405165678
2.33491569511
2.32791159134
2.31738745181
2.30503175684
2.29168305717
2.27784590461
2.26385289513
2.24992865562
2.23622373578
2.22283654795
2.20982874908
2.19723622873
2.18507695127
2.17335652675
2.16207215151
2.151215387
2.14077411385
2.13073390203
2.12107896719
2.1117928341
2.10285879219
2.09426020373
2.08598070742
2.07800434799
2.07031565338
2.06289967518
2.05574200331
2.04882876283
2.04214659862
2.03568265178
2.02942453078
2.0233602793
2.01747834218
2.01176753059
2.00621698717
2.00081615173
1.99555472804
1.97519975086
1.97070326609
1.9663040654
1.96199451117
1.95776696903
1.95361380423
1.94952737971
1.94550005695
1.94152420022
1.93759218547
1.93369641446
1.9298293351
1.92598346858
1.92215144388
1.91832603996
1.91450023569
1.91066726721
1.90682069214
1.90295445962
1.89906298477
1.89514122628
1.89118476573
1.88718988882
1.88315367227
1.87907408957
1.87495017255
1.87078232515
1.86657303371
1.86232858815
1.85806334787
1.85381034559
1.84964745854
1.84576096432
1.84259544831
1.84118906093
1.84384528594
1.85512556608
1.88163817494
1.92399858416
1.98762773486
2.05329970031
2.11143210547
2.14947658291
2.17823618548
2.19549031471
2.20429037786
2.20734494863
2.2064878581
2.20292767741
2.19748367477
2.19073052655
2.18308182056
2.17483999383
2.16622813994
2.15741146794
2.14851238516
2.13962137618
2.13080497402
2.12211165977
2.11357625959
2.10522324014
2.0970691901
2.08912469702
2.08139577257
2.07388493887
2.06659205925
2.05951497564
2.05264999862
2.04599228499
2.03953612898
2.03327518675
2.02720264938
2.02131137562
2.01559399324
2.0100429757
2.00465069944
1.99940948579
1.99431163064
1.98934942457
1.98451516543
1.97980116492
1.95661068118
1.95266348149
1.94879566269
1.94500163661
1.94127568699
1.9376119796
1.93400457132
1.93044741931
1.92693439121
1.92345927734
1.92001580592
1.91659766211
1.91319851157
1.90981202936
1.90643193453
1.90305203075
1.89966625301
1.89626872021
1.89285379302
1.88941613637
1.88595078561
1.88245321553
1.87891941264
1.87534595353
1.87173009955
1.86806993582
1.8643646263
1.86061496384
1.85682465424
1.85300339795
1.84917430141
1.8453914832
1.84178085225
1.83863051261
1.83657623935
1.83692744155
1.84204466612
1.85511407165
1.87799616938
1.91223706248
1.95242019096
1.99270505864
2.02705247669
2.05548840909
2.07729064734
2.09300360741
2.10366498258
2.11031197495
2.11382214804
2.11489730082
2.11408905774
2.11182974319
2.10845875656
2.10424324261
2.09939396406
2.09407749253
2.08842562305
2.08254268562
2.07651124992
2.07039659341
2.06425021212
2.05811258776
2.05201537523
2.0459831372
2.04003472375
2.03418437318
2.02844259289
2.0228168665
2.017312223
2.011931696
2.00667669514
2.00154730695
1.99654253894
1.99166051762
1.9868986492
1.98225374975
1.97772215051
1.97329978262
1.96898224508
1.96476485886
1.96064270962
1.93508543649
1.93170257711
1.92837744491
1.9251064881
1.92188590828
1.91871168271
1.91557958355
1.91248519503
1.90942392982
1.90639104533
1.90338166109
1.90039077798
1.89741330013
1.89444406014
1.89147784839
1.88850944665
1.88553366644
1.88254539208
1.87953962836
1.87651155243
1.87345656948
1.8703703718
1.86724900173
1.86408892058
1.86088709144
1.85764109621
1.85434933852
1.85101145875
1.84762926264
1.84420887126
1.84076571143
1.83733591229
1.8340014882
1.83094298673
1.82853960435
1.8275280276
1.82916064784
1.83510964537
1.8467919576
1.86508053468
1.88852434235
1.91447366228
1.93988002617
1.96319608091
1.98338961448
2.00007688192
2.01334220697
2.02350862337
2.03098270186
2.03617290839
2.03945378372
2.04115388501
2.0415547538
2.04089447929
2.03937283236
2.03715661683
2.03438466826
2.0311722918
2.02761509539
2.02379224738
2.01976921707
2.01560006584
2.01132935476
2.0069937294
2.00262323489
1.99824240689
1.99387117686
1.98952562394
1.98521859985
1.98096024898
1.97675844161
1.97261913524
1.96854667612
1.9645440511
1.96061309794
1.95675468097
1.95296883769
1.94925490085
1.94561160015
1.94203714648
1.93852930176
1.91106633697
1.90824534885
1.90545827852
1.90270345076
1.89997885245
1.89728216367
1.89461078462
1.89196185931
1.889332297
1.88671879228
1.88411784479
1.88152577925
1.87893876673
1.87635284772
1.87376395767
1.87116795557
1.86856065584
1.86593786382
1.86329541498
1.86062921771
1.85793529959
1.85520985711
1.85244930915
1.84965035611
1.84681005041
1.84392589271
1.84099599023
1.8380193629
1.83499659795
1.83193130781
1.82883339215
1.82572620186
1.82266167973
1.81975039623
1.81721520768
1.81547044932
1.81519592968
1.81730728145
1.82271740284
1.83206292019
1.84510959524
1.86084539022
1.87782407479
1.89483006473
1.91091417875
1.92545656607
1.93814253938
1.94888402382
1.95773694261
1.96483703674
1.97035691037
1.97447980702
1.97738472666
1.97923865736
1.98019306872
1.98038286945
1.97992673425
1.97892814511
1.9774767605
1.97564988823
1.97351393621
1.97112577379
1.96853397254
1.96577991537
1.96289877533
1.9599203716
1.95686991341
1.95376864362
1.95063439369
1.94748206129
1.94432402048
1.9411704737
1.9380297535
1.93490858085
1.93181228626
1.92874499881
1.92570980753
1.92270889911
1.91974367507
1.9168148515
1.91392254352
1.88499235635
1.88271478183
1.88044659972
1.87818773458
1.87593771871
1.87369572806
1.87146061346
1.86923092824
1.86700495302
1.86478071844
1.86255602661
1.860328472
1.85809546247
1.85585424099
1.85360190874
1.85133544994
1.84905175893
1.84674766976
1.8444199885
1.84206552836
1.83968114768
1.8372637909
1.83481053284
1.83231862789
1.82978556797
1.82720915954
1.82458764412
1.82191991943
1.81920599057
1.8164479358
1.8136519897
1.81083294932
1.80802311508
1.80528924476
1.80276139655
1.8006735735
1.79940162647
1.7994588183
1.801406636
1.80570495352
1.812472438
1.82141720307
1.83192825199
1.8433093741
1.85490244737
1.86616767098
1.87671617494
1.88630361726
1.8948036916
1.9021768557
1.90844236381
1.91365633882
1.91789585791
1.92124799271
1.92380257478
1.925647621
1.92686659651
1.92753691619
1.92772926259
1.92750742847
1.92692848515
1.92604314254
1.9248962122
1.9235271151
1.92197039708
1.92025622908
1.91841087884
1.91645714703
1.91441476486
1.91230075285
1.91012974207
1.90791426002
1.90566498386
1.9033909638
1.90109981954
1.8987979126
1.89649049696
1.89418185054
1.89187538965
1.88957376845
1.88727896511
1.85728481191
1.85551850077
1.85373753984
1.85194309645
1.85013593326
1.84831644432
1.84648468719
1.84464041158
1.84278308535
1.8409119183
1.83902588447
1.83712374343
1.83520406112
1.83326523069
1.83130549388
1.82932296332
1.827315646
1.82528146836
1.82321830317
1.82112399818
1.81899640695
1.81683342175
1.81463300909
1.8123932488
1.81011237966
1.80778885837
1.80542144826
1.80300937465
1.80055262864
1.79805259355
1.79551334985
1.79294434123
1.79036559274
1.78781724023
1.78537515854
1.78317242008
1.78141996777
1.78040993595
1.78048250541
1.78195458871
1.78501262578
1.78964529598
1.79564636759
1.80268698683
1.81038810125
1.81838052805
1.82634480996
1.83402969595
1.84125424918
1.84790036648
1.85390127464
1.859229513
1.86388617622
1.86789206776
1.87128080743
1.87409366493
1.87637580624
1.87817364458
1.87953302899
1.88049805384
1.88111032001
1.88140851902
1.8814282437
1.88120195425
1.88075904791
1.88012599482
1.87932651326
1.87838176574
1.87731056275
1.87612956557
1.87485348225
1.87349525332
1.87206622496
1.87057630889
1.86903412844
1.8674471512
1.86582180868
1.86416360383
1.86247720703
1.86076654173
1.85903486042
1.82833519937
1.82703713606
1.82570176985
1.82433111348
1.82292680411
1.82149013569
1.82002208855
1.81852335651
1.81699437194
1.81543532914
1.81384620638
1.81222678706
1.81057668021
1.80889534071
1.80718208959
1.80543613454
1.80365659097
1.80184250376
1.79999286988
1.79810666187
1.79618285242
1.79422044003
1.79221847603
1.79017609384
1.78809254229
1.78596722756
1.78379977458
1.78159013122
1.77933876606
1.77704706463
1.77471813138
1.77235838067
1.76998055709
1.7676090876
1.76528863182
1.7630956906
1.7611503278
1.7596208499
1.75871243461
1.75863548232
1.75955584312
1.76155113007
1.76459277801
1.76856021573
1.77327015325
1.7785094766
1.78406388019
1.78973809678
1.79536717376
1.80082046183
1.80600069926
1.81084035407
1.81529680938
1.81934739197
1.82298478985
1.82621310161
1.82904457851
1.83149702396
1.83359177095
1.83535214424
1.83680231678
1.83796647898
1.8388682522
1.83953028954
1.8399740185
1.84021948945
1.84028530178
1.84018858607
1.83994502567
1.83956890518
1.83907317645
1.83846953507
1.8377685023
1.83697950877
1.83611097731
1.83517040318
1.83416443049
1.83309892414
1.83197903682
1.83080927097
1.8295935358
1.79849571776
1.79761512523
1.79667656015
1.79568248079
1.79463503574
1.79353608972
1.79238724817
1.79118988073
1.78994514373
1.7886540019
1.78731724939
1.78593553028
1.78450935866
1.78303913852
1.78152518335
1.77996773581
1.77836698721
1.77672309707
1.77503621257
1.77330648799
1.77153410394
1.7697192865
1.76786232628
1.76596359786
1.7640235809
1.76204288587
1.76002229112
1.75796280628
1.75586579279
1.7537332042
1.7515680659
1.74937540868
1.74716400214
1.74494935925
1.74275845551
1.74063612961
1.73865187964
1.73690389889
1.7355160368
1.73462461382
1.73435538657
1.73479864218
1.73599203487
1.73791689757
1.74050557636
1.74365521891
1.74724348161
1.75114272666
1.75523085891
1.75939835398
1.76355191623
1.76761558384
1.77153013154
1.77525148404
1.77874866439
1.78200162582
1.78499917707
1.78773711267
1.79021659466
1.79244279291
1.79442376883
1.79616957627
1.79769154986
1.79900175072
1.80011254203
1.80103626998
1.80178502925
1.80237049539
1.80280380958
1.8030955041
1.80325545888
1.80329288148
1.80321630469
1.8030335968
1.80275198096
1.80237806076
1.80191784986
1.80137680399
1.80075985414
1.80007143994
1.79931554274
)
;

boundaryField
{
    left
    {
        type            cyclic;
    }
    right
    {
        type            cyclic;
    }
    bottom
    {
        type            cyclic;
    }
    top
    {
        type            cyclic;
    }
    frontAndBack
    {
        type            empty;
    }
}


// ************************************************************************* //
