# Forces per unit density on the immersed bodies
# time  cylinder:Fp(x y z)  cylinder:Fv(x y z)
0.025 -9.52909990653 8.32667268469e-17 0 -2.38263022391 6.19296280924e-16 0
0.05 -1.57032894936 -8.23993651089e-15 0 -1.29601775404 -7.14706072102e-16 0
0.075 -1.12249604564 8.20524204137e-15 0 -1.06822021683 -1.31838984174e-15 0
0.1 -0.95658879723 2.65933108867e-15 0 -0.964916202596 -1.34441069388e-15 0
0.125 -0.86437189782 1.26277027029e-15 0 -0.882869927738 -1.00718316066e-15 0
0.15 -0.770102430102 -3.76022997461e-15 0 -0.826425302065 -1.73851818358e-15 0
0.175 -0.720864935283 1.91036422792e-15 0 -0.760695786074 -2.01097818953e-15 0
0.2 -0.699959474421 -1.21517379492e-15 0 -0.701530115539 -2.04957578687e-15 0
0.225 -0.661162522379 1.43288159116e-15 0 -0.65765327424 -1.81582179848e-15 0
0.25 -0.64028606466 1.46905057563e-14 0 -0.635251591129 -2.74606726247e-15 0
0.275 -0.626774370717 1.10579947976e-14 0 -0.62202121534 -1.40859546249e-15 0
0.3 -0.626241693756 -1.17943849132e-14 0 -0.612665136646 -2.94902990916e-17 0
0.325 -0.608068058562 1.63914021245e-14 0 -0.598958599073 3.34801630864e-16 0
0.35 -0.58565905283 1.31821636939e-14 0 -0.597635204229 1.01654795692e-15 0
0.375 -0.574685840746 3.70094579982e-14 0 -0.586246895678 4.34557717501e-15 0
0.4 -0.538053122278 2.57287680744e-14 0 -0.583212721976 2.7971331848e-15 0
0.425 -0.534873087128 1.81037910357e-14 0 -0.55150309006 1.98040368826e-15 0
0.45 -0.533339530039 2.44543968408e-14 0 -0.52953779238 3.47313323934e-15 0
0.475 -0.516817357412 9.70404312461e-15 0 -0.512176602377 1.44155520854e-15 0
0.5 -0.511805927175 2.12048260895e-14 0 -0.507284078534 1.82623013933e-15 0
0.525 -0.511217536084 1.53670479119e-14 0 -0.506568964144 2.77902700851e-15 0
0.55 -0.518456283348 4.62130334e-14 0 -0.507214392672 5.33427468863e-15 0
0.575 -0.511010428496 4.3545028694e-14 0 -0.502438617276 8.4775936271e-15 0
0.6 -0.505936561391 3.16829895652e-14 0 -0.500765511782 9.18709552877e-15 0
0.625 -0.49927469979 4.02098601811e-14 0 -0.498616078091 1.1031011716e-14 0
0.65 -0.469490769667 3.28372311981e-14 0 -0.502951920607 9.71553566764e-15 0
0.675 -0.469964393563 2.22846914533e-14 0 -0.480864580394 7.98861844731e-15 0
0.7 -0.471243074964 3.71534400467e-14 0 -0.466397397225 8.96418356211e-15 0
0.725 -0.459874485912 1.42637637812e-14 0 -0.455270900883 6.67348121208e-15 0
0.75 -0.458320719832 2.53169880893e-14 0 -0.454619939826 6.89726054048e-15 0
0.775 -0.469068699704 5.02887662068e-14 0 -0.461523628609 1.02851754891e-14 0
0.8 -0.466940769387 6.79170261697e-14 0 -0.457002808321 1.29054752995e-14 0
0.825 -0.463975533722 3.82133560906e-14 0 -0.456923562238 1.37919189958e-14 0
0.85 -0.465990216598 -3.09447173425e-14 0 -0.461014686694 1.17355121926e-14 0
0.875 -0.453762292942 3.34416196991e-14 0 -0.457522976554 1.13256436564e-14 0
0.9 -0.437972124082 2.33477516834e-14 0 -0.452106405283 9.19506441474e-15 0
0.925 -0.438716247589 5.15273587687e-14 0 -0.440765058454 1.22436782934e-14 0
0.95 -0.438493636664 4.15735154635e-14 0 -0.431244106911 1.29681421851e-14 0
0.975 -0.429129065539 2.19529255885e-14 0 -0.421279458675 1.1083148288e-14 0
1 -0.431501911832 1.44016742976e-14 0 -0.422315402464 1.11668486957e-14 0
1.025 -0.441820423844 4.82738848895e-14 0 -0.430413741042 1.48448961457e-14 0
1.05 -0.439690573335 7.03838029525e-14 0 -0.428246141949 1.70375866193e-14 0
1.075 -0.436922510836 2.10543388279e-14 0 -0.430239146536 1.79543879764e-14 0
1.1 -0.43847292513 2.91872645844e-15 0 -0.435365787105 1.68705055588e-14 0
1.125 -0.426585039029 4.11388588126e-14 0 -0.434457836362 1.88437590184e-14 0
1.15 -0.413760623297 2.63989134372e-14 0 -0.428596467261 1.51428349027e-14 0
1.175 -0.416343792645 5.50299823071e-14 0 -0.417949482315 1.76655565176e-14 0
1.2 -0.41673194054 4.75292548374e-14 0 -0.409943112706 1.812590876e-14 0
1.225 -0.40867852947 3.22793007601e-14 0 -0.401523397563 1.6717530138e-14 0
1.25 -0.410929282634 3.4831946355e-14 0 -0.406705218675 1.80905637692e-14 0
1.275 -0.422404235346 4.70422312215e-14 0 -0.411112022439 2.0077689511e-14 0
1.3 -0.420860941698 5.92382046194e-14 0 -0.410241789088 2.17438914096e-14 0
1.325 -0.418454037795 4.94925281314e-14 0 -0.413266227239 2.3580096209e-14 0
1.35 -0.416300731275 4.71599620249e-14 0 -0.421649328515 2.71639934057e-14 0
1.375 -0.403518585208 5.01483078154e-14 0 -0.417637184075 2.55036877034e-14 0
1.4 -0.398323181805 -6.54506830677e-14 0 -0.413442408842 1.49270786703e-14 0
1.425 -0.401559492749 1.29419044925e-14 0 -0.402429976272 1.00531562242e-14 0
1.45 -0.39629548622 1.88306401722e-14 0 -0.391215634198 9.62446268515e-15 0
1.475 -0.396697119138 3.20329700265e-14 0 -0.389662893736 1.21417632892e-14 0
1.5 -0.398485566053 5.28774073139e-14 0 -0.39389757156 1.70211067463e-14 0
1.525 -0.409715762061 5.18604256761e-14 0 -0.398449338178 2.09320408229e-14 0
1.55 -0.408054690254 -5.01612640313e-14 0 -0.397966680407 1.76811690289e-14 0
1.575 -0.407677088066 5.04379524258e-14 0 -0.404184279397 1.76620870707e-14 0
1.6 -0.40224808822 5.08838034641e-14 0 -0.408364383854 2.40303636771e-14 0
1.625 -0.388172408484 5.09734940889e-14 0 -0.40807887078 2.45557155339e-14 0
1.65 -0.386442243698 3.97009898914e-14 0 -0.401545859498 2.29600409865e-14 0
1.675 -0.39069296173 2.43420734958e-14 0 -0.391013065988 2.28146494752e-14 0
1.7 -0.385422397261 3.4130250709e-14 0 -0.380777832911 1.98543438634e-14 0
1.725 -0.386463814128 4.37185010416e-14 0 -0.380145349256 2.09112241412e-14 0
1.75 -0.389031913721 6.43955375135e-14 0 -0.384354503384 2.48846082629e-14 0
1.775 -0.400278653864 5.95834145911e-14 0 -0.38905998443 2.77911374469e-14 0
1.8 -0.398471291511 2.22339507916e-14 0 -0.388927325343 2.90635571165e-14 0
1.825 -0.394912041091 6.88268886329e-14 0 -0.398206413968 3.16881937357e-14 0
1.85 -0.39275333799 6.72976756787e-14 0 -0.399354389542 3.4982420064e-14 0
1.875 -0.378432906157 6.46140042512e-14 0 -0.399660623751 3.33189422233e-14 0
1.9 -0.375904633618 4.98630000137e-14 0 -0.395123096298 2.98640235805e-14 0
1.925 -0.382738305554 6.95275000767e-14 0 -0.382073412925 3.17610521217e-14 0
1.95 -0.377378069399 4.03067336452e-14 0 -0.372881300694 2.89124193337e-14 0
1.975 -0.378826679535 5.60597575305e-14 0 -0.373087001795 2.86641370362e-14 0
2 -0.38198896321 7.20222492756e-14 0 -0.377242034067 3.21444260099e-14 0
2.025 -0.39307306202 6.42207641233e-14 0 -0.381981822032 3.39632835744e-14 0
2.05 -0.391367147697 4.22344451079e-14 0 -0.382297610159 3.6126483749e-14 0
2.075 -0.387015218942 6.8224072225e-14 0 -0.390109967051 3.73277797561e-14 0
2.1 -0.386583563696 7.81415134422e-14 0 -0.391885664912 4.27229459492e-14 0
2.125 -0.37216079296 8.03494640614e-14 0 -0.394995386746 4.02119743753e-14 0
2.15 -0.369549353887 7.28161021063e-14 0 -0.386761717327 3.83441108726e-14 0
2.175 -0.376493682788 1.0122935476e-13 0 -0.374964467597 3.95267586023e-14 0
2.2 -0.371229195739 4.24924852249e-14 0 -0.366904048603 3.58805866962e-14 0
2.225 -0.372901562142 6.72331114393e-14 0 -0.367738546717 3.596732287e-14 0
2.25 -0.376690279292 7.98870518348e-14 0 -0.371970083132 3.91444689163e-14 0
2.275 -0.387312563819 8.9589360236e-14 0 -0.376735854563 4.05500286127e-14 0
2.3 -0.385878710071 5.43488865024e-15 0 -0.377319967184 3.97919544537e-14 0
2.325 -0.38062607742 8.42268962908e-14 0 -0.385563861296 4.16663231695e-14 0
2.35 -0.380917849619 9.89767621161e-14 0 -0.386504579132 5.05269518716e-14 0
2.375 -0.363566727071 9.49714482404e-14 0 -0.392341877224 4.8045551912e-14 0
2.4 -0.367711770122 7.35134609436e-14 0 -0.378059564052 4.62385121511e-14 0
2.425 -0.37250133215 1.08384004896e-13 0 -0.368712839254 4.66751203659e-14 0
2.45 -0.366807039176 4.95133448131e-14 0 -0.362011802883 4.22019190427e-14 0
2.475 -0.368463725969 7.68734034762e-14 0 -0.363660839977 4.24152900302e-14 0
2.5 -0.372675194218 7.86679749121e-14 0 -0.367953702782 4.46795378473e-14 0
2.525 -0.382737151348 7.00923694086e-14 0 -0.372675480849 4.4015138756e-14 0
2.55 -0.381438003829 7.87044041051e-14 0 -0.373242665629 4.62399216139e-14 0
2.575 -0.381715494419 9.0956322335e-14 0 -0.376339961989 4.81333722879e-14 0
2.6 -0.380242972536 1.0080017333e-13 0 -0.378548435214 5.60958479104e-14 0
2.625 -0.360985827482 1.14091461972e-13 0 -0.385916406936 5.41311787061e-14 0
2.65 -0.364640535604 7.67676937644e-14 0 -0.372518360148 5.05333622169e-14 0
2.675 -0.368788975203 1.12975384256e-13 0 -0.364230200066 5.07695014501e-14 0
2.7 -0.363132837869 4.81910518435e-14 0 -0.358319144024 4.52585018074e-14 0
2.725 -0.364796103709 7.67372276833e-14 0 -0.360723752268 4.58830022587e-14 0
2.75 -0.376199356539 6.89144921684e-14 0 -0.368943795375 4.62347174435e-14 0
2.775 -0.376907868052 1.19483416217e-13 0 -0.367522120152 4.93702301263e-14 0
2.8 -0.376952798747 4.49106897504e-14 0 -0.369846816941 4.8397917618e-14 0
2.825 -0.381114028258 9.01766126252e-14 0 -0.375899755376 5.05116663771e-14 0
2.85 -0.373000628481 7.31911818479e-14 0 -0.375239921901 5.69075087617e-14 0
2.875 -0.362226967217 5.36586833993e-14 0 -0.373539281982 4.5297749926e-14 0
2.9 -0.364674041029 1.19432025034e-13 0 -0.3661084412 5.0686126303e-14 0
2.925 -0.366563425224 1.10862707903e-13 0 -0.359984113671 5.31983311569e-14 0
2.95 -0.36078518835 6.63082869862e-14 0 -0.353597028961 4.76303024799e-14 0
2.975 -0.364543611654 7.17906636916e-14 0 -0.356115234189 4.78827047456e-14 0
3 -0.375130651665 6.47012825261e-14 0 -0.364676252407 4.83528148076e-14 0
3.025 -0.374925077054 1.15091963737e-13 0 -0.364222568113 4.99687097255e-14 0
3.05 -0.374091842266 7.38129175837e-14 0 -0.367463079322 5.07363248636e-14 0
3.075 -0.377073582419 7.96228520942e-14 0 -0.373700803085 5.28266569113e-14 0
3.1 -0.368168886605 1.18427728561e-13 0 -0.37428775567 5.98316426785e-14 0
3.125 -0.358519962528 5.59055839816e-14 0 -0.371153194088 4.92264107081e-14 0
3.15 -0.361993123602 1.15810139256e-13 0 -0.363200994934 5.30141252078e-14 0
3.175 -0.363721873275 1.06851810386e-13 0 -0.357452303697 5.38661996952e-14 0
3.2 -0.358140830804 6.86703298391e-14 0 -0.351476916635 4.82799564216e-14 0
3.225 -0.361263091189 8.58709804652e-14 0 -0.357080255005 5.08282652079e-14 0
3.25 -0.372629346345 6.60994696478e-14 0 -0.362184933031 4.78558165318e-14 0
3.275 -0.372351684318 1.10208717152e-13 0 -0.362249944828 4.98837082752e-14 0
3.3 -0.371304083866 7.81449557841e-14 0 -0.366086474614 5.10971473466e-14 0
3.325 -0.370525477534 8.72744124148e-14 0 -0.374809849747 5.7431279208e-14 0
3.35 -0.360345802785 9.91217199466e-14 0 -0.372214699991 5.51926939481e-14 0
3.375 -0.356453653999 6.90063240924e-14 0 -0.369809796994 5.03705150506e-14 0
3.4 -0.360183854841 5.05359643022e-14 0 -0.36094468026 5.00037294557e-14 0
3.425 -0.356549065646 5.7819200816e-14 0 -0.351697789246 4.31475601775e-14 0
3.45 -0.35787106811 6.93405836222e-14 0 -0.351247127496 4.29530543078e-14 0
3.475 -0.360274257191 9.05347845304e-14 0 -0.355853460409 4.90211170268e-14 0
3.5 -0.371360421307 6.51145803943e-14 0 -0.360891681883 4.57290455502e-14 0
3.525 -0.370628609236 9.83674947053e-14 0 -0.361033850569 4.75435663061e-14 0
3.55 -0.371072864575 8.6980769809e-14 0 -0.367570047045 5.01222327531e-14 0
3.575 -0.366964591013 8.09294309085e-14 0 -0.3722748693 5.46418819751e-14 0
3.6 -0.355089824486 9.31138304482e-14 0 -0.372627984233 5.21720524855e-14 0
3.625 -0.353939590308 7.35584553338e-14 0 -0.36778039839 5.02739126371e-14 0
3.65 -0.358470563642 2.45266047055e-14 0 -0.358828964604 4.6080760735e-14 0
3.675 -0.354433955606 5.24248613271e-14 0 -0.350060662884 3.9488161005e-14 0
3.7 -0.356091488716 7.97972798949e-14 0 -0.350148935012 4.06254890839e-14 0
3.725 -0.359018083705 6.80115685991e-14 0 -0.354602549049 4.36213565269e-14 0
3.75 -0.370030415492 6.24821375195e-14 0 -0.359639339097 4.33307903447e-14 0
3.775 -0.368991054103 9.41941837029e-14 0 -0.359917703439 4.5345671662e-14 0
3.8 -0.366273389018 7.34720444207e-14 0 -0.369124765144 4.92479321212e-14 0
3.825 -0.364939864514 6.88706632956e-14 0 -0.370937870994 4.97939939335e-14 0
3.85 -0.352046240658 8.8008376628e-14 0 -0.371874023206 4.78443510938e-14 0
3.875 -0.350245138436 6.00855086172e-14 0 -0.36837308062 4.64876618103e-14 0
3.9 -0.357110797642 7.45310931027e-14 0 -0.356647574791 4.45021623718e-14 0
3.925 -0.352763380434 5.21282236127e-14 0 -0.348561027238 4.094793081e-14 0
3.95 -0.354619433869 6.47563599965e-14 0 -0.34921934121 4.04043118407e-14 0
3.975 -0.35799604308 9.16961818975e-14 0 -0.353592817286 4.49033171757e-14 0
4 -0.36887648013 6.17032466788e-14 0 -0.358513344932 4.39891179038e-14 0
4.025 -0.367696861527 8.12132479322e-14 0 -0.359143512315 4.47992337671e-14 0
4.05 -0.364130494996 6.5873521915e-14 0 -0.367018919447 4.66076829908e-14 0
4.075 -0.364180956151 7.87391798898e-14 0 -0.369200529508 5.04179285669e-14 0
4.1 -0.350945380726 7.16422364141e-14 0 -0.372621764442 4.66005001514e-14 0
4.125 -0.348934409772 5.64256757637e-14 0 -0.365451866009 4.55802930122e-14 0
4.15 -0.35587939868 3.99324670552e-14 0 -0.354635565978 4.15531324627e-14 0
4.175 -0.351393480509 5.11251197627e-14 0 -0.347388396756 3.8392249449e-14 0
4.2 -0.353326334052 5.74499215561e-14 0 -0.348523113861 3.79748316126e-14 0
4.225 -0.357195726506 7.88280031527e-14 0 -0.352871146654 4.11983815118e-14 0
4.25 -0.367681018068 5.76413916598e-14 0 -0.357763903126 4.15067286097e-14 0
4.275 -0.366641665973 1.85181731061e-16 0 -0.358629482435 3.87563245385e-14 0
4.3 -0.362107512059 6.08671099633e-14 0 -0.36680002538 3.8506524358e-14 0
4.325 -0.362650239857 5.62886868193e-14 0 -0.368154892655 4.42419267454e-14 0
4.35 -0.346374348788 8.1805547579e-14 0 -0.374154281761 4.26564165934e-14 0
4.375 -0.350720119261 4.31861577749e-14 0 -0.360933469038 4.18365429106e-14 0
4.4 -0.355647218714 2.33307297093e-14 0 -0.352262146322 3.79973830178e-14 0
4.425 -0.350546466525 6.52665855388e-14 0 -0.346120412583 3.68834737058e-14 0
4.45 -0.352437658611 5.6286572625e-14 0 -0.347996406076 3.61919695602e-14 0
4.475 -0.356666618688 5.99659211176e-14 0 -0.352290097774 3.79605201439e-14 0
4.5 -0.366599462381 6.23841256431e-14 0 -0.357179833713 3.92099547275e-14 0
4.525 -0.365548571612 4.29764730747e-14 0 -0.357943792911 3.86175466605e-14 0
4.55 -0.366199016397 6.47338085913e-14 0 -0.361247794298 3.93747534577e-14 0
4.575 -0.365040882115 1.62025341061e-14 0 -0.363629477983 4.14490626066e-14 0
4.6 -0.346771556588 6.89773758944e-14 0 -0.371113306241 3.82225175989e-14 0
4.625 -0.350623767276 4.57356591835e-14 0 -0.358497099142 4.05476433679e-14 0
4.65 -0.354869226136 3.40658490999e-14 0 -0.350776405776 3.74129980468e-14 0
4.675 -0.349668621489 5.05318443339e-14 0 -0.345209531693 3.63316148e-14 0
4.7 -0.351544815497 5.05259896422e-14 0 -0.347786629162 3.5119910452e-14 0
4.725 -0.356162524983 5.91163402952e-14 0 -0.351842173648 3.68598380984e-14 0
4.75 -0.365707071167 4.32861212152e-14 0 -0.35686359276 3.76877348773e-14 0
4.775 -0.364468551047 4.30662450146e-14 0 -0.357908436291 3.87337731333e-14 0
4.8 -0.368508990774 6.04650877978e-14 0 -0.363687445984 4.14789730341e-14 0
4.825 -0.362522134163 5.12822748676e-14 0 -0.361523024582 4.35205528299e-14 0
4.85 -0.344230622368 3.55676859493e-14 0 -0.367652810976 3.72370320342e-14 0
4.875 -0.350543176549 3.24638319699e-14 0 -0.357074950252 4.02960000437e-14 0
4.9 -0.354054235188 4.11923099797e-14 0 -0.349901428469 3.81949246536e-14 0
4.925 -0.349197294135 5.23134053437e-14 0 -0.34331976833 3.71629810259e-14 0
4.95 -0.353208198305 5.57921764344e-14 0 -0.345673845907 3.64192183355e-14 0
4.975 -0.363724425405 4.19013782005e-14 0 -0.354052546985 4.38147781945e-14 0
5 -0.363697531592 7.37443960064e-14 0 -0.353764878283 4.19456136491e-14 0
5.025 -0.363090661001 4.37015874877e-14 0 -0.356992784756 4.01467054045e-14 0
5.05 -0.366274482943 6.03159625652e-14 0 -0.363228172168 4.60948144939e-14 0
5.075 -0.357998896852 5.53634286853e-14 0 -0.363822096723 4.88959458859e-14 0
5.1 -0.348655722524 9.5524716609e-15 0 -0.361045355146 3.74887837787e-14 0
5.125 -0.352117177071 -6.1169385529e-14 0 -0.353592480555 3.61831875226e-14 0
5.15 -0.353985518966 3.52372211271e-14 0 -0.348116023864 3.45335739171e-14 0
5.175 -0.348698788732 4.53736440781e-14 0 -0.342463737012 3.32242913736e-14 0
5.2 -0.351803672919 -2.77187127418e-14 0 -0.348015528469 2.67342571691e-14 0
5.225 -0.363035132622 4.36599541243e-14 0 -0.353210315875 3.1703806247e-14 0
5.25 -0.362890139274 3.52049119023e-14 0 -0.353382266202 3.03342420627e-14 0
5.275 -0.361980126669 4.35346203531e-14 0 -0.357243541408 3.70441524677e-14 0
5.3 -0.361533723946 4.30287316194e-14 0 -0.365878012642 4.9662786836e-14 0
5.325 -0.352022419463 5.63947760018e-14 0 -0.363351354109 5.15582585306e-14 0
5.35 -0.348128312281 -4.60471504676e-15 0 -0.361272907852 3.68622233432e-14 0
5.375 -0.351844827955 -1.35750135091e-13 0 -0.35288560424 3.31753938557e-14 0
5.4 -0.348407638637 1.90869455657e-14 0 -0.343918503836 3.16094806579e-14 0
5.425 -0.349853586581 4.0870085094e-14 0 -0.343628612832 3.06933298222e-14 0
5.45 -0.352215974044 1.85424592347e-14 0 -0.348187630387 3.26062961353e-14 0
5.475 -0.363157888943 5.05138465778e-14 0 -0.353280462194 3.52868775866e-14 0
5.5 -0.362575558539 4.09433771609e-14 0 -0.353523739247 3.51203441329e-14 0
5.525 -0.363119776972 6.66610863731e-15 0 -0.360058818342 5.36636707293e-14 0
5.55 -0.359371526891 6.36895457163e-14 0 -0.364738339498 5.43437771996e-14 0
5.575 -0.348119801561 5.71073136696e-14 0 -0.365013146886 5.64498805773e-14 0
5.6 -0.346870079936 -1.11025555069e-14 0 -0.360582665818 5.25035744048e-14 0
5.625 -0.351337936705 -2.31917349908e-14 0 -0.351995948681 4.84766306957e-14 0
5.65 -0.347530997082 7.40709577007e-14 0 -0.343447724245 5.3795726554e-14 0
5.675 -0.349227900482 4.0454835662e-14 0 -0.343639349302 4.47025229333e-14 0
5.7 -0.352143894526 -1.00722381824e-14 0 -0.34809474511 5.4833308033e-14 0
5.725 -0.363009093559 6.59372730027e-14 0 -0.353136992377 5.98080612813e-14 0
5.75 -0.362102354214 5.29788886372e-14 0 -0.353544968133 5.37148450719e-14 0
5.775 -0.359612412319 -1.49268618299e-14 0 -0.36251978075 6.51952450359e-14 0
5.8 -0.35847636547 5.7287155705e-14 0 -0.364517058881 5.93830845228e-14 0
5.825 -0.346019139927 7.37151767578e-14 0 -0.36545348094 7.33235358281e-14 0
5.85 -0.344287280479 -1.84077471148e-13 0 -0.362188692514 6.21480948301e-14 0
5.875 -0.351048667855 4.92060819174e-14 0 -0.350836574191 6.26736076231e-14 0
5.9 -0.346846350228 4.84007365437e-14 0 -0.342938088366 6.52010997276e-14 0
5.925 -0.348745140929 2.92049370798e-14 0 -0.343612425366 6.88806650606e-14 0
5.95 -0.352108432101 -2.65213198625e-14 0 -0.348029178937 6.63978420856e-14 0
5.975 -0.362847612622 6.12409428724e-14 0 -0.352969308045 8.08424507892e-14 0
6 -0.361785717569 3.5269096671e-14 0 -0.353722293454 7.32443619644e-14 0
6.025 -0.358476211274 -9.42783177915e-14 0 -0.361396016345 8.69087787847e-14 0
6.05 -0.358662623033 7.03661575622e-14 0 -0.363729095146 7.55016912163e-14 0
6.075 -0.345572717408 1.04900571736e-13 0 -0.364651114224 1.00640036669e-13 0
6.1 -0.344297255673 -1.72349981509e-13 0 -0.360805192503 9.5893995869e-14 0
6.125 -0.350849022447 5.93301449636e-14 0 -0.349850197003 9.66715856671e-14 0
6.15 -0.346426484519 7.85153192462e-14 0 -0.342653450009 1.01097082095e-13 0
6.175 -0.348349379458 3.15880134549e-14 0 -0.343776898697 1.08192968473e-13 0
6.2 -0.352140569913 6.62057214607e-14 0 -0.348133692869 1.14214193658e-13 0
6.225 -0.362565468254 8.80619362154e-14 0 -0.353029657348 1.221201959e-13 0
6.25 -0.361542803183 -3.20507509421e-14 0 -0.35399949555 1.12759628024e-13 0
6.275 -0.35733237749 -6.36773619944e-14 0 -0.361932687587 1.1998908811e-13 0
6.3 -0.357927552671 -1.91492600856e-14 0 -0.363435739163 1.1199782692e-13 0
6.325 -0.342140453404 7.05871992801e-14 0 -0.369289469772 1.38168122776e-13 0
6.35 -0.34630648909 1.6643197237e-13 0 -0.356421220885 1.6099220481e-13 0
6.375 -0.351202663649 1.35351799213e-13 0 -0.348033385212 1.63245285345e-13 0
6.4 -0.346186062135 1.51448515187e-13 0 -0.341936398046 1.50892102632e-13 0
6.425 -0.348131994484 7.51551598732e-14 0 -0.343840340446 1.62713158919e-13 0
6.45 -0.352266545874 1.06015023149e-13 0 -0.348147319274 1.83615709443e-13 0
6.475 -0.362170969265 1.58827378333e-13 0 -0.353101834873 1.87118549821e-13 0
6.5 -0.361203893111 -2.47449630231e-14 0 -0.353874576683 1.73735158204e-13 0
6.525 -0.361961617008 9.92435300606e-15 0 -0.357140160845 1.88445613281e-13 0
6.55 -0.360882254671 2.05898557752e-13 0 -0.359641718532 1.93030148614e-13 0
6.575 -0.343174710114 1.68513098441e-13 0 -0.366915434771 2.09403458115e-13 0
6.6 -0.346824084867 -1.56098007784e-13 0 -0.354628556121 2.04512513695e-13 0
6.625 -0.351063237796 1.39315208675e-13 0 -0.347165112689 2.01365400049e-13 0
6.65 -0.345898873144 1.25977353549e-13 0 -0.341630202213 1.8843520494e-13 0
6.675 -0.347865563954 1.0444856785e-13 0 -0.344210826854 2.27579673856e-13 0
6.7 -0.352360165217 4.36769110462e-13 0 -0.348262712492 2.46060984088e-13 0
6.725 -0.36188733506 2.64018407831e-13 0 -0.353332677843 2.73815692342e-13 0
6.75 -0.36074992071 7.87685888737e-14 0 -0.354370774699 2.59100900457e-13 0
6.775 -0.364893446937 -1.88902279236e-13 0 -0.360114726416 2.68341772414e-13 0
6.8 -0.358997952477 2.33065465798e-13 0 -0.358068686754 2.8634131741e-13 0
6.825 -0.341165324226 2.21681505617e-13 0 -0.364041711618 2.90920553706e-13 0
6.85 -0.34726724517 1.12600250304e-13 0 -0.353745277526 2.98137599677e-13 0
6.875 -0.350736956256 1.89739716994e-13 0 -0.346770534071 2.87225755333e-13 0
6.9 -0.345977252678 1.01741315026e-13 0 -0.340212398828 2.94248566485e-13 0
6.925 -0.349900724273 -5.66072796276e-13 0 -0.342621823093 2.5377226362e-13 0
6.95 -0.360364656108 4.06497752126e-13 0 -0.351002819259 2.68058145125e-13 0
6.975 -0.360374620432 -8.86907734754e-14 0 -0.350722803057 3.09066140736e-13 0
7 -0.359882531791 1.26959207036e-13 0 -0.353941887091 3.26105462078e-13 0
7.025 -0.36316775035 1.16624991728e-13 0 -0.360089641909 3.13733288252e-13 0
7.05 -0.355263573265 3.27979993425e-13 0 -0.360559019439 3.57570527007e-13 0
7.075 -0.346040976068 -6.3820389945e-13 0 -0.357858488047 2.84940907674e-13 0
7.1 -0.349293056268 1.61852085553e-13 0 -0.350739727615 3.01000760775e-13 0
7.125 -0.351161098059 2.59685935949e-13 0 -0.345394231181 3.08767551457e-13 0
7.15 -0.345903195058 1.83361138772e-13 0 -0.339770329531 3.32065538261e-13 0
7.175 -0.348939985794 2.8894638418e-13 0 -0.345314091366 3.39296733071e-13 0
7.2 -0.360141706747 3.09072645949e-13 0 -0.350577419356 3.5425828937e-13 0
7.225 -0.36000088239 1.80519661719e-13 0 -0.350747878293 3.44808383235e-13 0
7.25 -0.359288735484 1.76725821477e-13 0 -0.354562112332 3.79083049673e-13 0
7.275 -0.358937631935 6.88725416758e-13 0 -0.363119017958 3.93540822116e-13 0
7.3 -0.349955168384 3.08580038692e-13 0 -0.360393151439 3.73259122178e-13 0
7.325 -0.345924502996 1.24889031408e-13 0 -0.358518382749 3.43075990793e-13 0
7.35 -0.34940917594 3.74546314102e-14 0 -0.350420091294 3.25656060278e-13 0
7.375 -0.346006300971 2.76318464637e-13 0 -0.341555285002 3.05618811508e-13 0
7.4 -0.347459398911 2.21731921018e-13 0 -0.341289894476 2.75201302719e-13 0
7.425 -0.349730178665 2.27081808218e-13 0 -0.345867793899 2.74634048142e-13 0
7.45 -0.36060734595 2.13787321179e-14 0 -0.351005345081 3.0267541945e-13 0
7.475 -0.360083443035 8.53681708657e-13 0 -0.351254534534 3.11310005552e-13 0
7.5 -0.360792935233 6.03309069369e-13 0 -0.35769820849 3.01854895246e-13 0
7.525 -0.357177599165 3.82644328549e-13 0 -0.362310735696 3.64761655464e-13 0
7.55 -0.346514617064 2.90964626525e-13 0 -0.362230107017 2.68647978212e-13 0
7.575 -0.345059985441 1.22786221295e-13 0 -0.358130836168 2.67566730491e-13 0
7.6 -0.349254299648 -8.08942756531e-14 0 -0.349780154715 2.34188753459e-13 0
7.625 -0.345469659099 1.86052779086e-13 0 -0.341398083013 2.34870066104e-13 0
7.65 -0.347147236788 2.90422633858e-13 0 -0.341522787559 2.38601673141e-13 0
7.675 -0.35001026871 -4.09824084391e-14 0 -0.346060100863 2.36590261271e-13 0
7.7 -0.360796138888 2.38619887738e-13 0 -0.351133676728 2.45162397328e-13 0
7.725 -0.359948979153 4.39106216665e-13 0 -0.35157644799 2.77205342014e-13 0
7.75 -0.357739854045 4.59811008713e-13 0 -0.360308542732 2.52235732301e-13 0
7.775 -0.356616717504 3.59700252439e-13 0 -0.362398113156 3.13450525572e-13 0
7.8 -0.344576594392 5.25954063288e-14 0 -0.363118816922 2.86722631315e-13 0
7.825 -0.342766551933 2.16736025828e-13 0 -0.360049959544 3.5819600324e-13 0
7.85 -0.349245348541 3.44140081016e-13 0 -0.348944013902 2.79663011499e-13 0
7.875 -0.345073215488 3.48386900925e-13 0 -0.341199915998 2.92389376599e-13 0
7.9 -0.346950743721 8.12353656565e-13 0 -0.34180483456 2.98505577895e-13 0
7.925 -0.350281662539 3.0819487587e-13 0 -0.34629073444 2.98271823906e-13 0
7.95 -0.360940139432 3.65090770116e-13 0 -0.35123943763 2.64480277956e-13 0
7.975 -0.359912738116 7.37993867406e-13 0 -0.352013033068 2.74083707119e-13 0
8 -0.356946545354 3.38233781261e-13 0 -0.35941835257 2.70415634329e-13 0
8.025 -0.357066564709 4.01965353364e-13 0 -0.36192974426 2.73741390612e-13 0
8.05 -0.3444184851 7.52956724748e-15 0 -0.362565543313 2.39744747492e-13 0
8.075 -0.342988537387 -6.20285073305e-13 0 -0.358940384389 1.93134028735e-13 0
8.1 -0.349367419521 3.15392026731e-13 0 -0.348198507183 1.80546766773e-13 0
8.125 -0.344862857724 2.48428881633e-13 0 -0.341117069797 1.9183396191e-13 0
8.15 -0.346835874747 3.12329589275e-13 0 -0.342158090715 2.17541262781e-13 0
8.175 -0.350536900356 1.90788791016e-13 0 -0.34658513771 2.2312490397e-13 0
8.2 -0.360965976203 2.7637007266e-13 0 -0.351514398064 2.3184839465e-13 0
8.225 -0.35991434073 -7.08851380371e-14 0 -0.352476098674 2.19633339293e-13 0
8.25 -0.356092370032 1.93455494679e-13 0 -0.360147916047 2.15365052181e-13 0
8.275 -0.356568999576 1.25044332527e-12 0 -0.361774561527 2.76831610749e-13 0
8.3 -0.341348331765 2.37334349222e-13 0 -0.36729560468 2.72994571827e-13 0
8.325 -0.345146674408 4.80929098629e-13 0 -0.354812874493 3.02704584489e-13 0
8.35 -0.349911658042 4.32882896195e-13 0 -0.346648348383 2.6890403966e-13 0
8.375 -0.344881953005 3.79053559374e-13 0 -0.340575847832 2.55215119871e-13 0
8.4 -0.346819782583 5.92444496239e-13 0 -0.342417653408 2.67959699568e-13 0
8.425 -0.350875946959 5.82320216352e-13 0 -0.346755905385 2.91648649675e-13 0
8.45 -0.3608132462 4.32689474528e-13 0 -0.35178857868 2.80324374824e-13 0
8.475 -0.359880406957 1.15385132005e-13 0 -0.352463709087 2.63991953298e-13 0
8.5 -0.360791236256 5.62544802407e-14 0 -0.355753240601 2.38630296079e-13 0
8.525 -0.359611614109 3.23469332916e-13 0 -0.358323364232 2.47346617472e-13 0
8.55 -0.342613249818 1.356246929e-13 0 -0.365132413166 2.30761265131e-13 0
8.575 -0.345840654224 1.97141998906e-13 0 -0.353274870626 2.28106162431e-13 0
8.6 -0.349941266082 2.46243346894e-13 0 -0.345960331024 2.14479042165e-13 0
8.625 -0.344773749013 3.685662886e-13 0 -0.340434216486 2.16827857752e-13 0
8.65 -0.346809843455 3.17920169357e-13 0 -0.342946580727 2.25587777625e-13 0
8.675 -0.35118426343 4.18479053493e-13 0 -0.347057627699 2.36643604018e-13 0
8.7 -0.360714564076 4.11858047666e-13 0 -0.352204059582 2.37559104332e-13 0
8.725 -0.359650801558 5.73131819781e-13 0 -0.353135605136 2.32326310967e-13 0
8.75 -0.363894765605 -1.36057831668e-13 0 -0.358881346389 1.92659256604e-13 0
8.775 -0.357919824172 2.67262394941e-13 0 -0.356904707902 1.94743160942e-13 0
8.8 -0.340742893874 4.49987269668e-13 0 -0.362419276157 2.12735157181e-13 0
8.825 -0.346447564259 9.79392348471e-13 0 -0.352552193354 2.41901984555e-13 0
8.85 -0.349787424707 6.29807837826e-13 0 -0.345660353727 2.51851274211e-13 0
8.875 -0.345036420941 2.90486818627e-13 0 -0.339157761559 2.30015225616e-13 0
8.9 -0.348863683073 3.438729336e-13 0 -0.341540055415 2.07501550664e-13 0
8.925 -0.359289961668 2.50021357784e-13 0 -0.350029007784 2.03628780504e-13 0
8.95 -0.359314440329 1.2497468338e-13 0 -0.349737925723 1.7431715793e-13 0
8.975 -0.358997769037 1.66823152514e-13 0 -0.352817601072 1.60901673929e-13 0
9 -0.362417258216 1.0869090865e-13 0 -0.358944189916 1.64310143297e-13 0
9.025 -0.354708839857 -9.78700627485e-14 0 -0.359204566067 1.05219110334e-13 0
9.05 -0.345629660737 1.23544187033e-13 0 -0.356500668327 1.2353242344e-13 0
9.075 -0.348561463375 4.54849265891e-13 0 -0.349743031644 1.48324495047e-13 0
9.1 -0.350323298825 3.26057974023e-13 0 -0.344464396112 1.70851397266e-13 0
9.125 -0.345110745189 4.96249742687e-13 0 -0.338872303539 1.72239826568e-13 0
9.15 -0.34913912037 5.75318872403e-13 0 -0.341697264123 2.03692965273e-13 0
9.175 -0.359524881731 6.08676303804e-13 0 -0.350020233607 2.3274177724e-13 0
9.2 -0.359213567459 6.31573786325e-13 0 -0.349978757877 2.41953158897e-13 0
9.225 -0.358668335159 3.98269091317e-13 0 -0.353563738113 2.19907425603e-13 0
9.25 -0.358352580254 1.60390797865e-13 0 -0.36214600754 2.23148756417e-13 0
9.275 -0.349848301014 2.86778413516e-13 0 -0.359048293407 1.97648321321e-13 0
9.3 -0.345688581383 3.31710353629e-13 0 -0.357256940236 1.95532826042e-13 0
9.325 -0.348817068587 2.42372094617e-13 0 -0.349560098214 1.89901046277e-13 0
9.35 -0.345372089172 2.6900877359e-13 0 -0.340738491503 1.81889225903e-13 0
9.375 -0.346734735961 5.51819874517e-14 0 -0.340513205279 1.56531038131e-13 0
9.4 -0.34896968131 2.7386946877e-14 0 -0.345066629892 1.41499659212e-13 0
9.425 -0.35980908661 1.26249921975e-13 0 -0.350246146324 1.38658615839e-13 0
9.45 -0.359325803402 -3.42892814836e-13 0 -0.350531733544 1.02848285444e-13 0
9.475 -0.360260502444 -2.91006151468e-13 0 -0.356709191334 8.60002173642e-14 0
9.5 -0.356686791919 -1.92767514191e-13 0 -0.361418870456 8.17475427628e-14 0
9.525 -0.346620943936 1.31367139389e-13 0 -0.36075334103 6.53153746366e-14 0
9.55 -0.344902020518 2.73034090996e-13 0 -0.357024550361 8.41956712683e-14 0
9.575 -0.348763816235 3.50943815566e-13 0 -0.348955509965 1.1301723446e-13 0
9.6 -0.344925283971 3.73339488664e-13 0 -0.340688740895 1.27598452637e-13 0
9.625 -0.346571402862 4.21718215904e-13 0 -0.340792024258 1.39994786597e-13 0
9.65 -0.349327523068 1.821171252e-13 0 -0.345356603932 1.35486890804e-13 0
9.675 -0.360099394126 1.59746998615e-13 0 -0.350461094449 1.29620056008e-13 0
9.7 -0.359304510464 3.04243175792e-13 0 -0.350955945644 1.33642879749e-13 0
9.725 -0.357355442422 -2.62637134263e-14 0 -0.359366369755 1.09726572446e-13 0
9.75 -0.356287150607 2.59956986493e-14 0 -0.361591935058 9.25931423548e-14 0
9.775 -0.34465415407 2.55706480295e-13 0 -0.361895015975 1.00401783241e-13 0
9.8 -0.342691696644 1.14266712412e-12 0 -0.359083379413 1.85652708484e-13 0
9.825 -0.34883135958 4.59802335095e-13 0 -0.348265128309 1.94729540652e-13 0
9.85 -0.344587206766 9.02515909229e-14 0 -0.340591480196 1.45201640425e-13 0
9.875 -0.346481842285 3.87702023263e-13 0 -0.341129109092 1.26416878945e-13 0
9.9 -0.349722309252 9.11154832139e-14 0 -0.345693997528 1.43975055402e-13 0
9.925 -0.360359018746 1.05959078317e-13 0 -0.350665529607 1.17749505892e-13 0
9.95 -0.35933262929 1.29160137446e-13 0 -0.351477630444 1.13311270089e-13 0
9.975 -0.35670185246 1.97532962209e-14 0 -0.358557078895 9.52661343909e-14 0
10 -0.3567334296 1.39519038683e-13 0 -0.361256501445 1.0571600019e-13 0
10.025 -0.344556568339 1.10415149246e-13 0 -0.361446029512 1.12400540264e-13 0
10.05 -0.342938522778 1.41352641397e-13 0 -0.358070394814 1.03194145937e-13 0
10.075 -0.349055652887 6.15069193494e-13 0 -0.347589903039 1.61175760238e-13 0
10.1 -0.344467625629 1.29703539575e-13 0 -0.340502999631 1.37606722891e-13 0
10.125 -0.346461768284 9.76172268019e-14 0 -0.34153734436 1.19379983329e-13 0
10.15 -0.350049587893 -1.38795225313e-14 0 -0.345981589517 1.04488032809e-13 0
10.175 -0.360499754758 -2.17623662147e-13 0 -0.351000450579 6.12990561089e-14 0
10.2 -0.359410838688 -1.41023477618e-13 0 -0.351958073811 6.74855137051e-14 0
10.225 -0.356020393538 -7.41767758328e-14 0 -0.359274397471 5.27169453923e-14 0
10.25 -0.356340926157 2.40840333787e-14 0 -0.361125218499 5.34867289348e-14 0
10.275 -0.344323951244 1.57020230152e-13 0 -0.363451876282 8.0326804236e-14 0
10.3 -0.342731119236 1.35786347444e-13 0 -0.356430717577 8.36505344159e-14 0
10.325 -0.348746200491 -1.67834496301e-13 0 -0.34703463515 5.2277626672e-14 0
10.35 -0.344169032167 1.22445456552e-14 0 -0.340415623539 4.81593931401e-14 0
10.375 -0.346387676472 -2.02966983498e-13 0 -0.342031097233 3.84805035059e-14 0
10.4 -0.350405382091 -2.62300597909e-13 0 -0.346301618128 2.11280645757e-14 0
10.425 -0.360419495453 -4.74587383281e-13 0 -0.351370832055 -9.79598346884e-15 0
10.45 -0.359509216565 -4.69254843316e-13 0 -0.351969779045 -1.47616294188e-14 0
10.475 -0.360545671622 3.26683124996e-14 0 -0.355197084114 6.37640981682e-14 0
10.5 -0.359292610345 -2.96117297349e-14 0 -0.357897969722 5.27954416296e-14 0
10.525 -0.342994520408 3.79477699264e-13 0 -0.364096994243 7.08209532685e-14 0
10.55 -0.345742278946 1.38866348975e-13 0 -0.352681965809 1.33102730226e-13 0
10.575 -0.349693673611 2.11785450288e-13 0 -0.345547269643 1.28248973941e-13 0
10.6 -0.34448498228 1.31198871212e-13 0 -0.339999077232 9.86159938432e-14 0
10.625 -0.346519628361 1.32449606838e-13 0 -0.342472287975 1.06370641462e-13 0
10.65 -0.350858303502 2.36910317752e-13 0 -0.346581687522 1.16314510107e-13 0
10.675 -0.36037938324 -1.55893527254e-13 0 -0.351773306052 6.23043283632e-14 0
10.7 -0.359416262819 -1.41015888203e-13 0 -0.352674238691 8.46448562283e-14 0
10.725 -0.359636732316 -3.57529110484e-13 0 -0.356100876239 6.04439187504e-14 0
10.75 -0.358976567389 2.75287198636e-13 0 -0.357822109631 4.4997394584e-14 0
10.775 -0.341459290659 -2.22799209637e-13 0 -0.361836977743 2.18486795496e-14 0
10.8 -0.346560384914 2.11508978734e-13 0 -0.352240889925 7.34631539628e-14 0
10.825 -0.349706646292 -1.15046427246e-13 0 -0.345362996548 8.68112005892e-14 0
10.85 -0.344914501884 -2.85869418415e-14 0 -0.338862635339 5.78113945604e-14 0
10.875 -0.348638064996 1.52590613756e-13 0 -0.341231747259 4.8805143954e-14 0
10.9 -0.359000775451 -6.80289158339e-14 0 -0.349733156921 5.25282942143e-14 0
10.925 -0.359047780379 2.86923262927e-15 0 -0.349432119193 5.96016291876e-14 0
10.95 -0.358872493727 7.47735207085e-14 0 -0.352430794561 5.43306719059e-14 0
10.975 -0.362377217811 -2.10133878342e-13 0 -0.358472156798 4.25652530843e-14 0
11 -0.35494959956 -1.82450192107e-13 0 -0.358533143485 4.19533250371e-14 0
11.025 -0.345887020721 -1.77458633725e-13 0 -0.355768899485 2.86417482613e-14 0
11.05 -0.348508288135 -1.0633985012e-13 0 -0.349380270808 4.51829329159e-14 0
11.075 -0.350159086328 -4.12387138327e-15 0 -0.344172953666 6.073570466e-14 0
11.1 -0.344924045218 -8.02205524231e-14 0 -0.338559709313 5.13681978898e-14 0
11.125 -0.348903820664 -1.97059816381e-13 0 -0.34136640019 4.24838116075e-14 0
11.15 -0.359260178813 -3.68906294401e-14 0 -0.349765015623 3.83035617113e-14 0
11.175 -0.358948506446 -1.3942753202e-13 0 -0.349701831775 4.44869835414e-14 0
11.2 -0.358561354582 -3.38245924325e-13 0 -0.353174975893 3.69253239096e-14 0
11.225 -0.358302511793 -4.33882449283e-13 0 -0.36176001834 2.59359497922e-15 0
11.25 -0.352941578085 -1.5386563551e-13 0 -0.360169154677 1.67469391219e-14 0
11.275 -0.344827841325 -2.93604116713e-13 0 -0.355919672827 -2.36713860319e-14 0
11.3 -0.348433834989 1.85049241555e-13 0 -0.348997132628 2.21726933688e-14 0
11.325 -0.345115346468 -1.70189383419e-13 0 -0.340340803975 2.74025593883e-14 0
11.35 -0.346491093896 -3.11379394491e-13 0 -0.340076421356 1.52716381208e-14 0
11.375 -0.34867168104 -3.08821978406e-13 0 -0.344734646356 1.23369196803e-14 0
11.4 -0.359495795584 -7.18149498202e-14 0 -0.34989148247 1.65440577904e-14 0
11.425 -0.359056001045 -1.89360679914e-13 0 -0.350251511521 2.67719874048e-14 0
11.45 -0.360211807054 -1.65865585156e-14 0 -0.356242871314 3.31913316276e-14 0
11.475 -0.356656470853 -1.35489899465e-13 0 -0.361007794518 5.86894611008e-14 0
11.5 -0.347153351445 2.19589971207e-14 0 -0.359879207401 5.09593994606e-14 0
11.525 -0.345106150355 -4.2995555033e-14 0 -0.356432159402 4.78712664127e-14 0
11.55 -0.348707363322 2.92224577869e-13 0 -0.348607904501 5.52510511301e-14 0
11.575 -0.344840774808 -3.16677673667e-13 0 -0.340425788229 3.90919935311e-14 0
11.6 -0.346438131023 -2.08992545492e-13 0 -0.34044839807 6.91287305177e-15 0
11.625 -0.349134305369 -8.46804397436e-13 0 -0.345128050171 7.62801280474e-15 0
11.65 -0.359867530405 7.93193635773e-14 0 -0.350195980886 2.63305002801e-14 0
11.675 -0.359123078677 -2.32021866997e-13 0 -0.350737283129 2.64189711774e-14 0
11.7 -0.359641800465 -1.66686976721e-13 0 -0.356943868405 3.84518805685e-14 0
11.725 -0.356169802 -3.81154282398e-13 0 -0.361163737029 2.72859026226e-14 0
11.75 -0.345002077837 -6.66179351266e-13 0 -0.361266367192 4.36751871648e-15 0
11.775 -0.342894005766 -2.58831541269e-12 0 -0.358596112598 -8.49586243371e-14 0
11.8 -0.348784021695 -1.02284933995e-13 0 -0.34798729972 -4.3091398505e-14 0
11.825 -0.344495750667 -5.16800144346e-14 0 -0.340372897446 2.36072012633e-14 0
11.85 -0.346392427179 3.97922146622e-13 0 -0.340838953607 4.329349379e-14 0
11.875 -0.34952053222 1.30880115773e-13 0 -0.345495234103 5.49764227198e-14 0
11.9 -0.360193925586 -6.34683278156e-14 0 -0.350422534605 4.96616636703e-14 0
11.925 -0.35914737632 -1.82054024633e-13 0 -0.351242158104 7.35462038493e-14 0
11.95 -0.356810515866 -5.86280156367e-13 0 -0.358158977203 3.99524163752e-14 0
11.975 -0.356723840423 -4.23781994739e-13 0 -0.360917391506 4.70035828022e-14 0
12 -0.344897974255 1.99401042553e-14 0 -0.360890715385 3.65617638162e-14 0
12.025 -0.343088230611 -9.44278943232e-13 0 -0.357606194023 4.05860241248e-15 0
12.05 -0.349038047403 -1.11678244777e-13 0 -0.34736665383 -6.56137470745e-15 0
12.075 -0.344397699008 -6.03098300467e-14 0 -0.340269452498 2.22465275368e-14 0
12.1 -0.346392903326 -4.52160010822e-14 0 -0.341292955976 4.74125946837e-14 0
12.125 -0.349927641575 -7.32773217105e-14 0 -0.345746837004 5.76032277433e-14 0
12.15 -0.360359382638 1.08703844537e-13 0 -0.350774551394 1.21635340689e-13 0
12.175 -0.359259188956 1.92122359688e-13 0 -0.351746321703 1.06686361134e-13 0
12.2 -0.356182514885 5.31345800692e-14 0 -0.358892269962 7.41724390241e-14 0
12.225 -0.356359355613 1.70472360186e-13 0 -0.360822423997 8.82697913243e-14 0
12.25 -0.344681936558 2.4027774128e-13 0 -0.362993716147 9.28329678754e-14 0
12.275 -0.342881616077 3.46773608093e-13 0 -0.356036353219 9.57981523969e-14 0
12.3 -0.348786092649 6.06090698463e-14 0 -0.34684954272 8.1337931182e-14 0
12.325 -0.344118811213 5.48302722669e-14 0 -0.340238735157 6.39074296954e-14 0
12.35 -0.346300427664 -1.95736222369e-13 0 -0.341815780242 2.90397046687e-14 0
12.375 -0.350288286511 -9.1426432397e-14 0 -0.346093587412 2.50611163766e-14 0
12.4 -0.360322769414 -5.58286056274e-14 0 -0.351203277964 4.08752892644e-14 0
12.425 -0.359441439976 -4.96248875326e-13 0 -0.351732977203 -3.98032301563e-15 0
12.45 -0.360576377716 -5.86924606139e-13 0 -0.354966872482 -4.91941556935e-14 0
12.475 -0.359215780591 -5.1734132386e-13 0 -0.357747338188 -2.32950933391e-14 0
12.5 -0.343322364421 4.12267876088e-15 0 -0.363646383558 3.75925419266e-15 0
12.525 -0.345797231914 -2.47715693444e-13 0 -0.352433744619 2.12977422157e-14 0
12.55 -0.349671360508 -3.70104554642e-13 0 -0.345408689005 1.75191892243e-14 0
12.575 -0.344426418358 -5.89875370771e-14 0 -0.339871458818 2.19000165225e-14 0
12.6 -0.346476778419 -1.12605237634e-13 0 -0.342203726826 2.10031644854e-14 0
12.625 -0.350745115008 2.36598934888e-14 0 -0.346400624915 6.11242827186e-14 0
12.65 -0.360276865388 3.82480505601e-14 0 -0.351552758624 7.47405609625e-14 0
12.675 -0.359393352683 1.04701837478e-13 0 -0.352468057599 6.76828385004e-14 0
12.7 -0.359682653815 -1.4167313156e-13 0 -0.355834342081 7.25313906158e-14 0
12.725 -0.358937524941 -3.32298153837e-13 0 -0.357700303823 6.98478547136e-14 0
12.75 -0.341819102237 -2.74871271577e-14 0 -0.361402528553 5.82230119152e-14 0
12.775 -0.346581433493 -7.70089287477e-14 0 -0.352070115405 6.90778814358e-14 0
12.8 -0.349681223814 2.15643475299e-14 0 -0.345213025255 8.257457218e-14 0
12.825 -0.344382670988 1.30091250272e-13 0 -0.3401334756 7.69857268212e-14 0
12.85 -0.346446343191 6.1732303297e-14 0 -0.342807032255 7.22785546692e-14 0
12.875 -0.357466806961 1.45203293833e-13 0 -0.350893683686 7.86376172512e-14 0
12.9 -0.358142025271 8.00358043729e-14 0 -0.349997689028 7.65680921444e-14 0
12.925 -0.358548100557 4.57888935101e-14 0 -0.352540794308 9.21563172995e-14 0
12.95 -0.362298174172 2.30454354601e-14 0 -0.358427806635 6.04087053673e-14 0
12.975 -0.355119430611 1.6809871637e-13 0 -0.358208118138 4.83867638882e-14 0
13 -0.346086276401 6.74384593308e-14 0 -0.355481740976 5.44824059999e-14 0
13.025 -0.348506542 1.36922591321e-13 0 -0.349254110446 4.77429510856e-14 0
13.05 -0.350125294327 1.05977726594e-13 0 -0.344064310555 6.65689291884e-14 0
13.075 -0.344885022692 2.29191665646e-13 0 -0.338454888528 4.49241338574e-14 0
13.1 -0.348817928451 2.23822262807e-13 0 -0.34121715278 4.29049157313e-14 0
13.125 -0.359132614558 8.68905641882e-14 0 -0.349697464398 5.17476686501e-14 0
13.15 -0.358873086335 5.93726456888e-14 0 -0.349553250675 4.39509539873e-14 0
13.175 -0.358563310656 1.37283413804e-13 0 -0.352964402857 3.50310058739e-14 0
13.2 -0.358358209626 4.28771045904e-13 0 -0.36164853395 2.23258606426e-14 0
13.225 -0.353219981789 9.84523877354e-14 0 -0.359746146964 3.89128291221e-14 0
13.25 -0.345011366644 1.96428593877e-13 0 -0.355667248637 8.37914806984e-15 0
13.275 -0.348404335352 1.0768729658e-13 0 -0.348837669574 3.79637727504e-14 0
13.3 -0.345122063173 5.78677730734e-14 0 -0.340255557663 1.69103012843e-14 0
13.325 -0.346432361444 2.0209962176e-13 0 -0.339941348629 1.06021962043e-14 0
13.35 -0.348580611032 2.15051067232e-13 0 -0.344652753847 1.64733678087e-14 0
13.375 -0.359413135159 6.64416438534e-14 0 -0.349792822446 2.08973463534e-14 0
13.4 -0.358959367538 -7.94243143476e-14 0 -0.350114167378 1.6677631498e-14 0
13.425 -0.360259706567 3.01633718003e-14 0 -0.356041797742 7.12971348626e-15 0
13.45 -0.356726238495 -5.56838104272e-15 0 -0.360910244997 3.11283083457e-15 0
13.475 -0.347525504999 -7.00453150343e-14 0 -0.359430678339 1.30396995285e-14 0
13.5 -0.345289210159 2.54617507633e-13 0 -0.356268667526 7.59136677131e-15 0
13.525 -0.348694710461 -8.28204692327e-14 0 -0.348512927663 3.19525222253e-14 0
13.55 -0.34487564098 1.79622809682e-13 0 -0.340376694724 1.59961020124e-14 0
13.575 -0.346388881896 1.53986198792e-13 0 -0.340343675108 1.82631687551e-14 0
13.6 -0.349033245327 2.23652259906e-13 0 -0.345036892096 2.4569755952e-14 0
13.625 -0.359784056549 6.60374532835e-14 0 -0.35009354932 2.57710519591e-14 0
13.65 -0.359065377196 3.55340756819e-14 0 -0.350650902262 2.15062342934e-14 0
13.675 -0.359671176318 1.94471175274e-14 0 -0.356782420676 1.6230940203e-14 0
13.7 -0.356183279311 2.84075090924e-13 0 -0.361118902475 2.55456192224e-14 0
13.725 -0.345114542358 9.43506340764e-14 0 -0.361114347077 3.36529307025e-14 0
13.75 -0.342926257311 2.72972833573e-13 0 -0.358542822255 3.67840523666e-14 0
13.775 -0.348759650518 7.96110139617e-14 0 -0.347929042732 3.11781850337e-14 0
13.8 -0.344488309743 1.17909588343e-13 0 -0.340306090461 2.13269072541e-14 0
13.825 -0.346361405282 1.04173614179e-13 0 -0.34076168729 1.97832202009e-14 0
13.85 -0.349452466912 -2.35761930811e-14 0 -0.345357983799 2.17378198775e-14 0
13.875 -0.360106617125 -3.78351863728e-14 0 -0.350343805291 9.21485110439e-15 0
13.9 -0.359079144437 -7.65672247827e-14 0 -0.351088111543 3.10949183069e-15 0
13.925 -0.356869416595 4.52173021248e-14 0 -0.358006944075 9.30245463993e-15 0
13.95 -0.356738671485 5.02844293981e-14 0 -0.360832506602 1.77795366591e-14 0
13.975 -0.344982216279 4.1139075653e-14 0 -0.360805287584 2.1307879506e-14 0
14 -0.343125722769 -8.72217879519e-13 0 -0.35756266328 -1.43111434162e-14 0
14.025 -0.349007880453 4.64862523475e-14 0 -0.34733913663 -1.81009721101e-14 0
14.05 -0.344375833185 3.92724047726e-14 0 -0.340187369278 5.16232022407e-15 0
14.075 -0.346373177444 1.01291804805e-13 0 -0.341217801649 2.39478575859e-14 0
14.1 -0.34985043414 1.67103310356e-13 0 -0.345633662365 3.78768197362e-14 0
14.125 -0.360342538835 9.24572918226e-14 0 -0.350719838477 4.44644321362e-14 0
14.15 -0.359198211879 2.93359087022e-14 0 -0.351621361881 4.1737446832e-14 0
14.175 -0.356262649742 5.3343614248e-14 0 -0.358769604837 4.52155674013e-14 0
14.2 -0.35636026535 1.35215027109e-13 0 -0.360795067281 4.46852434612e-14 0
14.225 -0.344761113325 5.26227282235e-14 0 -0.362943904985 4.9688985565e-14 0
14.25 -0.342863991763 9.12896060828e-14 0 -0.356040333066 5.09070867058e-14 0
14.275 -0.348791347759 7.97536949676e-14 0 -0.34682973173 5.01423989135e-14 0
14.3 -0.34409520613 5.30625890449e-14 0 -0.340199868746 4.22882215356e-14 0
14.325 -0.346275697382 2.10605838324e-13 0 -0.34174404428 5.0662165435e-14 0
14.35 -0.350211101104 1.4889955588e-13 0 -0.346010121791 6.19235565602e-14 0
14.375 -0.360270603874 6.54155549173e-14 0 -0.351163192552 5.54703852296e-14 0
14.4 -0.359416223163 -4.4263204213e-14 0 -0.351595205935 4.53482737472e-14 0
14.425 -0.360636433252 3.64350043192e-13 0 -0.354831548411 6.10050204797e-14 0
14.45 -0.35920797703 1.23514046213e-13 0 -0.357746210896 7.24632349567e-14 0
14.475 -0.34330042102 6.23359870666e-14 0 -0.36360654969 6.17664014553e-14 0
14.5 -0.345745139925 2.73650459931e-14 0 -0.352491265366 5.68952437247e-14 0
14.525 -0.349647021048 2.7121967866e-14 0 -0.345364774878 4.75784776161e-14 0
14.55 -0.34441304688 6.27397439557e-14 0 -0.33982262488 4.09886968117e-14 0
14.575 -0.346437923619 1.26394988226e-13 0 -0.34209219569 4.494538422e-14 0
14.6 -0.350679768691 1.32188530955e-13 0 -0.34634272467 5.36172668764e-14 0
14.625 -0.360251042187 7.16692330482e-14 0 -0.351471899715 5.02488675669e-14 0
14.65 -0.35933789131 9.83007078514e-14 0 -0.352356225431 4.76077510747e-14 0
14.675 -0.359724983547 1.72107987584e-13 0 -0.355721186047 5.63108587537e-14 0
14.7 -0.358948717627 1.1010766951e-13 0 -0.357716892345 5.94398255659e-14 0
14.725 -0.341771165426 4.92761213777e-14 0 -0.361454318057 5.31510599422e-14 0
14.75 -0.346530000548 1.08420217249e-14 0 -0.352177028421 4.53503337314e-14 0
14.775 -0.349643663809 6.60196723679e-14 0 -0.345209763017 4.01837851188e-14 0
14.8 -0.344392349912 5.39342875916e-14 0 -0.340134710892 3.71131077259e-14 0
14.825 -0.346404381568 -1.82354131795e-14 0 -0.342733720954 3.3315798037e-14 0
14.85 -0.35741051416 7.69453945004e-14 0 -0.350844470989 3.40222641726e-14 0
14.875 -0.358123404614 3.57613244573e-14 0 -0.349920076763 3.23994303608e-14 0
14.9 -0.35852490721 1.72548607347e-13 0 -0.352478508681 4.14815751193e-14 0
14.925 -0.36238150662 9.55458687158e-14 0 -0.358363277445 4.96743367655e-14 0
14.95 -0.3552073064 1.94909626633e-13 0 -0.358118702375 5.22228744623e-14 0
14.975 -0.346070789997 6.04351638178e-14 0 -0.355509755316 5.37729040982e-14 0
15 -0.348439382467 5.87949827713e-14 0 -0.349309841618 5.09160855838e-14 0
15.025 -0.350117481988 8.78368558443e-14 0 -0.344040850797 4.79874386755e-14 0
15.05 -0.344865869669 3.6556695171e-14 0 -0.338431813455 4.44574932423e-14 0
15.075 -0.348761277474 8.64694600644e-14 0 -0.34118665802 4.60352242437e-14 0
15.1 -0.359074322384 7.9628144356e-14 0 -0.349628820033 4.7964236749e-14 0
15.125 -0.358848601966 4.96980928633e-14 0 -0.349494196952 4.47584677654e-14 0
15.15 -0.358517794441 7.50033715691e-14 0 -0.352832030888 4.50958714815e-14 0
15.175 -0.358355420723 1.02279472326e-13 0 -0.361675569518 5.31706539318e-14 0
15.2 -0.353357754666 7.35515164399e-14 0 -0.359620318163 4.72276840031e-14 0
15.225 -0.345006436992 5.11960265848e-14 0 -0.355714441163 4.56342862803e-14 0
15.25 -0.34835930914 1.12305997835e-14 0 -0.34888423362 4.30271053162e-14 0
15.275 -0.345119838865 4.25427922057e-14 0 -0.340262908641 3.77588585398e-14 0
15.3 -0.346395236204 4.50928357154e-14 0 -0.339877662964 3.64200856973e-14 0
15.325 -0.348536542716 8.15172582214e-14 0 -0.344632546665 4.08614114766e-14 0
15.35 -0.359338594431 6.48717191076e-14 0 -0.349734820785 4.19811754804e-14 0
15.375 -0.358947435216 8.03688712803e-14 0 -0.350082033884 4.25024598849e-14 0
15.4 -0.360224693311 7.58733353923e-14 0 -0.355978432944 4.40932013124e-14 0
15.425 -0.356744961381 6.12984055876e-14 0 -0.360954343698 4.76553932899e-14 0
15.45 -0.34764318803 6.39202232811e-14 0 -0.359392539508 4.44866853858e-14 0
15.475 -0.345194521419 2.89642441975e-14 0 -0.356407654475 4.35331566802e-14 0
15.5 -0.348615996187 4.22407334805e-14 0 -0.348593742777 4.01137456585e-14 0
15.525 -0.344881947826 4.46084141847e-14 0 -0.340396535797 3.71965912932e-14 0
15.55 -0.346345033105 5.2767686054e-14 0 -0.340322110551 3.7361173183e-14 0
15.575 -0.348950868769 7.74814240545e-14 0 -0.345031102248 4.11463398076e-14 0
15.6 -0.359724330958 5.24051288475e-14 0 -0.350052611802 4.16160161887e-14 0
15.625 -0.359020129928 -1.05124242644e-15 0 -0.350623646397 3.91926074927e-14 0
15.65 -0.359646916445 6.28889301746e-14 0 -0.356721148965 3.75212014236e-14 0
15.675 -0.356165480229 5.27483059402e-14 0 -0.361139151348 4.3410906109e-14 0
15.7 -0.344972952098 8.74651913396e-14 0 -0.361320063793 4.29559816537e-14 0
15.725 -0.342738844713 3.6101547099e-14 0 -0.358725289387 4.52496113496e-14 0
15.75 -0.348645481029 5.56115483524e-14 0 -0.348048572205 4.33238514508e-14 0
15.775 -0.344460490991 4.30710155042e-14 0 -0.340284023591 3.82166086971e-14 0
15.8 -0.346319693608 5.98592356238e-14 0 -0.340731982281 3.85711428075e-14 0
15.825 -0.349358964507 8.47572879936e-14 0 -0.345319520224 4.28875684966e-14 0
15.85 -0.360047765542 5.54755894e-14 0 -0.350323974606 4.35025279688e-14 0
15.875 -0.359053928338 8.40820468806e-14 0 -0.351025622773 4.47645392976e-14 0
15.9 -0.356763810538 6.86863760313e-14 0 -0.359620923096 4.79815839838e-14 0
15.925 -0.355727306241 6.05671112222e-14 0 -0.361256886174 5.01000303255e-14 0
15.95 -0.344431002191 6.29442244854e-14 0 -0.361204405354 4.63005556204e-14 0
15.975 -0.342714055472 4.3435741115e-14 0 -0.357876121896 4.71282084538e-14 0
16 -0.348809115491 6.90556552913e-14 0 -0.347542413335 4.64363790476e-14 0
16.025 -0.344269670525 4.73063428708e-14 0 -0.340220916444 4.16515780199e-14 0
16.05 -0.346312211929 4.98095488466e-14 0 -0.341240537815 4.07568943872e-14 0
16.075 -0.34973371939 6.43135718292e-14 0 -0.345611458729 4.22452871296e-14 0
16.1 -0.360295539283 7.24767468263e-14 0 -0.350673223508 4.53343959594e-14 0
16.125 -0.359158255714 8.62799415247e-14 0 -0.351546308676 4.5617155886e-14 0
16.15 -0.356165982811 6.25766799489e-14 0 -0.358829773608 4.86988921411e-14 0
16.175 -0.356297041614 7.14952728097e-14 0 -0.360865555513 5.08694174566e-14 0
16.2 -0.344486271317 6.51965460785e-14 0 -0.363279982277 4.96845403361e-14 0
16.225 -0.34262470077 6.49400238445e-14 0 -0.356300626428 4.85278050383e-14 0
16.25 -0.348691440815 7.32421935601e-14 0 -0.34695159115 5.00042715568e-14 0
16.275 -0.344070526734 5.32915725437e-14 0 -0.340194029751 4.47827538941e-14 0
16.3 -0.346198100588 4.32926264282e-14 0 -0.341737350589 4.3740185085e-14 0
16.325 -0.350136165737 7.19979631469e-14 0 -0.34600393831 4.47194364872e-14 0
16.35 -0.360239517823 6.34318986226e-14 0 -0.351097529195 4.70526395624e-14 0
16.375 -0.359360342847 5.12506703743e-14 0 -0.351565109038 4.62590035721e-14 0
16.4 -0.360642921314 3.79774336978e-14 0 -0.35472520833 4.60603777341e-14 0
16.425 -0.359164306813 9.16028863006e-14 0 -0.357795454458 4.96623412966e-14 0
16.45 -0.342977644236 7.6094295795e-14 0 -0.363956321309 4.9928052144e-14 0
16.475 -0.345578969215 5.87804544622e-14 0 -0.352716632592 5.00725762936e-14 0
16.5 -0.349612438695 7.36635145243e-14 0 -0.345444869216 5.25037912452e-14 0
16.525 -0.344372310669 4.96998275867e-14 0 -0.339826704356 4.43911400694e-14 0
16.55 -0.346361548883 5.10052070024e-14 0 -0.342054851044 4.44943561162e-14 0
16.575 -0.350613833219 7.97335288072e-14 0 -0.346345173182 4.66909497177e-14 0
16.6 -0.360206841684 6.66185856479e-14 0 -0.351415854731 4.84950621327e-14 0
16.625 -0.359311869108 8.98404614591e-14 0 -0.352344744309 4.91672674796e-14 0
16.65 -0.359729758556 1.92519611364e-14 0 -0.35564920491 4.65400287752e-14 0
16.675 -0.358967706836 4.56779796279e-15 0 -0.357766624882 4.76019912507e-14 0
16.7 -0.341418973235 5.37362038547e-14 0 -0.361911040703 4.50899625797e-14 0
16.725 -0.346338173745 6.69820102162e-15 0 -0.352410864532 4.51493226486e-14 0
16.75 -0.349579815483 6.09015875924e-14 0 -0.345290709933 4.48584312057e-14 0
16.775 -0.344380165028 5.7196868769e-14 0 -0.340157334925 4.19772723526e-14 0
16.8 -0.346316529696 5.1016482705e-14 0 -0.342749195188 4.34968901175e-14 0
16.825 -0.357337073057 8.16239437151e-14 0 -0.350870900603 4.76008121808e-14 0
16.85 -0.358097024591 7.25296558923e-14 0 -0.349884000175 4.79503589612e-14 0
16.875 -0.358440434078 7.23631224386e-14 0 -0.352502656759 4.96581942233e-14 0
16.9 -0.36241195946 9.01635096608e-14 0 -0.358329851781 5.36249856229e-14 0
16.925 -0.35519701979 7.86920442003e-14 0 -0.358120779965 5.71264362854e-14 0
16.95 -0.345926127491 4.56715828351e-14 0 -0.355749966709 5.15563611768e-14 0
16.975 -0.348322088573 9.10762350953e-14 0 -0.349394865514 5.49484503037e-14 0
17 -0.35008280583 7.16575236648e-14 0 -0.344092816137 5.47561128383e-14 0
17.025 -0.344827591143 6.73844660626e-14 0 -0.338398296864 4.94543642149e-14 0
17.05 -0.348724759237 6.7191044395e-14 0 -0.341146140684 4.97327873328e-14 0
17.075 -0.35901618639 7.76028546978e-14 0 -0.349612920375 5.36628033676e-14 0
17.1 -0.358840339752 8.90017226585e-14 0 -0.349449062251 5.36792832406e-14 0
17.125 -0.358464576883 8.24739582184e-14 0 -0.352813650915 5.42265884973e-14 0
17.15 -0.361297166531 8.62689097676e-14 0 -0.35875964513 5.7644571845e-14 0
17.175 -0.353211876248 8.7676502343e-14 0 -0.35965780202 6.1400171514e-14 0
17.2 -0.34482335425 -1.40545127619e-15 0 -0.356019649236 5.23833363839e-14 0
17.225 -0.348213976449 5.70624276997e-14 0 -0.349019008044 5.09506716331e-14 0
17.25 -0.349858084823 7.37825599229e-14 0 -0.344042375189 5.36263741746e-14 0
17.275 -0.344618873301 6.26399973558e-14 0 -0.338594138479 4.7252566443e-14 0
17.3 -0.34790257894 5.01608303505e-14 0 -0.34419357141 4.82548029312e-14 0
17.325 -0.358963165309 1.05173682263e-13 0 -0.349459969524 5.49274167816e-14 0
17.35 -0.358751172883 1.03374774019e-13 0 -0.349875165475 5.51295120665e-14 0
17.375 -0.360045848673 8.70579650036e-14 0 -0.355866568199 5.63811150545e-14 0
17.4 -0.35658377316 9.69234187267e-14 0 -0.360982216481 6.5398322032e-14 0
17.425 -0.347536448562 8.81570207459e-14 0 -0.359413680541 6.06794074622e-14 0
17.45 -0.344876345342 1.60648404302e-14 0 -0.35670510977 5.56913998424e-14 0
17.475 -0.348430241878 8.81137610792e-14 0 -0.34869984661 5.71355029261e-14 0
17.5 -0.344779227177 6.13307148123e-14 0 -0.340445600799 5.20334643428e-14 0
17.525 -0.346270321583 6.14083436878e-14 0 -0.340267174911 5.19150694656e-14 0
17.55 -0.348840794856 8.03948921324e-14 0 -0.344990642786 5.37647183718e-14 0
17.575 -0.359654330235 8.42043448857e-14 0 -0.350023209469 5.71227093404e-14 0
17.6 -0.358971184635 -2.24030863305e-14 0 -0.350524860216 5.19619069994e-14 0
17.625 -0.359531256033 8.61012650066e-14 0 -0.35675988483 5.01976932243e-14 0
17.65 -0.356032513088 8.62053213101e-14 0 -0.361189524005 6.138042887e-14 0
17.675 -0.344719436992 1.13567358642e-13 0 -0.361593085174 5.95894319132e-14 0
17.7 -0.342418081548 -2.53861601879e-14 0 -0.359065406753 5.528097511e-14 0
17.725 -0.348482223691 9.22228873129e-14 0 -0.34822652471 5.43649326945e-14 0
17.75 -0.344426350866 5.23496176963e-14 0 -0.34033348887 4.81136398084e-14 0
17.775 -0.346233842276 6.17674314474e-14 0 -0.340724109661 5.01669018826e-14 0
17.8 -0.349252165537 9.50324888227e-14 0 -0.345280583392 5.37538763501e-14 0
17.825 -0.360001303616 8.33465241268e-14 0 -0.350319115349 5.73915914792e-14 0
17.85 -0.359008776861 1.01120500862e-13 0 -0.350945186762 5.87785028983e-14 0
17.875 -0.3566768292 1.0299140013e-13 0 -0.35970303691 6.31569449516e-14 0
17.9 -0.355612909445 9.4194698699e-14 0 -0.361349412207 6.98372769662e-14 0
17.925 -0.344065821299 9.73732813131e-14 0 -0.361647685063 6.37808490918e-14 0
17.95 -0.342360934004 7.50398007621e-14 0 -0.358317972616 6.50242663533e-14 0
17.975 -0.348652076709 9.76994093266e-14 0 -0.347732550593 6.69572904066e-14 0
18 -0.344219269948 6.6108576946e-14 0 -0.340269367013 5.79356441294e-14 0
18.025 -0.346260669777 7.31060177672e-14 0 -0.341255140876 5.82671931537e-14 0
18.05 -0.349636939129 1.0715820592e-13 0 -0.345614087641 6.0828512366e-14 0
18.075 -0.360251063357 8.6685866818e-14 0 -0.350690641941 6.35750133093e-14 0
18.1 -0.359126925064 1.12563604271e-13 0 -0.351482066123 6.46115105862e-14 0
18.125 -0.35598234493 1.02060720986e-13 0 -0.358994586939 6.91460777524e-14 0
18.15 -0.356183167962 1.22845527153e-13 0 -0.360954048276 7.42021326111e-14 0
18.175 -0.344067391435 9.6756912378e-14 0 -0.363740882309 7.11516349311e-14 0
18.2 -0.342285454252 1.02728589524e-13 0 -0.356719998345 7.08214953696e-14 0
18.225 -0.348561059013 1.05552719343e-13 0 -0.3470672041 7.27037787612e-14 0
18.25 -0.344015912446 7.38025092428e-14 0 -0.340249185327 6.32857481697e-14 0
18.275 -0.346112481454 9.35445297612e-14 0 -0.341698598717 6.40403528818e-14 0
18.3 -0.350051389834 1.12698912702e-13 0 -0.345998991427 6.6287253464e-14 0
18.325 -0.360197877565 9.39474192885e-14 0 -0.35107353816 6.86195891775e-14 0
18.35 -0.359317597658 6.30172997118e-14 0 -0.351530940392 6.54329021521e-14 0
18.375 -0.360687104275 9.47124323414e-14 0 -0.35466818275 6.83481049535e-14 0
18.4 -0.359136634472 7.87528679422e-14 0 -0.357806692448 7.25839879737e-14 0
18.425 -0.342472175511 1.09066401743e-13 0 -0.364492900549 6.93307715925e-14 0
18.45 -0.345360760177 9.22356808986e-14 0 -0.353032024179 7.04067880386e-14 0
18.475 -0.349516558182 1.00778760337e-13 0 -0.345539155316 7.01526510494e-14 0
18.5 -0.344342776665 7.44664746533e-14 0 -0.339901095731 6.42877678175e-14 0
18.525 -0.346251792401 9.62068966159e-14 0 -0.342078955953 6.52681034219e-14 0
18.55 -0.350540691338 1.13342928793e-13 0 -0.346386142657 6.7296862527e-14 0
18.575 -0.360151401016 9.55529058655e-14 0 -0.351409166815 6.94843488303e-14 0
18.6 -0.3592566475 7.78396444523e-14 0 -0.352328071493 6.85736190054e-14 0
18.625 -0.359754125824 1.04619438113e-13 0 -0.355604121632 7.11930514541e-14 0
18.65 -0.358943922767 9.68426727699e-14 0 -0.357822762957 7.85509759451e-14 0
18.675 -0.340915612488 8.68669285808e-14 0 -0.362485216678 7.26191567817e-14 0
18.7 -0.346082554651 1.10160361735e-13 0 -0.352738855331 7.77075886277e-14 0
18.725 -0.349504410836 1.16437458633e-13 0 -0.345394142913 7.73380925273e-14 0
18.75 -0.344299998025 8.4054291305e-14 0 -0.340223323069 7.13517786521e-14 0
18.775 -0.346218945404 1.0929928837e-13 0 -0.342762296299 7.21683997285e-14 0
18.8 -0.357255743418 1.26323430882e-13 0 -0.350900629653 7.72194808096e-14 0
18.825 -0.358075704325 1.22248565437e-13 0 -0.34989212133 7.80677605894e-14 0
18.85 -0.358363660827 1.03637584625e-13 0 -0.352468219891 7.94008955807e-14 0
18.875 -0.362419982918 1.25312688489e-13 0 -0.358368968502 8.39378309848e-14 0
18.9 -0.355173309307 8.80364032542e-14 0 -0.35807622503 8.74928656001e-14 0
18.925 -0.345661123772 5.53532913949e-14 0 -0.356090668333 7.58541992239e-14 0
18.95 -0.348187887638 1.18423717013e-13 0 -0.34954731366 8.00690893796e-14 0
18.975 -0.350046470615 1.32294999608e-13 0 -0.344171300205 8.14324736115e-14 0
19 -0.344795433604 9.44196977548e-14 0 -0.338435559011 7.59188718835e-14 0
19.025 -0.348646103373 1.10877019371e-13 0 -0.341120734756 7.70629220159e-14 0
19.05 -0.358961789514 1.13444843797e-13 0 -0.349596980949 8.2263189316e-14 0
19.075 -0.358850267242 1.33503451349e-13 0 -0.349430248388 8.31079996488e-14 0
19.1 -0.358375762431 1.28028664059e-13 0 -0.352793851991 8.60483559406e-14 0
19.125 -0.36132815519 1.28965374079e-13 0 -0.358839311417 9.15305564632e-14 0
19.15 -0.353162704115 1.43127046673e-13 0 -0.359687107542 9.66214548691e-14 0
19.175 -0.344597649947 1.71340806127e-14 0 -0.356362337311 8.27877805372e-14 0
19.2 -0.348066597297 1.34111038247e-13 0 -0.349221449913 8.39521594603e-14 0
19.225 -0.349797616646 1.41900597175e-13 0 -0.344114717001 8.66305725072e-14 0
19.25 -0.344574563256 1.00196760611e-13 0 -0.338627367916 8.09088039622e-14 0
19.275 -0.347845790569 1.2115178652e-13 0 -0.344218137298 8.41575073518e-14 0
19.3 -0.358907117079 1.22714338691e-13 0 -0.349463330737 8.67188265641e-14 0
19.325 -0.358734430668 1.45613555935e-13 0 -0.349872793844 8.85411535756e-14 0
19.35 -0.359949793972 1.37572245262e-13 0 -0.355917243652 9.40454311649e-14 0
19.375 -0.356480779672 1.17935012884e-13 0 -0.361140239917 1.01413516663e-13 0
19.4 -0.347462692805 1.4734253314e-13 0 -0.359512697032 9.42933068866e-14 0
19.425 -0.344555208149 1.16859538539e-13 0 -0.357092372902 9.30186374974e-14 0
19.45 -0.348283792847 1.62717929408e-13 0 -0.348912252087 9.86656503027e-14 0
19.475 -0.344736226398 1.11081933582e-13 0 -0.340472709979 9.01178003748e-14 0
19.5 -0.346222334229 1.23010976405e-13 0 -0.340280245594 8.82666335855e-14 0
19.525 -0.348751026905 1.3798510945e-13 0 -0.344934452606 9.14216619075e-14 0
19.55 -0.359598723406 1.31485100585e-13 0 -0.350032231771 9.35206773134e-14 0
19.575 -0.358947530943 1.52835209766e-13 0 -0.350480770752 9.41451777647e-14 0
19.6 -0.359444457589 1.39516870279e-13 0 -0.35680902563 9.79633041354e-14 0
19.625 -0.355952536152 1.44443945737e-13 0 -0.361311199207 1.07186855962e-13 0
19.65 -0.344472978491 1.42302619341e-13 0 -0.361852234426 9.90569930769e-14 0
19.675 -0.342055402753 5.70211195969e-14 0 -0.359494230758 9.50843136865e-14 0
19.7 -0.348326522382 1.61228452464e-13 0 -0.348453711445 9.3612834498e-14 0
19.725 -0.344364364068 1.05108846973e-13 0 -0.340391765162 8.78240622587e-14 0
19.75 -0.346184242423 1.24161965431e-13 0 -0.340771834216 8.76577456455e-14 0
19.775 -0.349165738373 1.42502329381e-13 0 -0.345272310008 9.1204821473e-14 0
19.8 -0.359961968894 1.29710478469e-13 0 -0.350340561252 9.35371571864e-14 0
19.825 -0.358976033706 1.57047118365e-13 0 -0.350929559596 9.3816447666e-14 0
19.85 -0.3565584849 1.48507942055e-13 0 -0.359784264773 1.02005209834e-13 0
19.875 -0.355527729118 1.4267393148e-13 0 -0.361492276655 1.07233290308e-13 0
19.9 -0.343639885361 1.42630698918e-13 0 -0.362122786571 9.93253060095e-14 0
19.925 -0.341971432414 1.20496494727e-13 0 -0.358772676055 9.94595031334e-14 0
19.95 -0.34848990094 1.58293517183e-13 0 -0.347964928547 9.94588526121e-14 0
19.975 -0.344159335656 1.10628520233e-13 0 -0.340342381171 9.1830189286e-14 0
20 -0.34614638391 1.30947336308e-13 0 -0.341323152242 9.09628275481e-14 0
20.025 -0.349554236462 1.46254102579e-13 0 -0.345595445685 9.36885118097e-14 0
20.05 -0.360200892777 1.34291883169e-13 0 -0.350678594475 9.57714810235e-14 0
20.075 -0.359118175976 1.6668610936e-13 0 -0.351463756692 9.60351589918e-14 0
20.1 -0.355816706408 1.41587262747e-13 0 -0.359085711617 1.01567192157e-13 0
20.125 -0.356072544666 1.74529932607e-13 0 -0.361106025386 1.10765875096e-13 0
20.15 -0.343601163021 1.47469926895e-13 0 -0.36418587185 1.0557630074e-13 0
20.175 -0.341889008839 1.35835136542e-13 0 -0.357191024335 1.04304152121e-13 0
20.2 -0.348425282026 1.65189043e-13 0 -0.34722840366 1.03697866266e-13 0
20.225 -0.343961933833 1.15441076837e-13 0 -0.340330655534 9.61717684655e-14 0
20.25 -0.346029168364 1.36821543678e-13 0 -0.341736652705 9.54644349682e-14 0
20.275 -0.349942200461 1.53624508947e-13 0 -0.346001413197 9.77447289774e-14 0
20.3 -0.360164817818 1.35428994408e-13 0 -0.351051480522 9.93406745753e-14 0
20.325 -0.359201283592 1.17781652487e-13 0 -0.352017636988 9.82113695924e-14 0
20.35 -0.354863377409 1.53390321278e-13 0 -0.360038653124 1.01527293517e-13 0
20.375 -0.355738598336 1.69937252204e-13 0 -0.361169249447 1.12498098131e-13 0
20.4 -0.340365134694 1.56655938222e-13 0 -0.366591429505 1.06861676626e-13 0
20.425 -0.344481284828 1.30412390956e-13 0 -0.354019008003 1.05794496427e-13 0
20.45 -0.349156684196 1.7220079529e-13 0 -0.345969252384 1.05020592917e-13 0
20.475 -0.344158940982 1.07274866074e-13 0 -0.340095617846 9.73923632713e-14 0
20.5 -0.346128013223 1.34892964854e-13 0 -0.342149309112 9.67572376387e-14 0
20.525 -0.350428304863 1.57688532371e-13 0 -0.346440556995 9.91524570781e-14 0
20.55 -0.360106517863 1.35246848443e-13 0 -0.351420420682 1.00472581643e-13 0
20.575 -0.3591869106 1.33179058059e-13 0 -0.35237761134 9.92313869963e-14 0
20.6 -0.359749697889 1.54950705045e-13 0 -0.355588894913 1.03745137481e-13 0
20.625 -0.3589255465 1.8885479118e-13 0 -0.357883944464 1.15337128953e-13 0
20.65 -0.341525032314 1.63860136397e-13 0 -0.364641983421 1.1054693402e-13 0
20.675 -0.345215281226 1.35764012879e-13 0 -0.352654979893 1.08516277561e-13 0
20.7 -0.349268526758 1.67026982523e-13 0 -0.345348569699 1.07551771308e-13 0
20.725 -0.344175539109 1.19216702482e-13 0 -0.340123404812 1.00381508661e-13 0
20.75 -0.346086310925 1.32907140155e-13 0 -0.342730113877 9.93601902144e-14 0
20.775 -0.35713189617 1.48023520524e-13 0 -0.350839217124 1.03121504391e-13 0
20.8 -0.358013779676 1.6659156693e-13 0 -0.349875406017 1.02156130777e-13 0
20.825 -0.358260722534 -1.30815497323e-14 0 -0.352453954199 9.73648245362e-14 0
20.85 -0.362409496006 1.40430551167e-13 0 -0.358379747517 9.77258834671e-14 0
20.875 -0.355164469256 1.40453729376e-13 0 -0.358073160944 1.09447241309e-13 0
20.9 -0.345379098033 1.15900344877e-13 0 -0.356390064724 1.00308108174e-13 0
20.925 -0.348044728424 1.76371937888e-13 0 -0.349697439496 1.07488453902e-13 0
20.95 -0.350011447669 1.75502841426e-13 0 -0.344252709113 1.0939426448e-13 0
20.975 -0.344750068345 1.26884180246e-13 0 -0.338434810059 1.02529963686e-13 0
21 -0.348608157015 1.4355964334e-13 0 -0.341123929262 1.02595015816e-13 0
21.025 -0.358905833419 1.44836833499e-13 0 -0.349565579053 1.07905004376e-13 0
21.05 -0.35885686071 1.7431715793e-13 0 -0.349414916039 1.07249278902e-13 0
21.075 -0.358275022395 1.60526106296e-13 0 -0.352829539508 1.10255554686e-13 0
21.1 -0.361334459838 1.55411721361e-13 0 -0.358883119531 1.15723414941e-13 0
21.125 -0.353155279932 1.84804916595e-13 0 -0.359728651055 1.22946479928e-13 0
21.15 -0.344360225902 1.22970318824e-13 0 -0.356661306294 1.11910535092e-13 0
21.175 -0.347921034881 1.79677670312e-13 0 -0.34938158715 1.15943821384e-13 0
21.2 -0.349743038938 1.83805878504e-13 0 -0.344202702254 1.16427267133e-13 0
21.225 -0.344532732277 1.31370175155e-13 0 -0.338657065927 1.08025133977e-13 0
21.25 -0.347749305982 9.11879079191e-14 0 -0.34426198664 1.0767732192e-13 0
21.275 -0.358865786415 1.47201695277e-13 0 -0.349426591256 1.06670748623e-13 0
21.3 -0.35871138721 5.62093774303e-14 0 -0.349818295197 1.02032098048e-13 0
21.325 -0.357837111809 1.45019413145e-13 0 -0.353709034338 1.00938354897e-13 0
21.35 -0.357446648914 8.88070677109e-14 0 -0.362020841219 1.11559653388e-13 0
21.375 -0.347733422894 1.53299356716e-13 0 -0.359834877181 1.05446223584e-13 0
21.4 -0.344393359325 9.30127285956e-14 0 -0.357496191913 1.0152902824e-13 0
21.425 -0.348218249019 1.55942316352e-13 0 -0.349189355423 1.06053512326e-13 0
21.45 -0.344759494031 1.2002920359e-13 0 -0.340576110393 9.88582046085e-14 0
21.475 -0.346223934281 1.40415023359e-13 0 -0.340347392734 9.94551663247e-14 0
21.5 -0.348739202502 1.5213871829e-13 0 -0.344948738763 1.03471051172e-13 0
21.525 -0.359557090767 1.44617390979e-13 0 -0.350024866239 1.05827673014e-13 0
21.55 -0.358958675479 1.75851520845e-13 0 -0.350450667103 1.06974325231e-13 0
21.575 -0.359401882455 1.55569133964e-13 0 -0.356922221781 1.09768097389e-13 0
21.6 -0.355887286535 1.60439939329e-13 0 -0.36140641807 1.2133560961e-13 0
21.625 -0.344411219786 1.61438354004e-13 0 -0.362050200938 1.12648470196e-13 0
21.65 -0.343703432025 1.37547308612e-13 0 -0.357253499835 1.09290397912e-13 0
21.675 -0.348231001782 1.04319547792e-13 0 -0.348829029267 1.09929860354e-13 0
21.7 -0.34436544165 1.50166771379e-13 0 -0.340551942559 1.0223267545e-13 0
21.725 -0.346133445752 1.43930440483e-13 0 -0.34085249566 1.01745868675e-13 0
21.75 -0.349128304812 1.53935891811e-13 0 -0.345286180935 1.05119905836e-13 0
21.775 -0.359936067816 1.46137442425e-13 0 -0.350365442033 1.06808659139e-13 0
21.8 -0.358971484426 1.75042272343e-13 0 -0.350907976223 1.07157338558e-13 0
21.825 -0.356452630464 1.60402073568e-13 0 -0.359920601544 1.14221132552e-13 0
21.85 -0.35543347431 1.62644935497e-13 0 -0.361637143366 1.20890920701e-13 0
21.875 -0.343237900884 1.50613245833e-13 0 -0.362599624456 1.10797655772e-13 0
21.9 -0.341652712342 1.42661923941e-13 0 -0.359155110728 1.10606185669e-13 0
21.925 -0.348363894614 1.90563710645e-14 0 -0.348167297958 1.03900178391e-13 0
21.95 -0.344124337264 1.09076159563e-13 0 -0.340445500513 9.30013444728e-14 0
21.975 -0.346083899498 1.31740104936e-13 0 -0.341306401839 9.64228696887e-14 0
22 -0.349487183128 1.47818389473e-13 0 -0.345601562425 1.00838174616e-13 0
22.025 -0.360146983806 1.39511666108e-13 0 -0.350624358443 1.03159668308e-13 0
22.05 -0.359100368379 1.74205268266e-13 0 -0.351447221088 1.05108630133e-13 0
22.075 -0.355705901852 1.49075196632e-13 0 -0.359176718728 1.11067405273e-13 0
22.1 -0.355992854597 1.88090997855e-13 0 -0.361223383741 1.20578351991e-13 0
22.125 -0.34329694038 1.54910589564e-13 0 -0.36457889998 1.14473074032e-13 0
22.15 -0.341533073204 1.48547732275e-13 0 -0.357585993308 1.13924711678e-13 0
22.175 -0.348322942964 1.75060053259e-13 0 -0.347379091628 1.12356521656e-13 0
22.2 -0.3439333582 1.22163563987e-13 0 -0.340412784905 1.04869455134e-13 0
22.225 -0.345982503874 1.3703231258e-13 0 -0.341718939924 1.03813225377e-13 0
22.25 -0.349880587837 1.52319129532e-13 0 -0.346030869163 1.06458244997e-13 0
22.275 -0.360138221987 1.3895828932e-13 0 -0.351014716015 1.06671615985e-13 0
22.3 -0.359206404996 1.29891323392e-13 0 -0.351999454166 1.05658537475e-13 0
22.325 -0.354806017226 1.57891928698e-13 0 -0.360105663548 1.09665748704e-13 0
22.35 -0.355651430764 1.76191851907e-13 0 -0.361286216317 1.20152680665e-13 0
22.375 -0.339914456478 1.61706043521e-13 0 -0.367117565359 1.13777260183e-13 0
22.4 -0.344277587001 1.41302225996e-13 0 -0.354298529072 1.13383586374e-13 0
22.425 -0.349092939229 1.65580873665e-13 0 -0.34608536503 1.11073259965e-13 0
22.45 -0.344125855927 1.20974194204e-13 0 -0.340170507674 1.04388936731e-13 0
22.475 -0.346079896809 1.40722503095e-13 0 -0.34214069499 1.03320997591e-13 0
22.5 -0.350323218854 1.50710173508e-13 0 -0.346476495745 1.06465183891e-13 0
22.525 -0.360093779798 1.2507442998e-13 0 -0.351376094281 1.04464180362e-13 0
22.55 -0.359140979159 1.49028792779e-13 0 -0.352351701085 1.03521358152e-13 0
22.575 -0.359783842959 1.47618896273e-13 0 -0.355588350428 1.07394128313e-13 0
22.6 -0.358894922758 1.76719262054e-13 0 -0.357881613068 1.18027441119e-13 0
22.625 -0.341130409335 1.70085625271e-13 0 -0.365104651647 1.12995767257e-13 0
22.65 -0.345004324974 1.38341161443e-13 0 -0.352858942686 1.10807088331e-13 0
22.675 -0.349212324744 1.60366511737e-13 0 -0.345458464248 1.08462934814e-13 0
22.7 -0.344137066837 1.15778697393e-13 0 -0.34013698066 1.01679081821e-13 0
22.725 -0.346028287829 1.35233838017e-13 0 -0.342756624019 1.01653928331e-13 0
22.75 -0.357099530358 1.2634728333e-13 0 -0.350847263299 1.01824798593e-13 0
22.775 -0.357974778304 1.65326953516e-13 0 -0.34982967051 1.00706769313e-13 0
22.8 -0.358233664491 1.02584607475e-13 0 -0.352422043838 9.92634793806e-14 0
22.825 -0.36248701178 1.48802908573e-13 0 -0.358410537835 1.05123076965e-13 0
22.85 -0.355202877633 1.22499124559e-13 0 -0.358009309572 1.10538802504e-13 0
22.875 -0.345275595389 1.07419064962e-13 0 -0.356633375793 9.92983364805e-14 0
22.9 -0.347946905055 1.68115304663e-13 0 -0.349813503232 1.05696484551e-13 0
22.925 -0.350021536489 1.57056225664e-13 0 -0.344327253463 1.05238734394e-13 0
22.95 -0.344723022591 1.1842696962e-13 0 -0.338476394582 9.86940563996e-14 0
22.975 -0.348547826221 1.30855829644e-13 0 -0.341117102205 9.8828497469e-14 0
23 -0.358873844659 1.16097235991e-13 0 -0.349546072712 1.00374569767e-13 0
23.025 -0.358854830513 1.66338730984e-13 0 -0.349397297574 9.79173339632e-14 0
23.05 -0.358231251467 1.26354222224e-13 0 -0.352820271044 9.85444364998e-14 0
23.075 -0.361364082154 1.31824083171e-13 0 -0.358951259814 1.03155442249e-13 0
23.1 -0.353207996256 1.67991705616e-13 0 -0.359697462709 1.10444951253e-13 0
23.125 -0.344221936634 1.10808606214e-13 0 -0.356880330245 1.01186095093e-13 0
23.15 -0.347831702255 1.47266313727e-13 0 -0.349473687658 1.04051424595e-13 0
23.175 -0.349720483143 1.32097891653e-13 0 -0.344255379277 1.00257259092e-13 0
23.2 -0.344517481053 1.13776826502e-13 0 -0.338702651282 9.38693567321e-14 0
23.225 -0.347712084414 1.3027469728e-13 0 -0.344212677679 9.6137073996e-14 0
23.25 -0.358814690403 1.08478764166e-13 0 -0.349420648535 9.38537442208e-14 0
23.275 -0.358687528748 1.64371120881e-13 0 -0.349724696129 9.32396521103e-14 0
23.3 -0.357811074123 1.23615093856e-13 0 -0.353692571888 9.44392133939e-14 0
23.325 -0.357432917165 1.35853513768e-13 0 -0.362086180057 1.05514300469e-13 0
23.35 -0.347833808838 1.39794751296e-13 0 -0.359833729162 1.00588645486e-13 0
23.375 -0.344298494071 1.13672851514e-13 0 -0.357675179153 9.60059397433e-14 0
23.4 -0.348117182113 8.63308990268e-14 0 -0.349317215574 9.58653729316e-14 0
23.425 -0.344745710411 9.97275179104e-14 0 -0.340597359411 8.64683758622e-14 0
23.45 -0.346211258867 1.10187249949e-13 0 -0.340362924531 8.57777390784e-14 0
23.475 -0.348679767911 1.32626548632e-13 0 -0.344911270515 9.09814758254e-14 0
23.5 -0.359528987939 1.09285410582e-13 0 -0.350039379282 8.94839757848e-14 0
23.525 -0.358938088961 1.44691550408e-13 0 -0.350388061102 8.79253267416e-14 0
23.55 -0.359417067076 1.27726388494e-13 0 -0.356933308861 9.16784009819e-14 0
23.575 -0.355854494833 1.26599685596e-13 0 -0.361491894679 1.00149904442e-13 0
23.6 -0.344518688047 1.32158823815e-13 0 -0.362021940943 9.45930074721e-14 0
23.625 -0.343582493623 1.13887198283e-13 0 -0.357455578543 9.28574708445e-14 0
23.65 -0.348154313201 7.35060883689e-14 0 -0.348948936742 9.00945984483e-14 0
23.675 -0.344348983236 9.28599645095e-14 0 -0.340607729258 8.12344982948e-14 0
23.7 -0.346110714766 1.25550828414e-13 0 -0.340860429985 8.19032341948e-14 0
23.725 -0.349069773021 1.03186556522e-13 0 -0.345266810299 8.41479663727e-14 0
23.75 -0.35986786192 1.01797043017e-13 0 -0.350382479572 8.44558797897e-14 0
23.775 -0.358962035653 1.38034549069e-13 0 -0.350839858277 8.28078924875e-14 0
23.8 -0.35643518209 1.14051563332e-13 0 -0.359906532492 8.93356569276e-14 0
23.825 -0.355423928582 1.14675467473e-13 0 -0.361728207151 9.31335222701e-14 0
23.85 -0.343026838472 1.23553673802e-13 0 -0.362795828805 8.799439042e-14 0
23.875 -0.341464877677 9.9266189886e-14 0 -0.35942853619 8.67981901631e-14 0
23.9 -0.348261962883 1.12986876799e-13 0 -0.348238389618 8.50560941124e-14 0
23.925 -0.344113956051 8.97738914457e-14 0 -0.340487692275 8.02498258817e-14 0
23.95 -0.346049448602 1.02014317133e-13 0 -0.341267549686 7.85370032896e-14 0
23.975 -0.349434121888 1.29412539712e-13 0 -0.345602288358 8.31756538644e-14 0
24 -0.360127951888 9.96897876748e-14 0 -0.350596531428 8.23863546828e-14 0
24.025 -0.359063544514 1.21087601751e-13 0 -0.351375810819 8.08918904083e-14 0
24.05 -0.35569897001 1.0413891971e-13 0 -0.359163783471 8.47455786102e-14 0
24.075 -0.355984461838 1.21899316812e-13 0 -0.361323986484 9.05270324848e-14 0
24.1 -0.343163009352 1.18149088603e-13 0 -0.364759819178 8.5211622914e-14 0
24.125 -0.341398911633 1.03155439919e-13 0 -0.357843544452 8.64788926233e-14 0
24.15 -0.348275075959 7.90392057359e-14 0 -0.347457436398 8.17798519875e-14 0
24.175 -0.34395470751 8.85478756291e-14 0 -0.340470357778 7.69560196817e-14 0
24.2 -0.345949696553 9.2267339602e-14 0 -0.341695665323 7.4785230092e-14 0
24.225 -0.349810222081 1.15081555396e-13 0 -0.346014197494 7.81527620397e-14 0
24.25 -0.360139485308 9.4051502697e-14 0 -0.350972453869 7.80200556938e-14 0
24.275 -0.359195372853 4.32579319587e-14 0 -0.351965720178 7.31420132793e-14 0
24.3 -0.354856979355 9.60850322917e-14 0 -0.360052382303 7.54014906068e-14 0
24.325 -0.355598110477 9.69504966759e-14 0 -0.361397916497 8.29930064559e-14 0
24.35 -0.33973671838 1.14829586811e-13 0 -0.367358413253 7.79158096549e-14 0
24.375 -0.344166306728 6.13449178608e-14 0 -0.354478040885 7.90524330024e-14 0
24.4 -0.349081649953 9.61422781665e-14 0 -0.346131676275 7.71375151254e-14 0
24.425 -0.344127504266 8.74857911809e-14 0 -0.340184147864 7.29384001114e-14 0
24.45 -0.346071052058 8.55643680908e-14 0 -0.342121600378 7.11475149628e-14 0
24.475 -0.350283372889 9.65421319277e-14 0 -0.346395531559 7.31910192175e-14 0
24.5 -0.360090733582 9.82217779333e-14 0 -0.35134288686 7.44170350342e-14 0
24.525 -0.359114552721 7.63529864334e-14 0 -0.352234171105 6.95233801085e-14 0
24.55 -0.359859275862 9.97691512739e-14 0 -0.35552781495 7.49443909709e-14 0
24.575 -0.358893101988 5.32399645203e-14 0 -0.357890431192 7.74241646273e-14 0
24.6 -0.341022914344 1.01267735517e-13 0 -0.36530815422 7.2547978909e-14 0
24.625 -0.344954780956 9.18253103763e-14 0 -0.352974906188 7.82504486554e-14 0
24.65 -0.349204832685 7.21391262698e-14 0 -0.34551836149 7.82613990974e-14 0
24.675 -0.344126560866 8.23473234046e-14 0 -0.34010274924 6.98026705881e-14 0
24.7 -0.346045247386 8.09547741343e-14 0 -0.342720541418 6.8068380793e-14 0
24.725 -0.350640708887 9.18284545626e-14 0 -0.346767199798 6.98581817393e-14 0
24.75 -0.360082406351 7.8022657779e-14 0 -0.351838677176 7.17863268829e-14 0
24.775 -0.358909089646 7.37947029872e-14 0 -0.352989907951 6.99657345948e-14 0
24.8 -0.362964996885 9.27096940884e-14 0 -0.358708990048 7.51204654037e-14 0
24.825 -0.357247475758 8.50737666078e-14 0 -0.356611975488 7.93144575625e-14 0
24.85 -0.339304304333 6.66644473998e-14 0 -0.362689685205 6.93956068824e-14 0
24.875 -0.345638184083 6.56137470745e-14 0 -0.35233214254 7.37170741116e-14 0
24.9 -0.349167198346 7.44812198028e-14 0 -0.345379652887 7.34475414516e-14 0
24.925 -0.344408308409 8.35774591895e-14 0 -0.33894147958 6.79478175114e-14 0
24.95 -0.348420462825 8.61984095213e-14 0 -0.341326520028 6.72834184201e-14 0
24.975 -0.35883219238 7.22265129649e-14 0 -0.349653093828 7.63269655812e-14 0
25 -0.358850642345 1.02637082861e-13 0 -0.349474016629 7.35392649553e-14 0
25.025 -0.358291471379 7.31741056637e-14 0 -0.35276480988 6.87548976086e-14 0
25.05 -0.361514571977 9.05956760349e-14 0 -0.358931097968 7.81157744402e-14 0
25.075 -0.353489132506 8.85092238216e-14 0 -0.35956136216 8.25171636749e-14 0
25.1 -0.344331716735 4.21152912891e-14 0 -0.356848466713 7.05304955065e-14 0
25.125 -0.34784742258 -1.86751655806e-14 0 -0.349545854691 6.90537037273e-14 0
25.15 -0.349757412864 7.33360854682e-14 0 -0.344237781398 6.83060379092e-14 0
25.175 -0.344556442149 6.04347301369e-14 0 -0.338691993194 6.23251450449e-14 0
25.2 -0.347677448513 7.90769359715e-14 0 -0.344198979272 6.98482070793e-14 0
25.225 -0.35880927388 7.66656703399e-14 0 -0.349428308148 6.5817143402e-14 0
25.25 -0.358703487907 6.7578321411e-14 0 -0.349688319284 6.63583771265e-14 0
25.275 -0.357834159033 7.44083614168e-14 0 -0.353595416987 7.01444111129e-14 0
25.3 -0.357521685635 7.04475811453e-14 0 -0.362086459853 7.90795931139e-14 0
25.325 -0.348180692431 8.55733669688e-14 0 -0.359669733507 8.18222442925e-14 0
25.35 -0.344400012972 1.52082122937e-14 0 -0.357645613323 6.54578930122e-14 0
25.375 -0.348153496952 -1.01223933749e-13 0 -0.3494022418 6.1872056957e-14 0
25.4 -0.344781935118 3.97917376133e-14 0 -0.340596215611 5.7948437715e-14 0
25.425 -0.346263519197 6.56807507687e-14 0 -0.340365622327 5.67284934305e-14 0
25.45 -0.348640979184 4.68301612766e-14 0 -0.344893604479 6.12131872968e-14 0
25.475 -0.359496190919 7.06873795608e-14 0 -0.350017409604 7.19650034009e-14 0
25.5 -0.358952295762 8.34696894936e-14 0 -0.350337454176 7.0173901412e-14 0
25.525 -0.359492403643 2.86988315057e-14 0 -0.356876616673 7.69002916901e-14 0
25.55 -0.35593250221 8.2656429444e-14 0 -0.361484897065 7.73017446495e-14 0
25.575 -0.344838221425 8.06749957637e-14 0 -0.361819441766 8.04842032864e-14 0
25.6 -0.343660718012 1.49792287948e-14 0 -0.357456404773 7.77937827004e-14 0
25.625 -0.348149292608 3.60909219177e-15 0 -0.349000722243 7.44163845129e-14 0
25.65 -0.344402590513 9.71870153799e-14 0 -0.340583684014 7.84760711275e-14 0
25.675 -0.346126264305 6.44373877173e-14 0 -0.340820878238 7.06795733052e-14 0
25.7 -0.349049092203 4.38035024919e-14 0 -0.345252684157 8.31101680532e-14 0
25.725 -0.359839450687 9.19134560129e-14 0 -0.350323497271 8.780476346e-14 0
25.75 -0.358969571202 8.08216341075e-14 0 -0.350797518947 8.34428012797e-14 0
25.775 -0.356534715895 1.14114447058e-14 0 -0.359727418437 9.1092064447e-14 0
25.8 -0.355508148615 7.90730870538e-14 0 -0.361710552733 8.44514277845e-14 0
25.825 -0.343200412477 9.79480710948e-14 0 -0.362692306561 9.67899263342e-14 0
25.85 -0.341550574655 -1.59884800711e-13 0 -0.359449529832 8.7598114526e-14 0
25.875 -0.348294928587 7.41806789606e-14 0 -0.348265554626 8.91862538682e-14 0
25.9 -0.344145958719 5.87687450787e-14 0 -0.340470234646 8.74007897306e-14 0
25.925 -0.346065507644 5.13040131211e-14 0 -0.341178673203 9.23414990306e-14 0
25.95 -0.349430135288 -4.59268040265e-15 0 -0.345577584613 9.0049495638e-14 0
25.975 -0.360105446952 8.3491373537e-14 0 -0.350544154492 1.04697500669e-13 0
26 -0.359076750051 6.17834776395e-14 0 -0.35135276493 9.97995089347e-14 0
26.025 -0.355825551764 -7.11323361324e-14 0 -0.358995490667 1.10046520507e-13 0
26.05 -0.356096252604 9.33715995147e-14 0 -0.361313477072 9.8788930866e-14 0
26.075 -0.343141528087 1.26200265516e-13 0 -0.362272245672 1.23608073646e-13 0
26.1 -0.341931367796 -1.49291169704e-13 0 -0.35845262403 1.20100218833e-13 0
26.125 -0.348471129987 8.21111841715e-14 0 -0.347640033455 1.20671484957e-13 0
26.15 -0.344094357716 9.91008490547e-14 0 -0.340524999068 1.23661280868e-13 0
26.175 -0.346034650192 4.7901353023e-14 0 -0.341674204473 1.2483503814e-13 0
26.2 -0.349823083259 8.56836303298e-14 0 -0.346018868044 1.35678794588e-13 0
26.225 -0.360195557256 1.11789917601e-13 0 -0.35093882751 1.47925942329e-13 0
26.25 -0.359201166252 -4.2114749188e-15 0 -0.351956017312 1.39053699111e-13 0
26.275 -0.355048421026 -3.96141452974e-14 0 -0.35986119378 1.44663794832e-13 0
26.3 -0.355714986359 6.1939928013e-15 0 -0.36135513227 1.37556049992e-13 0
26.325 -0.340052574506 9.45866648894e-14 0 -0.367197602821 1.61867481224e-13 0
26.35 -0.34425433752 1.81048752379e-13 0 -0.354425368756 1.84085494244e-13 0
26.375 -0.349148123941 1.56827025324e-13 0 -0.346140771694 1.85733806807e-13 0
26.4 -0.344172736754 1.617456169e-13 0 -0.340104731509 1.70533075508e-13 0
26.425 -0.346132461672 1.10542217741e-13 0 -0.342025647332 1.97585871275e-13 0
26.45 -0.350262718821 1.22886076315e-13 0 -0.346324927306 2.01306419451e-13 0
26.475 -0.360125227366 1.80857499116e-13 0 -0.351300412094 2.08904074595e-13 0
26.5 -0.35918205857 -8.38044911244e-15 0 -0.352117068244 1.91758067758e-13 0
26.525 -0.359970370463 3.45565590032e-14 0 -0.355375772108 2.10924160082e-13 0
26.55 -0.358956255901 2.31179116648e-13 0 -0.35786855672 2.18177459064e-13 0
26.575 -0.341368606115 1.91691606165e-13 0 -0.365124172078 2.32234479043e-13 0
26.6 -0.34504909166 -1.30855829644e-13 0 -0.352918240523 2.27622066161e-13 0
26.625 -0.349291126279 1.64780732462e-13 0 -0.345539147131 2.23670474503e-13 0
26.65 -0.344161262217 1.51488630667e-13 0 -0.340051645412 2.21402757239e-13 0
26.675 -0.346139748328 1.17385268172e-13 0 -0.342643683363 2.44538764238e-13 0
26.7 -0.350628503204 6.82276717762e-13 0 -0.346692325301 2.65967803337e-13 0
26.725 -0.360121766986 2.89228710426e-13 0 -0.351780768184 2.9898219317e-13 0
26.75 -0.359005376895 9.19316706094e-14 0 -0.352855307711 2.73662169314e-13 0
26.775 -0.363152884963 -2.03076271077e-13 0 -0.358576832511 2.7745774428e-13 0
26.8 -0.357348075529 2.39879893293e-13 0 -0.356552038664 2.94183392382e-13 0
26.825 -0.339618550969 2.25341555311e-13 0 -0.362509032022 2.98288845881e-13 0
26.85 -0.345734389977 1.20148465829e-13 0 -0.352277330204 3.06168068329e-13 0
26.875 -0.349210684989 1.98605238158e-13 0 -0.345372759868 2.95774038941e-13 0
26.9 -0.344479052345 1.07800920968e-13 0 -0.33885764591 3.02803355307e-13 0
26.925 -0.348403287346 -5.51393132542e-13 0 -0.341276784299 2.63286788205e-13 0
26.95 -0.358832918643 4.14217705275e-13 0 -0.349640923163 2.78450006108e-13 0
26.975 -0.358858536807 -7.04557939768e-14 0 -0.349398964162 3.18936717314e-13 0
27 -0.358380664569 1.35157510184e-13 0 -0.352639763124 3.36100071385e-13 0
27.025 -0.361678689431 1.2572018757e-13 0 -0.35876351164 3.2459507782e-13 0
27.05 -0.353855862194 3.37970753814e-13 0 -0.359244747121 3.68494338233e-13 0
27.075 -0.344689978394 -6.48397243015e-13 0 -0.35656175252 2.95058682348e-13 0
27.1 -0.347963098713 1.18522596251e-13 0 -0.349488257657 3.13569266039e-13 0
27.125 -0.349844525238 2.53130199093e-13 0 -0.34419672203 3.05221559832e-13 0
27.15 -0.344611299667 1.80677955236e-13 0 -0.338604711154 3.30669519544e-13 0
27.175 -0.347653760801 2.90319417812e-13 0 -0.344133886575 3.40336266114e-13 0
27.2 -0.358823457868 3.11038521328e-13 0 -0.349408990528 3.57545590357e-13 0
27.225 -0.358695788555 1.90168193692e-13 0 -0.349610069655 3.48751409696e-13 0
27.25 -0.357995885858 1.93694019157e-13 0 -0.353440455865 3.88680407304e-13 0
27.275 -0.35768801005 7.03170608221e-13 0 -0.361949626997 4.0682335752e-13 0
27.3 -0.348757316538 3.17066360146e-13 0 -0.359260400143 3.88470614184e-13 0
27.325 -0.344763775633 1.42174683485e-13 0 -0.357400635299 3.58429160918e-13 0
27.35 -0.348263220884 5.62655391029e-14 0 -0.349345600517 3.42441461472e-13 0
27.375 -0.344880114401 2.92779255701e-13 0 -0.340531568565 3.22055966964e-13 0
27.4 -0.346344006386 2.42300103592e-13 0 -0.340284457423 2.91281321979e-13 0
27.425 -0.348620206814 2.44573025027e-13 0 -0.34485205914 2.91625664589e-13 0
27.45 -0.359470034066 3.7404107589e-14 0 -0.350000111741 3.19699128282e-13 0
27.475 -0.358958693832 8.17223025362e-13 0 -0.350275579145 3.2618092255e-13 0
27.5 -0.359665923 6.18512185913e-13 0 -0.356721771795 3.18588037895e-13 0
27.525 -0.356111116101 4.03806274443e-13 0 -0.361310773179 3.8100458796e-13 0
27.55 -0.345495021477 3.07313961605e-13 0 -0.361251352795 2.78508553025e-13 0
27.575 -0.344064691623 1.38403828329e-13 0 -0.357170703643 2.81688246947e-13 0
27.6 -0.348268537563 -6.13064286836e-14 0 -0.34885966487 2.48840336357e-13 0
27.625 -0.344501723135 1.90936676192e-13 0 -0.340518246272 2.49586592713e-13 0
27.65 -0.346187909708 3.03820336944e-13 0 -0.340657285297 2.53472156458e-13 0
27.675 -0.349053461164 -1.77683388836e-14 0 -0.345186738238 2.52766991365e-13 0
27.7 -0.359816238434 2.45446024616e-13 0 -0.350269906869 2.60771439164e-13 0
27.725 -0.35898087066 4.57452652147e-13 0 -0.350735036735 2.9517447514e-13 0
27.75 -0.356788267725 4.75848527248e-13 0 -0.359454476532 2.64237416669e-13 0
27.775 -0.355700296055 3.8076093385e-13 0 -0.361538561075 3.2046957251e-13 0
27.8 -0.343704866376 7.06539861339e-14 0 -0.362275240945 3.03388607639e-13 0
27.825 -0.341922041434 2.31781174115e-13 0 -0.359211205165 3.74143424575e-13 0
27.85 -0.348397653602 3.60449300615e-13 0 -0.348156678472 3.00545829543e-13 0
27.875 -0.344241584567 3.65431426438e-13 0 -0.340444465336 3.09712758911e-13 0
27.9 -0.346125648586 8.29155754473e-13 0 -0.341059951689 3.15876231421e-13 0
27.925 -0.349457584513 3.26255515659e-13 0 -0.345540221828 3.15996794703e-13 0
27.95 -0.360096575413 3.81370282576e-13 0 -0.350497672271 2.81846594674e-13 0
27.975 -0.359079705506 7.55555340515e-13 0 -0.351290001374 2.91716303891e-13 0
28 -0.356130659115 3.57611509849e-13 0 -0.358686522713 2.83684534197e-13 0
28.025 -0.356278243729 4.19521540987e-13 0 -0.361192794354 2.91173125379e-13 0
28.05 -0.34367034763 2.73426030081e-14 0 -0.361841629997 2.57153998616e-13 0
28.075 -0.342261978429 -5.97947472786e-13 0 -0.35822300661 2.11431458279e-13 0
28.1 -0.348638734747 3.34159566337e-13 0 -0.347524427449 1.98733607695e-13 0
28.125 -0.344148150342 2.68578562168e-13 0 -0.340468183711 2.09172956733e-13 0
28.15 -0.346126562876 3.17745395967e-13 0 -0.341517228521 2.29996143658e-13 0
28.175 -0.349827448944 1.95875433928e-13 0 -0.345940517489 2.29244574712e-13 0
28.2 -0.360240550909 2.82803294671e-13 0 -0.350877627705 2.40137770779e-13 0
28.225 -0.359198084706 -5.96475993597e-14 0 -0.351855118906 2.30424186676e-13 0
28.25 -0.355392681434 2.04743340337e-13 0 -0.359519055521 2.27772661843e-13 0
28.275 -0.355892825642 1.26440947556e-12 0 -0.361142717593 2.91843487582e-13 0
28.3 -0.34070861452 2.51802810373e-13 0 -0.36666167077 2.87919807353e-13 0
28.325 -0.344520079757 4.86241472433e-13 0 -0.354206479236 3.16511573895e-13 0
28.35 -0.349285265484 4.4682378457e-13 0 -0.346073391092 2.83710338209e-13 0
28.375 -0.344268053513 3.93803479409e-13 0 -0.340019774128 2.70092758922e-13 0
28.4 -0.346210159724 6.07108547462e-13 0 -0.341866875274 2.83310267607e-13 0
28.425 -0.35026556389 5.99839188736e-13 0 -0.346202866456 3.07811501982e-13 0
28.45 -0.360190244082 4.46162204404e-13 0 -0.351242350323 2.96498936514e-13 0
28.475 -0.359265087811 1.33100995503e-13 0 -0.351931609981 2.80405039466e-13 0
28.5 -0.360185244806 7.32166063888e-14 0 -0.355219083083 2.55705179253e-13 0
28.525 -0.359026499145 3.41227317669e-13 0 -0.357786533407 2.65421528072e-13 0
28.55 -0.342062881634 1.53926350832e-13 0 -0.364591776466 2.48554269614e-13 0
28.575 -0.345301433087 2.14685040578e-13 0 -0.352757376029 2.4584717942e-13 0
28.6 -0.349403651324 2.63073634058e-13 0 -0.345468472775 2.31947490728e-13 0
28.625 -0.344246580617 3.85647676987e-13 0 -0.339957107791 2.33862408605e-13 0
28.65 -0.346286165679 3.34065674429e-13 0 -0.342473098792 2.42403319639e-13 0
28.675 -0.35065943509 4.3493637511e-13 0 -0.346583193905 2.54130484018e-13 0
28.7 -0.360179634861 4.28206949066e-13 0 -0.351735588858 2.55111903824e-13 0
28.725 -0.359122522758 5.79460091021e-13 0 -0.352678744315 2.49252007922e-13 0
28.75 -0.363367526706 -1.17485014772e-13 0 -0.358417681346 2.10571143855e-13 0
28.775 -0.357421150856 2.86100353478e-13 0 -0.356447679745 2.13551276814e-13 0
28.8 -0.340273723241 4.67750946483e-13 0 -0.361958638451 2.30873046375e-13 0
28.825 -0.34598427201 9.96264052158e-13 0 -0.352110104019 2.59971840062e-13 0
28.85 -0.349326748091 6.47685030608e-13 0 -0.345239569229 2.69358754051e-13 0
28.875 -0.34458404663 3.08111175462e-13 0 -0.338749845257 2.47152558835e-13 0
28.9 -0.348412026024 3.60565310248e-13 0 -0.341135351745 2.24434620194e-13 0
28.925 -0.358827931333 2.66955728356e-13 0 -0.349619061747 2.21140813994e-13 0
28.95 -0.35885759563 1.41984514423e-13 0 -0.349340079005 1.91887304657e-13 0
28.975 -0.358545202631 1.8456243478e-13 0 -0.352426834458 1.78172580856e-13 0
29 -0.361968463614 1.27313321018e-13 0 -0.358546218884 1.8223757752e-13 0
29.025 -0.354284905256 -7.93843072874e-14 0 -0.358810669337 1.23241247394e-13 0
29.05 -0.345222492563 1.40562583274e-13 0 -0.356112071031 1.41057250515e-13 0
29.075 -0.348161698232 4.72798016016e-13 0 -0.349367607299 1.66048490062e-13 0
29.1 -0.34992782397 3.42867010825e-13 0 -0.344105316807 1.88072864574e-13 0
29.125 -0.344722607985 5.12372262673e-13 0 -0.338522843295 1.89011133134e-13 0
29.15 -0.348751262393 5.91823465235e-13 0 -0.341350063547 2.20500267351e-13 0
29.175 -0.359128286454 6.23117876741e-13 0 -0.34966929895 2.49743802028e-13 0
29.2 -0.358821834272 6.53862380906e-13 0 -0.349638039421 2.59193708163e-13 0
29.225 -0.358280336613 4.14551205863e-13 0 -0.353228512984 2.37278946491e-13 0
29.25 -0.357977748375 1.78878613311e-13 0 -0.361796403178 2.41506467602e-13 0
29.275 -0.349488618378 3.03730998685e-13 0 -0.358710416536 2.15003362336e-13 0
29.3 -0.345340319691 3.61962196327e-13 0 -0.356923553169 2.13001491445e-13 0
29.325 -0.348474130024 2.59787850954e-13 0 -0.349239190078 2.0732981304e-13 0
29.35 -0.345035203029 2.85230172814e-13 0 -0.340432848493 1.98606756041e-13 0
29.375 -0.346401224482 7.1901685994e-14 0 -0.34021307896 1.7288948051e-13 0
29.4 -0.348638061677 4.47983664054e-14 0 -0.344763510439 1.58125249006e-13 0
29.425 -0.359469404715 1.41448484869e-13 0 -0.349946268553 1.55320634826e-13 0
29.45 -0.358990075695 -2.98249489342e-13 0 -0.350240020534 1.19973041918e-13 0
29.475 -0.359924033084 -2.75115650747e-13 0 -0.356418683372 1.02005643515e-13 0
29.5 -0.35636838916 -1.76446422577e-13 0 -0.361121292152 9.87044647405e-14 0
29.525 -0.346316073596 1.45958711697e-13 0 -0.360463011281 8.12531465721e-14 0
29.55 -0.344604739212 2.87340030242e-13 0 -0.356739372519 1.00220613058e-13 0
29.575 -0.348470140868 3.66486056997e-13 0 -0.348681822166 1.29289374345e-13 0
29.6 -0.344637046884 3.882990934e-13 0 -0.340427181003 1.43350609161e-13 0
29.625 -0.346285847608 4.36885011675e-13 0 -0.340534794335 1.55553087772e-13 0
29.65 -0.349042965165 1.97217676218e-13 0 -0.34509708664 1.51430951112e-13 0
29.675 -0.359808054569 1.75032948205e-13 0 -0.350204495666 1.45598160264e-13 0
29.7 -0.35901685409 3.19840074564e-13 0 -0.350706247806 1.49473966191e-13 0
29.725 -0.357072503648 -8.22345663787e-15 0 -0.359113346035 1.26072004399e-13 0
29.75 -0.356014735626 2.06341020659e-14 0 -0.361337243744 1.07210030784e-13 0
29.775 -0.344394605305 2.70237391492e-13 0 -0.361645718716 1.14686688965e-13 0
29.8 -0.342440606448 1.15398662848e-12 0 -0.358835219678 2.00650206086e-13 0
29.825 -0.348579899325 4.73462415107e-13 0 -0.348031955905 2.09709907859e-13 0
29.85 -0.344340637301 1.04681454477e-13 0 -0.34036779293 1.59875747623e-13 0
29.875 -0.346237284432 4.01715119502e-13 0 -0.340908671075 1.40979970617e-13 0
29.9 -0.349478257772 9.06241227894e-14 0 -0.345471895386 1.59620526432e-13 0
29.925 -0.360109291611 1.19061444731e-13 0 -0.35044606072 1.3152760131e-13 0
29.95 -0.359086184239 1.42961597421e-13 0 -0.35126391975 1.27521365863e-13 0
29.975 -0.356460217043 3.39533089144e-14 0 -0.358341084492 1.09746738607e-13 0
30 -0.356500151166 1.54044745709e-13 0 -0.36103898686 1.21172386361e-13 0
