/*--------------------------------*- C++ -*----------------------------------*\
| =========                 |                                                 |
| \\      /  F ield         | OpenFOAM: The Open Source CFD Toolbox           |
|  \\    /   O peration     | Version:  v2106                                 |
|   \\  /    A nd           | Website:  www.openfoam.com                      |
|    \\/     M anipulation  |                                                 |
\*---------------------------------------------------------------------------*/
FoamFile
{
    version     2.0;
    format      ascii;
    arch        "LSB;label=32;scalar=64";
    class       volScalarField;
    location    "149.59609815577";
    object      T;
}
// * * * * * * * * * * * * * * * * * * * * * * * * * * * * * * * * * * * * * //

dimensions      [0 0 0 1 0 0 0];

internalField   nonuniform List<scalar> 
6561
(
1.10326385153
1.10258783553
1.10183522753
1.10100946744
1.10011378875
1.09915123158
1.09812465604
1.09703675574
1.09589007148
1.09468700489
1.09342983218
1.09212071771
1.09076172762
1.08935484322
1.0879019742
1.08640497165
1.08486564056
1.08328575201
1.08166705456
1.08001128502
1.07832017819
1.07659547566
1.07483893346
1.07305232904
1.07123746822
1.069396194
1.06753040175
1.06564206992
1.06373332519
1.06180657909
1.05986480511
1.05791207644
1.05595455263
1.0540021669
1.05207125233
1.05018812541
1.04839307971
1.04674338385
1.04531320819
1.04418863248
1.04345730485
1.04319525946
1.04345507071
1.0442589014
1.04559733114
1.04743300655
1.0497072917
1.05234800765
1.0552767664
1.05841501139
1.06168842919
1.06502978065
1.06838040448
1.07169071634
1.07492001431
1.07803585042
1.08101316644
1.0838333339
1.08648319107
1.08895413354
1.09124128915
1.09334279076
1.09525914909
1.09699272122
1.09854726646
1.09992757987
1.1011391933
1.10218813396
1.10308073169
1.10382346674
1.10442285107
1.10488533713
1.10521724909
1.10542473209
1.10551371606
1.10548989115
1.10535869234
1.10512529125
1.10479459365
1.1043712412
1.10385961666
1.07309437625
1.07272223703
1.07225808793
1.07170513575
1.07106649433
1.07034518904
1.06954416346
1.06866628756
1.06771436757
1.0666911569
1.06559936816
1.0644416859
1.0632207798
1.06193931826
1.06059998178
1.05920547612
1.05775854475
1.05626198018
1.054718634
1.05313142489
1.05150334454
1.04983746084
1.04813691832
1.04640493551
1.04464479983
1.04285986088
1.04105352514
1.0392292575
1.03739060145
1.03554123981
1.03368513598
1.03182682351
1.02997194805
1.02812819918
1.02630676592
1.02452435101
1.02280552191
1.02118477341
1.01970730597
1.01842748478
1.01740446568
1.01669563479
1.01634951131
1.01639996866
1.01686291467
1.01773568729
1.01899874512
1.02061887633
1.02255309595
1.02475254817
1.02716596081
1.02974242302
1.03243343006
1.03519424814
1.0379847083
1.0407695553
1.04351847208
1.04620588307
1.04881061884
1.05131550445
1.05370691623
1.05597433761
1.05810993383
1.06010815717
1.06196538889
1.06367962008
1.06525017097
1.06667744697
1.06796272847
1.06910799136
1.07011575476
1.07098895288
1.07173082776
1.07234484034
1.07283459708
1.07320379014
1.07345614897
1.07359540184
1.07362524559
1.07354932256
1.07337120363
1.04334896229
1.0432233827
1.0429931502
1.04266099924
1.04222969326
1.04170202167
1.04108080042
1.04036887554
1.03956912945
1.03868448967
1.03771793933
1.03667252939
1.03555139189
1.03435775398
1.03309495196
1.03176644516
1.03037582865
1.02892684452
1.02742339075
1.02586952722
1.02426947802
1.02262762945
1.02094852318
1.01923684421
1.01749740352
1.01573511609
1.01395497584
1.01216203125
1.01036136873
1.00855811704
1.00675749656
1.00496495195
1.00318642722
1.00142886012
0.999700974231
0.998014403731
0.996385069012
0.994834529839
0.993390842047
0.99208836078
0.990966094035
0.99006466228
0.989422433156
0.989071683686
0.989035552137
0.989326231723
0.989944506124
0.99088044825
0.992114948296
0.993621699964
0.995369319143
0.997323354956
0.999448045134
1.00170774625
1.00406802676
1.00649644698
1.00896306912
1.01144074733
1.01390524685
1.01633523607
1.01871218878
1.02102022633
1.02324592303
1.02537809234
1.02740756654
1.02932697882
1.03113055409
1.0328139121
1.03437388537
1.03580835283
1.03711608959
1.03829663232
1.03935015989
1.04027738801
1.04107947723
1.04175795292
1.04231463643
1.04275158631
1.04307104858
1.04327541527
1.04336719034
1.01418580244
1.01425251073
1.01420437669
1.0140434989
1.01377212602
1.01339264834
1.01290759368
1.01231962769
1.01163155773
1.01084634012
1.00996709019
1.00899709463
1.00793982546
1.00679895523
1.00557837238
1.00428219636
1.00291479136
1.00148077788
0.999985041182
0.998432735486
0.996829283085
0.995180367268
0.993491918278
0.991770091617
0.990021238363
0.988251867671
0.986468602462
0.984678130709
0.98288715698
0.981102362703
0.979330389554
0.977577869065
0.975851532667
0.974158446962
0.972506421748
0.970904620287
0.9693643484
0.967899907581
0.966529290437
0.965274427602
0.964160726451
0.963215807333
0.962467581893
0.961942014488
0.961660971637
0.961640501174
0.961889746214
0.962410548365
0.963197672334
0.9642395098
0.965519093818
0.967015264167
0.96870385375
0.970558803161
0.972553146031
0.974659837002
0.976852415721
0.979105514502
0.981395225573
0.983699347709
0.985997532955
0.988271353155
0.99050430409
0.99268176259
0.99479090955
0.996820629424
0.998761394671
1.00060514186
1.00234514454
1.0039758868
1.00549294041
1.00689284746
1.00817301009
1.00933158808
1.01036740484
1.01127986201
1.0120688627
1.01273474321
1.01327821291
1.01370030204
1.01400231696
0.98571810055
0.985927473326
0.98601386344
0.985978644332
0.985823452303
0.985550174891
0.985160944562
0.984658137353
0.984044376027
0.983322537276
0.982495762421
0.981567470987
0.980541376458
0.97942150339
0.978212204996
0.976918180176
0.975544488889
0.974096564637
0.972580222793
0.971001663421
0.969367467256
0.96768458355
0.965960308641
0.964202254283
0.962418305171
0.960616565555
0.9588052956
0.956992839242
0.955187546881
0.953397698763
0.951631438483
0.949896731224
0.948201367716
0.946553041272
0.944959527994
0.943428993367
0.941970424772
0.940594145789
0.939312311961
0.938139240674
0.937091419517
0.936187089731
0.935445402688
0.934885256967
0.934523996247
0.934376165138
0.934452488053
0.934759175505
0.935297595187
0.936064288273
0.93705127314
0.938246560062
0.939634797905
0.941197982037
0.942916166446
0.944768138381
0.94673202818
0.948785838959
0.950907890169
0.95307717564
0.955273641171
0.95747838934
0.959673820539
0.961843719574
0.963973296994
0.966049193662
0.968059456254
0.9699934905
0.971841998007
0.973596901654
0.9752512637
0.976799200034
0.978235793303
0.979557007137
0.980759603155
0.981841062065
0.982799509812
0.98363364946
0.984342699248
0.984926337116
0.985384651804
0.958018959045
0.958327100139
0.958505736533
0.958555494481
0.958477361903
0.958272676448
0.957943119267
0.957490714196
0.95691783198
0.956227199073
0.955421910425
0.954505445583
0.953481687282
0.952354941573
0.951129958393
0.949811951323
0.948406615159
0.946920139757
0.945359218554
0.94373105006
0.942043330648
0.940304237028
0.938522396938
0.936706846898
0.934866976244
0.933012457232
0.931153161748
0.929299066131
0.927460146925
0.925646272124
0.923867094894
0.922131959881
0.920449836081
0.918829294103
0.91727854794
0.915805579074
0.914418350353
0.913125096256
0.911934646883
0.910856713759
0.909902049816
0.909082406177
0.908410246116
0.90789822956
0.907558530545
0.907402080366
0.907437835698
0.907672156837
0.908108354531
0.908746433211
0.909583030727
0.91061153395
0.911822336896
0.913203202736
0.914739691353
0.91641561812
0.91821351551
0.920115075697
0.922101558648
0.924154155734
0.926254303548
0.92838394618
0.930525746938
0.932663252346
0.934781012539
0.936864662838
0.938900971619
0.940877859641
0.942784395749
0.944610773606
0.946348273661
0.947989214127
0.94952689427
0.950955532856
0.952270204179
0.953466773685
0.954541834856
0.955492648681
0.9563170868
0.957013579114
0.957581066499
0.931127087823
0.931496431245
0.931730956273
0.931830576153
0.931795647438
0.931626960388
0.931325735185
0.930893623776
0.930332717066
0.929645556982
0.928835152863
0.927905001394
0.9268591092
0.925702016972
0.924438823843
0.923075210524
0.921617459517
0.920072470576
0.918447769429
0.916751507735
0.914992452232
0.913179961146
0.911323946164
0.90943481862
0.907523419051
0.905600929967
0.903678772465
0.901768488318
0.899881610356
0.898029525324
0.896223335121
0.89447372434
0.892790844364
0.891184226621
0.8896627392
0.888234600443
0.886907458651
0.885688537098
0.884584828374
0.883603304822
0.882751098258
0.882035599028
0.881464434973
0.881045312973
0.880785732277
0.880692602252
0.880771811887
0.881027802605
0.881463190815
0.882078475261
0.882871850065
0.883839130524
0.884973787036
0.886267074139
0.887708236519
0.889284771677
0.890982729037
0.892787026934
0.894681771538
0.8966505648
0.898676791604
0.900743879256
0.902835524995
0.904935889463
0.907029755799
0.909102655447
0.911140962737
0.913131961028
0.915063883593
0.916925932653
0.918708279985
0.920402052445
0.921999305557
0.92349298807
0.924876900119
0.926145647302
0.927294592721
0.928319808724
0.929218029821
0.929986608017
0.930623471544
0.905052864404
0.905452381148
0.905712619802
0.905832858364
0.905812881501
0.905652975546
0.905353929248
0.904917040201
0.904344126724
0.903637544785
0.902800209363
0.901835619457
0.900747885708
0.899541759385
0.898222661213
0.896796708299
0.895270737173
0.893652320745
0.891949776861
0.890172166027
0.888329275956
0.886431590721
0.884490242624
0.8825169454
0.880523908004
0.878523729077
0.876529273101
0.874553530368
0.872609463968
0.870709848217
0.868867104167
0.86709313914
0.86539919853
0.863795739415
0.862292336349
0.860897629598
0.859619324045
0.858464242226
0.857438427189
0.856547281075
0.855795715854
0.85518828682
0.854729279744
0.854422729688
0.854272361359
0.854281454605
0.854452650694
0.854787723244
0.85528734112
0.855950849536
0.856776091184
0.857759282779
0.858894955413
0.860175960526
0.861593537834
0.863137437501
0.864796086265
0.866556786001
0.868405933022
0.870329247139
0.872312000718
0.874339239555
0.876395989146
0.878467441587
0.880539120019
0.882597018913
0.884627719737
0.886618482552
0.888557314815
0.890433019268
0.892235223141
0.893954391114
0.895581824587
0.897109649759
0.898530796952
0.899838973447
0.901028631933
0.902094936432
0.903033727401
0.903841487444
0.904515308907
0.879784365189
0.880189470945
0.880451416414
0.880568953011
0.880541384493
0.880368568287
0.880050922435
0.879589438158
0.878985697871
0.87824189825
0.877360877737
0.87634614759
0.875201925345
0.873933169222
0.872545611737
0.871045790475
0.869441073672
0.867739678077
0.865950676349
0.864083991239
0.862150373884
0.860161363799
0.858129228657
0.856066882584
0.853987782585
0.851905803752
0.849835095022
0.847789918437
0.845784475949
0.843832728801
0.841948215327
0.84014387365
0.838431876219
0.836823483444
0.835328923827
0.833957307665
0.832716580392
0.831613519356
0.830653774061
0.829841944819
0.829181689049
0.828675839686
0.82832651762
0.828135220846
0.828102876918
0.828229851516
0.828515913013
0.828960159436
0.829560919184
0.830315639583
0.831220777993
0.832271708818
0.833462657192
0.834786666672
0.836235604725
0.837800206371
0.839470153525
0.841234185333
0.843080233368
0.844995574722
0.846966995877
0.84898096054
0.851023775318
0.853081747996
0.855141334276
0.857189269889
0.859212686056
0.861199207228
0.863137030887
0.865014989866
0.866822598219
0.868550082065
0.870188397127
0.871729234838
0.873165018991
0.874488894877
0.875694712816
0.876777007881
0.877730977486
0.878552458341
0.879237904141
0.855293091452
0.855685356705
0.855930969054
0.856028281408
0.855976228829
0.855774337321
0.855422738108
0.854922187423
0.854274091691
0.853480537668
0.852544326879
0.851469013342
0.850258943271
0.848919295082
0.847456117639
0.845876364375
0.844187920546
0.842399620663
0.840521252978
0.838563547928
0.836538147638
0.834457554007
0.832335053632
0.830184618737
0.828020784447
0.825858504078
0.823712985417
0.821599512256
0.81953325645
0.817529086411
0.815601378238
0.813763835474
0.812029323014
0.810409719999
0.808915795823
0.807557112745
0.80634195796
0.80527730721
0.804368820781
0.803620870904
0.803036597126
0.802617983575
0.802365949726
0.802280444928
0.802360537021
0.802604486739
0.803009802212
0.803573271059
0.804290970854
0.805158261669
0.806169766497
0.807319346603
0.808600079077
0.810004243271
0.811523321569
0.813148018301
0.814868298757
0.81667344849
0.818552151516
0.820492584706
0.822482524795
0.824509463896
0.826560729236
0.828623602999
0.830685438521
0.832733769669
0.834756410861
0.836741545912
0.838677804559
0.840554326166
0.842360810661
0.844087557238
0.845725491737
0.847266183886
0.848701855786
0.85002538315
0.851230290852
0.852310744324
0.853261538316
0.854078084459
0.854756398928
0.831539217515
0.831905975266
0.832122878818
0.832188020497
0.832100091268
0.831858397526
0.831462883283
0.830914157795
0.830213528467
0.829363038556
0.828365508882
0.827224582395
0.825944770045
0.824531495984
0.82299113969
0.821331072229
0.819559683459
0.817686396784
0.815721667932
0.813676964365
0.811564722325
0.809398279211
0.807191780019
0.804960057924
0.802718490625
0.800482835752
0.798269050194
0.796093099475
0.793970764065
0.791917449605
0.789948007335
0.788076569718
0.786316404455
0.784679788166
0.783177899411
0.781820729729
0.780617011152
0.779574159291
0.77869823209
0.77799390544
0.77746446747
0.777111833148
0.77693657985
0.776938002929
0.777114188455
0.777462098606
0.777977664095
0.778655877716
0.779490883607
0.780476058093
0.781604079678
0.782866987619
0.784256230233
0.78576270545
0.787376796933
0.789088409384
0.790887006388
0.792761653523
0.794701068559
0.796693679554
0.798727690655
0.800791154594
0.802872050165
0.804958362565
0.807038164302
0.809099694339
0.8111314334
0.813122173618
0.815061081137
0.816937750717
0.818742251806
0.820465165988
0.822097616049
0.823631287256
0.825058441659
0.826371926424
0.827565177359
0.828632218817
0.829567661262
0.830366697696
0.831025100173
0.808476281466
0.808810213764
0.808991366921
0.809017713057
0.808887828873
0.808600920432
0.808156853332
0.807556188282
0.806800221807
0.80589103151
0.804831524902
0.803625490428
0.802277648808
0.800793702365
0.799180379467
0.797445470789
0.795597853709
0.793647500927
0.791605469411
0.789483866097
0.787295787417
0.7850552309
0.782776978567
0.780476453752
0.778169555096
0.775872473504
0.773601499674
0.771372830904
0.769202386072
0.767105636722
0.765097460029
0.763192016305
0.76140265009
0.759741810368
0.758220982842
0.756850626086
0.755640104163
0.754597610892
0.753730084947
0.753043119432
0.75254087357
0.752225996715
0.752099575477
0.752161113184
0.752408547636
0.752838308733
0.753445413099
0.754223588922
0.755165421668
0.756262510225
0.75750562344
0.758884848631
0.760389725982
0.7620093654
0.763732544924
0.765547791826
0.767443449049
0.769407730376
0.771428767951
0.773494655472
0.775593489728
0.777713412405
0.779842653185
0.78196957447
0.784082717374
0.786170848227
0.788223004555
0.790228539378
0.79217716278
0.794058979789
0.795864523872
0.797584785626
0.799211236484
0.800735847563
0.802151104009
0.803450015391
0.804626122894
0.805673504139
0.806586776604
0.807361100599
0.807992182824
0.786055313652
0.786354079121
0.786497473462
0.7864834861
0.786310709041
0.785978369196
0.785486366179
0.784835315471
0.784026596549
0.783062405175
0.781945808646
0.78068080226
0.779272364733
0.777726509734
0.7760503301
0.774252030828
0.772340946552
0.770327539077
0.768223370724
0.766041049883
0.763794146309
0.761497075404
0.759164953014
0.756813424892
0.754458477808
0.752116241892
0.749802795635
0.747533985734
0.745325272971
0.743191612585
0.741147373027
0.739206291139
0.737381455551
0.735685304549
0.734129621081
0.732725506939
0.731483320992
0.730412572422
0.729521768343
0.728818224336
0.728307854627
0.727994964142
0.727882066529
0.727969750113
0.728256608238
0.728739242699
0.729412340492
0.730268816283
0.7313000071
0.732495902163
0.733845389814
0.735336504737
0.736956661477
0.738692864118
0.740531886005
0.742460417175
0.744465180349
0.746533018562
0.748650958982
0.750806258007
0.75298643273
0.755179283304
0.757372909936
0.759555727334
0.761716478483
0.763844248849
0.765928481416
0.767958992505
0.76992598799
0.771820079398
0.773632299324
0.775354115699
0.776977444528
0.778494660965
0.7798986087
0.781182607875
0.782340461894
0.783366463636
0.784255401696
0.785002567378
0.785603763193
0.764228451396
0.764494394456
0.7646028203
0.764551866622
0.764340265921
0.763967384598
0.763433267632
0.762738688592
0.761885204319
0.760875213241
0.759712015711
0.758399874217
0.756944070639
0.755350957071
0.753627996083
0.75178378575
0.749828064466
0.747771690554
0.745626592198
0.743405684307
0.741122750813
0.738792293463
0.736429351494
0.734049300296
0.731667640911
0.729299795361
0.726960924616
0.72466578578
0.722428642149
0.720263234067
0.718182810157
0.716200208601
0.714327968167
0.712578440592
0.710963871687
0.709496419542
0.708188085098
0.707050542379
0.706094871032
0.705331209772
0.704768362849
0.704413400252
0.704271294524
0.704344632636
0.704633431652
0.705135073728
0.705844362112
0.706753687176
0.707853282007
0.709131541388
0.710575376132
0.712170576276
0.713902160529
0.71575469475
0.71771256809
0.719760221014
0.721882324241
0.724063911345
0.72629047036
0.728548001113
0.730823045579
0.733102698282
0.735374603046
0.737626941376
0.739848416627
0.742028236986
0.7441560993
0.746222174954
0.748217098355
0.750131958117
0.751958290762
0.753688076607
0.755313737467
0.756828135866
0.75822457554
0.759496803154
0.760639011303
0.761645842998
0.762512397985
0.763234241321
0.763807414746
0.742952119274
0.743192079855
0.743272974849
0.74319321211
0.742951782318
0.742548303812
0.741983073147
0.741257120823
0.740372271266
0.739331205597
0.738137525125
0.736795812802
0.735311689124
0.733691858155
0.731944138657
0.73007747475
0.728101920285
0.7260285914
0.723869582692
0.721637844288
0.719347019985
0.717011250513
0.714644950756
0.712262574937
0.70987838874
0.707506271037
0.705159569296
0.702851030732
0.700592825052
0.698396664166
0.696274010148
0.694236346826
0.692295475358
0.690463783065
0.688754430655
0.68718140784
0.685759421449
0.684503602015
0.683429040855
0.682550195229
0.681880219481
0.68143029128
0.681209002542
0.681221874742
0.681471040748
0.681955113579
0.682669240724
0.683605324108
0.684752372633
0.686096947145
0.687623656297
0.68931566497
0.691155183174
0.693123911262
0.695203425553
0.697375496171
0.69962233537
0.701926779704
0.704272412846
0.706643637921
0.709025709097
0.71140473204
0.713767642101
0.716102167948
0.718396786936
0.72064067716
0.7228236698
0.724936204207
0.72696928728
0.728914457897
0.73076375668
0.732509700999
0.734145264942
0.735663863885
0.737059343312
0.738325971603
0.739458436616
0.740451846011
0.741301731382
0.742004056387
0.74255522915
0.722189864384
0.72241508592
0.722480463154
0.72238478503
0.722127407988
0.721708305412
0.721128122803
0.720388237832
0.719490823912
0.718438915339
0.717236471295
0.715888435193
0.714400784899
0.712780568475
0.711035919293
0.709176043808
0.707211175249
0.705152487161
0.703011962411
0.70080221624
0.698536276283
0.696227328255
0.693888442792
0.691532306135
0.689170983784
0.686815750503
0.684477020368
0.682164405492
0.679886920553
0.677653332417
0.675472631471
0.67335457687
0.671310246106
0.669352505046
0.667496312329
0.665758784241
0.66415897271
0.662717346495
0.661455007659
0.660392714363
0.659549809326
0.658943165725
0.658586257101
0.658488437267
0.658654485224
0.659084435048
0.659773678004
0.660713298487
0.661890589119
0.663289683655
0.664892247728
0.666678174669
0.668626244284
0.670714714374
0.672921826347
0.675226216457
0.677607232399
0.680045161055
0.682521377235
0.685018425455
0.687520047627
0.690011169235
0.692477855512
0.694907247686
0.697287487624
0.699607637505
0.701857599523
0.70402803918
0.706110314545
0.708096412852
0.709978895118
0.711750848929
0.713405849186
0.714937926456
0.716341542447
0.717611572179
0.718743292459
0.719732376389
0.72057489373
0.721267317073
0.72180653386
0.701914928456
0.70214104291
0.702207476637
0.702113497865
0.701858923892
0.701444173928
0.700870327482
0.700139187023
0.699253343051
0.698216238955
0.697032232131
0.695706646848
0.694245813187
0.692657085381
0.690948831942
0.689130389523
0.687211972672
0.685204532954
0.683119563675
0.68096885095
0.678764178387
0.676517000983
0.674238113523
0.671937348584
0.669623347614
0.667303453061
0.664983767833
0.662669418202
0.660365036502
0.658075451056
0.655806535563
0.653566133803
0.651364945078
0.649217238753
0.647141269
0.645159286367
0.643297089482
0.641583121488
0.640047181023
0.63871887436
0.637625972311
0.636792845501
0.636239133996
0.635978767475
0.636019399565
0.636362265207
0.637002422715
0.637929308833
0.639127517692
0.640577711593
0.642257579432
0.644142773392
0.646207772218
0.648426637172
0.650773642609
0.653223776061
0.655753112357
0.658339072935
0.66096058541
0.663598160219
0.666233901337
0.668851467098
0.671435995449
0.673974005972
0.676453288758
0.678862788174
0.681192487546
0.68343329913
0.68557696228
0.687615951602
0.689543395978
0.691353008733
0.693039028756
0.694596172132
0.696019593712
0.697304857998
0.698447918783
0.699445107036
0.700293126653
0.700989057796
0.701530367643
0.682112617111
0.682359669446
0.682448300521
0.682378341431
0.682150150522
0.681764668372
0.681223477832
0.680528867329
0.679683894903
0.678692449508
0.677559305015
0.676290161081
0.674891663712
0.673371397119
0.671737837438
0.670000258605
0.668168581281
0.666253158014
0.664264492047
0.662212894028
0.660108090341
0.657958808792
0.655772380951
0.653554413818
0.651308594136
0.649036693025
0.646738833309
0.644414063688
0.64206125153
0.639680260799
0.637273328468
0.634846500039
0.632410943624
0.629983943626
0.627589388304
0.625257613345
0.623024541959
0.620930158746
0.61901645251
0.617325042926
0.615894750915
0.614759373274
0.613945880449
0.613473184434
0.613351538103
0.613582544554
0.614159689836
0.615069272552
0.616291589646
0.617802244226
0.619573461624
0.621575327005
0.623776886155
0.626147076665
0.628655477602
0.631272881324
0.633971701531
0.636726237846
0.63951282
0.64230985509
0.645097800114
0.64785907975
0.650577966589
0.653240438144
0.655834022129
0.658347638897
0.660771447654
0.663096701116
0.665315611677
0.66742123091
0.669407343262
0.67126837408
0.672999311677
0.674595642808
0.676053300788
0.677368625441
0.678538334099
0.679559502923
0.680429557965
0.68114627546
0.681707790978
0.662782495613
0.663074956956
0.66321146752
0.663192488109
0.663018980882
0.662692465192
0.662215077581
0.661589633458
0.660819687107
0.6599095855
0.658864509966
0.657690498267
0.656394437933
0.654984020259
0.653467643296
0.651854252011
0.650153105161
0.648373461931
0.646524187862
0.644613289552
0.642647401306
0.64063126393
0.638567254717
0.636455045738
0.634291480856
0.63207076543
0.629785051231
0.627425468582
0.624983606577
0.62245337325
0.619833089127
0.617127592921
0.614350084296
0.611523412032
0.608680548459
0.605864075067
0.603124630482
0.600518420125
0.59810402943
0.595938890756
0.594075804005
0.592559890075
0.591426271883
0.590698654521
0.590388841587
0.590497104053
0.591013232239
0.59191805961
0.593185244609
0.594783122381
0.59667647948
0.598828150533
0.60120037864
0.603755916383
0.606458870319
0.609275308986
0.612173664259
0.615124959997
0.618102902185
0.621083862482
0.624046783507
0.626973029939
0.629846205272
0.632651950012
0.63537773352
0.638012648581
0.640547215176
0.642973197835
0.645283439252
0.647471711573
0.649532585821
0.65146131922
0.653253759773
0.654906267149
0.656415648828
0.657779110422
0.658994219127
0.66005887938
0.660971319884
0.661730091306
0.662334074054
0.643940404215
0.644307113807
0.644521612228
0.644585037829
0.644498999432
0.644265631727
0.643887653326
0.643368424239
0.642711998358
0.641923165047
0.641007472223
0.639971221317
0.638821422513
0.637565696866
0.636212110774
0.634768928438
0.633244270263
0.631645670508
0.629979536984
0.628250529955
0.626460896858
0.624609823293
0.622692886752
0.620701723695
0.618624036993
0.616444072206
0.614143670152
0.61170395419
0.609107632087
0.606341789668
0.603400939892
0.600289987583
0.597026702022
0.59364328078
0.590186653797
0.586717316818
0.583306680163
0.580033139022
0.576977273315
0.574216727809
0.571821372158
0.569849277889
0.568343892351
0.567332587347
0.566826556641
0.566821866003
0.567301352967
0.56823704021
0.569592750589
0.571326671193
0.57339368773
0.575747383136
0.578341655386
0.581131954909
0.584076171701
0.587135218645
0.590273363977
0.593458365473
0.596661454524
0.599857211862
0.603023369611
0.606140567476
0.609192084712
0.612163564138
0.61504274008
0.617819178521
0.620484034924
0.623029833029
0.625450266286
0.627740022406
0.629894630669
0.63191033107
0.633783964067
0.6355128795
0.637094863229
0.638528080043
0.639811031545
0.64094252778
0.641921671592
0.642747854766
0.643420765175
0.625620249276
0.626094220703
0.626420974252
0.626602352504
0.626640631703
0.626538575296
0.626299487976
0.625927265992
0.625426438016
0.624802188959
0.624060356949
0.623207391185
0.622250255897
0.621196263488
0.62005281872
0.618827056483
0.617525359249
0.616152748312
0.61471215647
0.613203610184
0.611623376535
0.609963163383
0.608209496606
0.606343430357
0.604340766171
0.602172954216
0.599808814359
0.597217138596
0.594370118709
0.591247393001
0.58784034474
0.584156144369
0.580220945045
0.576081650076
0.571805790012
0.567479271467
0.563202057275
0.559082155681
0.555228574596
0.551744080517
0.548718642374
0.546224305154
0.544311959346
0.543010151528
0.542325784936
0.542246324445
0.542742997179
0.543774476489
0.545290612251
0.547235884768
0.549552382064
0.552182208691
0.555069316537
0.558160802351
0.561407746347
0.564765677315
0.568194748414
0.57165969944
0.575129669712
0.578577913365
0.58198145726
0.585320731649
0.588579195398
0.591742970939
0.594800499007
0.597742219344
0.600560280736
0.603248281701
0.60580104176
0.608214402258
0.610485055153
0.61261039782
0.614588411818
0.616417563544
0.618096724784
0.619625111342
0.621002238057
0.622227888772
0.623302099947
0.624225156818
0.624997601092
0.607875492815
0.608493520962
0.608970475957
0.609308908512
0.609511759416
0.609582409674
0.609524728188
0.60934311152
0.609042508408
0.608628419293
0.608106858335
0.607484262271
0.60676732732
0.605962752769
0.605076868593
0.604115125776
0.603081433419
0.601977338104
0.600801060184
0.599546430058
0.598201805298
0.59674909487
0.595163064753
0.593411141316
0.591453952672
0.589246838843
0.586742504458
0.583894872759
0.580664027056
0.577021910522
0.57295823001
0.568485822205
0.563644645133
0.558503600835
0.553159597559
0.547733606402
0.542363903785
0.53719713699
0.532378222794
0.52804032356
0.524296175199
0.521231789585
0.518903065786
0.51733535103
0.516525581107
0.516446313046
0.51705083161
0.51827857787
0.520060312218
0.522322623508
0.524991587827
0.527995534188
0.531266978423
0.534743844009
0.538370110306
0.54209602668
0.545878015664
0.549678367197
0.553464804059
0.557209978615
0.560890944017
0.564488629566
0.567987339566
0.571374287389
0.574639171011
0.577773792513
0.580771721524
0.583628000983
0.586338892651
0.588901659299
0.591314380327
0.593575797575
0.595685188234
0.597642262018
0.59944708
0.601099992811
0.602601596219
0.60395270231
0.605154324797
0.606207677129
0.607114182239
0.59078023709
0.591582249409
0.592250287296
0.59278759002
0.593197735901
0.593484687313
0.593652829341
0.593706995128
0.5936524686
0.593494952161
0.59324048343
0.592895281134
0.592465496353
0.591956842137
0.59137407322
0.590720289752
0.589996046799
0.58919826733
0.588318983014
0.587343966183
0.586251368081
0.585010540065
0.583581278866
0.581913791933
0.579949706841
0.577624428794
0.574871062187
0.57162594298
0.567835580099
0.563464500342
0.558503181603
0.55297501407
0.54694112594
0.540502011358
0.533795225822
0.526988933161
0.520271708837
0.513839607464
0.507881984163
0.502567863003
0.498034690878
0.494380898632
0.49166281185
0.489895715714
0.489058358021
0.489099742559
0.489946931217
0.491512789295
0.493702916279
0.496421330014
0.499574761349
0.503075624862
0.506843851043
0.510807813033
0.514904580576
0.519079706688
0.52328671434
0.527486411069
0.531646124201
0.535738920379
0.539742850666
0.543640245975
0.547417075891
0.551062376052
0.554567744154
0.557926901553
0.561135315686
0.564189877771
0.567088630021
0.56983053677
0.572415294301
0.574843174603
0.577114898847
0.579231536869
0.581194429438
0.583005130576
0.584665367559
0.58617701663
0.587542092715
0.588762751679
0.589841303785
0.574429785498
0.575457895145
0.576359788513
0.577139350993
0.577800748142
0.578348463583
0.578787325596
0.579122513697
0.579359533367
0.579504143308
0.579562215043
0.579539499726
0.57944127209
0.57927181759
0.579033727449
0.578726969695
0.578347715249
0.577886920069
0.577328700592
0.576648592702
0.575811854313
0.574772054326
0.57347027632
0.571835336424
0.569785447153
0.567231723257
0.564083794502
0.56025754654
0.555684659725
0.550323193794
0.544168046804
0.53725980184
0.529690374307
0.521604068593
0.513193163007
0.504687896295
0.4963415817
0.488412352642
0.481143632321
0.47474582993
0.46938193708
0.465159129715
0.462126747602
0.460279959484
0.459567922806
0.459904622321
0.461180387364
0.463272630147
0.466054868089
0.469403604597
0.473203070888
0.477348100168
0.481745521956
0.486314475567
0.490985995134
0.495702148631
0.50041494143
0.505085131594
0.509681053512
0.514177508448
0.518554753706
0.522797603877
0.526894646036
0.530837563805
0.534620561459
0.538239877609
0.541693377674
0.544980214782
0.548100549632
0.55105532083
0.553846058349
0.556474733742
0.558943641742
0.561255308694
0.563412424029
0.565417791628
0.56727429845
0.568984898246
0.570552608531
0.571980519223
0.573271811508
0.558940559416
0.560237798511
0.561416853102
0.562482191525
0.563438495401
0.56429068814
0.565043946101
0.565703681481
0.566275482145
0.566764988759
0.567177683887
0.567518561412
0.567791638523
0.567999267682
0.568141204645
0.56821339345
0.568206444302
0.568103809835
0.567879713845
0.567496957443
0.566904820698
0.566037387642
0.564812735055
0.56313351694
0.5608895133
0.557962653961
0.55423483834
0.549598528379
0.543969603789
0.537301391474
0.529598220589
0.520926457562
0.511420895166
0.501284713998
0.490782006974
0.480222925218
0.469942628085
0.460276151596
0.45153195028
0.44396745373
0.437770564776
0.433050750631
0.429839359224
0.428097380139
0.427729006309
0.428598327345
0.430545884699
0.433403197345
0.437004140871
0.441192860327
0.445828535453
0.450787635476
0.455964364379
0.461269921092
0.466631068288
0.471988367814
0.477294323865
0.482511584153
0.487611283728
0.492571571517
0.497376330961
0.502014089004
0.506477098317
0.510760573457
0.514862060564
0.518780921012
0.52251791116
0.526074842456
0.529454308422
0.532659467082
0.535693869345
0.538561325481
0.54126580326
0.543811352535
0.546202051983
0.548441974615
0.550535169233
0.55248565559
0.554297431351
0.555974489232
0.557520842802
0.544449263891
0.546058002025
0.547556398333
0.548949423886
0.550242188205
0.551439955834
0.552548138302
0.553572247965
0.554517795344
0.55539010551
0.55619402189
0.556933457995
0.557610749884
0.558225756259
0.558774651654
0.559248364898
0.559630635033
0.55989569599
0.560005665446
0.559907806708
0.559531954977
0.558788543386
0.557567810792
0.555740890153
0.553163517569
0.549683014057
0.54514892476
0.53942722534
0.532417338831
0.524070427941
0.514406688969
0.503528881332
0.49162929585
0.478987936317
0.465960836068
0.452958909699
0.440419147861
0.428770924812
0.418400687687
0.409619214451
0.402636924271
0.397555549288
0.39437303072
0.39299716959
0.393266736065
0.394976812762
0.397902132919
0.401816339414
0.406505836174
0.411778220394
0.417466262177
0.423428696881
0.429548988447
0.435732966458
0.441905971013
0.448009913814
0.454000495216
0.459844700795
0.465518625956
0.471005631772
0.476294810108
0.481379724055
0.486257385708
0.490927434037
0.495391478711
0.499652579984
0.503714839158
0.507583078404
0.511262592516
0.51475895847
0.518077891414
0.521225138036
0.524206400107
0.52702728252
0.529693261341
0.532209668358
0.534581689333
0.536814373738
0.538912654143
0.540881373653
0.542725319888
0.531111223495
0.533071307884
0.53492818715
0.536687242874
0.538353912541
0.53993369137
0.541432101046
0.54285460878
0.544206474052
0.545492492851
0.546716600291
0.547881282657
0.548986740357
0.550029735966
0.55100205997
0.551888555779
0.55266467167
0.553293558097
0.553722812143
0.5538810921
0.553674984199
0.552986690089
0.551673292576
0.54956850524
0.546487857667
0.542238140762
0.536631569404
0.529504476668
0.520739459185
0.510288859065
0.498196505134
0.48461403505
0.469808181423
0.45415632015
0.438129271685
0.422262372841
0.407117487196
0.393239240231
0.381108527898
0.371098489073
0.363437496499
0.358204662663
0.355343999612
0.354685243822
0.355974245972
0.358912416522
0.363189062415
0.368506541405
0.374596337564
0.381226826724
0.388205029206
0.395374651196
0.402612179208
0.409822213015
0.416932756942
0.423890861193
0.430658792601
0.43721078634
0.443530358924
0.449608127207
0.455440064203
0.461026120913
0.466369148357
0.471474061902
0.476347198858
0.480995828766
0.485427783538
0.489651181178
0.493674222299
0.497505043205
0.501151612851
0.504621663914
0.507922650463
0.511061726442
0.51404574059
0.516881244419
0.519574510681
0.522131560294
0.524558196075
0.526860041825
0.529042585313
0.519097851523
0.521444538514
0.52369390996
0.525851659667
0.527923447435
0.529914883169
0.531831468188
0.533678473573
0.535460727935
0.537182277687
0.538845871895
0.540452211573
0.541998891481
0.543478953451
0.544878968488
0.546176576423
0.54733744519
0.548311676616
0.549029791985
0.549398585587
0.54929733792
0.548575118624
0.547050149958
0.544512387811
0.540730528995
0.53546447692
0.528483806068
0.519591912744
0.508654359836
0.495628568822
0.480590770131
0.463755393309
0.445482289115
0.42626860589
0.406724657814
0.387535951
0.369415362396
0.353048757787
0.339034034589
0.327824636011
0.319658434088
0.31456903901
0.31242116015
0.312935808127
0.315726684722
0.320369174747
0.326442977397
0.333564747532
0.34140521831
0.349693765304
0.358215480269
0.366804614345
0.375336791217
0.383721322164
0.391894272281
0.399812526101
0.407448882606
0.414788101497
0.42182377714
0.428555905321
0.434989014336
0.441130746502
0.446990793539
0.452580106486
0.457910316473
0.462993316063
0.467840962044
0.472464869529
0.476876274352
0.481085946352
0.485104140439
0.488940575635
0.492604434843
0.496104379941
0.499448578282
0.502644737671
0.505700147686
0.508621725692
0.51141606622
0.514089492481
0.516648108686
0.508593267485
0.511355047095
0.514023622925
0.516604902951
0.519104664303
0.521528516667
0.52388181199
0.526169476233
0.528395729853
0.530563652344
0.532674532686
0.534726932651
0.536715375299
0.538628559984
0.540447002948
0.542140017072
0.543661985894
0.544947968234
0.545908803256
0.546426080683
0.546347597136
0.545484219984
0.543609382845
0.540462669006
0.535758997488
0.529204690475
0.520521058657
0.509475033927
0.495914852271
0.479807042005
0.461269381115
0.440593593176
0.418251967776
0.394884275158
0.371265151845
0.348256332692
0.326750434356
0.307608974571
0.291576853683
0.279236154341
0.270812939721
0.266254709118
0.265321421759
0.267595028204
0.272490580968
0.279415408286
0.287809465731
0.297189641482
0.307164184532
0.31742880809
0.327755178259
0.337977394829
0.347979072603
0.357682074499
0.367037172769
0.376016556985
0.384607963637
0.392810162182
0.40062954013
0.408077557846
0.41516887871
0.421920015587
0.428348366763
0.434471542252
0.440306904335
0.445871264638
0.451180694451
0.456250416223
0.461094752571
0.465727115578
0.47016002392
0.474405138867
0.478473312824
0.482374645966
0.486118547866
0.489713801992
0.493168631593
0.4964907659
0.499687505737
0.502765787661
0.505732245472
0.499790134688
0.502986576794
0.506091665161
0.509111430094
0.512051667849
0.514917880464
0.517715149933
0.520447917861
0.523119630847
0.525732198172
0.528285192061
0.530774702695
0.533191742389
0.535520079811
0.537733382303
0.539791561928
0.541636271758
0.543185598689
0.544328163734
0.544917081701
0.544764549674
0.543638206475
0.541260780722
0.537314831357
0.531454451588
0.523325502328
0.512595123736
0.498989869264
0.482339872382
0.462624238501
0.440010826587
0.414882448622
0.387842147413
0.359693430056
0.331397175052
0.304013666619
0.278643668596
0.256378624396
0.238127317133
0.224763569339
0.216423063607
0.212877462242
0.213779045529
0.218576821029
0.226329260249
0.236235009731
0.247554786534
0.259696138709
0.272212248916
0.284779025441
0.297169661997
0.309231835948
0.320868861816
0.332024743754
0.342672615257
0.352805964403
0.362432083038
0.371567255354
0.380233283137
0.388455021378
0.396258665692
0.403670590903
0.410716587986
0.41742138496
0.42380836732
0.429899436507
0.435714962147
0.441273796531
0.446593329144
0.451689565793
0.456577221765
0.461269821895
0.465779802866
0.470118614764
0.474296820075
0.478324189074
0.482209791019
0.485962080805
0.489588980739
0.493097956946
0.496496089499
0.492884845572
0.496524614585
0.500072215081
0.503533719203
0.506914856208
0.510220926218
0.513456635459
0.516625819043
0.519731004483
0.522772752786
0.525748694581
0.528652156968
0.531470255434
0.534181308655
0.536751430355
0.539130173081
0.541245159766
0.542995759273
0.544246061402
0.544817699601
0.544483456248
0.542963040227
0.539922884767
0.534982161964
0.527727288133
0.517736812487
0.504617567667
0.488051223827
0.467847996787
0.444001506203
0.416736213711
0.386537336571
0.354153831288
0.32056948411
0.286946007102
0.254552165807
0.22470849386
0.198874724982
0.177955336789
0.163765456848
0.155994851364
0.154008309858
0.157452415327
0.165866335632
0.177406641981
0.191141888857
0.206077558282
0.221520653344
0.236995850076
0.252185971191
0.266888478396
0.280982797676
0.294406070207
0.307135271912
0.31917411322
0.330543543008
0.341274970606
0.351405522065
0.360974798571
0.37002272568
0.378588180462
0.386708163078
0.394417341915
0.401747849487
0.408729242315
0.415388564397
0.421750472869
0.427837397995
0.433669719054
0.439265944272
0.444642887464
0.449815837054
0.454798715222
0.459604226173
0.464243993404
0.468728686252
0.473068136249
0.477271443773
0.481347075348
0.48530295153
0.489146524747
0.488072231293
0.492151422481
0.496134671136
0.500028025983
0.503837079374
0.507566853033
0.511221591745
0.514804425669
0.518316846778
0.521757925855
0.525123173532
0.528402923193
0.531580088057
0.534627124937
0.537502032195
0.540143233293
0.54246326884
0.544341362349
0.545615161631
0.546072306838
0.545442938468
0.543394803625
0.539533168451
0.533408161697
0.524532264292
0.512410194667
0.496582213551
0.476679781363
0.452489631863
0.424019007701
0.391551618727
0.355681689781
0.31731369809
0.277620877458
0.237969299618
0.19982219592
0.16460510205
0.134787081274
0.109839093196
0.0954273986077
0.0890455333768
0.0890882110809
0.0956284463376
0.109628805072
0.125976509652
0.144610166408
0.16392342039
0.18322133687
0.202061578842
0.220175695889
0.2374150901
0.253712083993
0.269052927381
0.283458741221
0.296971995731
0.309647045936
0.321543675171
0.332722839943
0.343243989658
0.353163483836
0.362533753144
0.371402949535
0.379814906798
0.387809289159
0.395421846034
0.402684719415
0.409626769857
0.416273900209
0.422649364937
0.428774058609
0.434666780742
0.440344476449
0.445822453673
0.451114578523
0.456233450522
0.461190559681
0.46599642713
0.470660730791
0.475192417135
0.479599799479
0.483890642473
0.485540008241
0.490040951264
0.494439051086
0.49874028547
0.502950059019
0.50707305974
0.511113009707
0.515072264818
0.51895120117
0.522747303483
0.526453844372
0.530058013313
0.533538324221
0.536861106917
0.539975881179
0.542809438773
0.545258541035
0.547181304475
0.548387622673
0.548629381004
0.547591762914
0.544887586892
0.540057259448
0.532577418437
0.521881441838
0.507394441379
0.488583911365
0.465024755261
0.436474089696
0.402947413095
0.364783975929
0.322686056893
0.277715278404
0.231233850636
0.184808118727
0.140120554213
0.0976691148825
0.0648375825613
0.0306769850872
0.0187272207621
0.0154053124286
0.0174129639825
0.026087259986
0.050939367017
0.0721949823965
0.0973804812812
0.121801586616
0.145467238541
0.168037821537
0.189339845714
0.209309989613
0.227954060066
0.24532176942
0.261488798967
0.276543967229
0.290580473554
0.303690273303
0.315960725347
0.327472806205
0.338300354827
0.348509963154
0.358161247997
0.367307329224
0.375995402432
0.384267337416
0.392160262186
0.399707110662
0.406937123684
0.413876299982
0.420547797814
0.426972290263
0.433168278211
0.43915236543
0.444939500136
0.450543187092
0.455975673901
0.461248114577
0.466370712909
0.471352847416
0.476203178874
0.480929740337
0.485463193977
0.4903538471
0.495131595818
0.499802318318
0.50437120128
0.508842567058
0.513219581175
0.517503789384
0.521694413698
0.525787311643
0.529773472484
0.533636889829
0.537351615326
0.540877770444
0.544156284714
0.547102157913
0.54959613614
0.551474878991
0.552520010096
0.552446911259
0.550894743656
0.547419916613
0.541495967668
0.532523376599
0.51985294107
0.502825682794
0.480830567567
0.453378521953
0.420187523762
0.381269459557
0.337005571462
0.288193547402
0.236043349321
0.182088891265
0.12804904894
0.0768898694361
0.0204049871688
0.0027751743279
0
0
0
0
0
0.00216695544193
0.0145614718796
0.0510356503978
0.0805434076689
0.109001655935
0.135602356381
0.160307756348
0.183167826942
0.204276759533
0.223758811031
0.241753081743
0.258401507283
0.273841016102
0.288199082827
0.301591651322
0.314122572111
0.325883935519
0.33695688559
0.347412651544
0.35731363842
0.366714487284
0.375663058747
0.384201319779
0.392366129044
0.400189924369
0.407701320141
0.414925624105
0.42188528339
0.428600269076
0.435088407829
0.44136566811
0.447446407462
0.453343586367
0.459068953203
0.464633203855
0.47004611857
0.475316677557
0.480453155555
0.487998726471
0.493232749381
0.498340739872
0.503328467141
0.508200891116
0.512961961144
0.517614281734
0.522158588988
0.526592959192
0.530911642818
0.535103382884
0.539149037762
0.543018289096
0.546665183413
0.550022245042
0.55299292891
0.55544228367
0.557185904069
0.55797760414
0.557496768433
0.555337040034
0.550998834114
0.543889000425
0.533331578086
0.518593680144
0.498929759764
0.473645556162
0.442179842372
0.404198058847
0.359687873667
0.309043822196
0.253126956812
0.193278801778
0.131176458271
0.0675117796715
0.00915585178483
0
0
0
0
0
0
0
0
0
0.00583748859667
0.0403837834063
0.0745966651942
0.105444210276
0.133713441576
0.159591947258
0.183260919514
0.204925305805
0.224795287027
0.243072296768
0.259941590883
0.275569215983
0.290101597151
0.303666553302
0.316374992953
0.328322847259
0.33959299409
0.350257048331
0.360376965042
0.370006442151
0.379192130217
0.387974666636
0.396389555183
0.404467912005
0.412237097715
0.419721253122
0.426941753766
0.433917596217
0.440665726994
0.447201323156
0.453538031992
0.459688175765
0.465662926175
0.47147245191
0.477126041291
0.482632200563
0.493280504288
0.498798051244
0.50417357497
0.509412745273
0.514520307957
0.519499857078
0.524353462009
0.529081087715
0.533679722285
0.538142094594
0.542454827085
0.546595825445
0.550530662869
0.554207680222
0.557551509814
0.560454762661
0.562767729142
0.564286170449
0.56473766507
0.563767552993
0.560926293347
0.555660965147
0.547314555257
0.535137342401
0.518314745642
0.49601505467
0.46745817236
0.43200284469
0.389245343724
0.339118462944
0.281978248825
0.218674342247
0.150668968494
0.0807996353776
0.00944565030249
0
0
0
0
0
0
0
0
0
0
0
0.00532284168255
0.0437099124151
0.0782309716164
0.110159796379
0.139172381632
0.165481129606
0.189378407019
0.21115515254
0.231079425073
0.249389511692
0.266292940779
0.281968304083
0.296568283375
0.310223011918
0.323043327357
0.3351237163
0.346544883231
0.35737594388
0.3676762743
0.377497058403
0.386882578335
0.395871288928
0.404496712585
0.41278818555
0.420771481537
0.428469334139
0.435901875642
0.443087006605
0.450040707855
0.456777304281
0.463309687877
0.469649505757
0.475807317308
0.481792723045
0.487614465983
0.501415034187
0.507144256333
0.512712890043
0.518126534138
0.523389754297
0.528505832089
0.533476358119
0.53830060308
0.54297457414
0.54748963034
0.551830489476
0.555972411819
0.559877297597
0.563488394755
0.566723297162
0.569464946195
0.571550465171
0.572757899554
0.572791351867
0.571265623809
0.567692312058
0.561470288438
0.55188447229
0.538117491817
0.51927882861
0.494454878469
0.462780653334
0.423529527768
0.376212062326
0.320669709694
0.257143098025
0.186262632539
0.108664670076
0.0222994433102
0
0
0
0
0
0
0
0
0
0
0
0
0
0.0113946992535
0.0538729707177
0.0901650242761
0.122480789528
0.151494803101
0.177654167103
0.201347843819
0.222918633985
0.242662505702
0.260831090818
0.277636521388
0.293256974285
0.307842018541
0.321517382874
0.334389035807
0.34654659926
0.358066168753
0.369012628078
0.379441543721
0.389400714761
0.398931442457
0.408069572585
0.416846353701
0.425289146178
0.433422010008
0.441266193763
0.448840542664
0.45616184003
0.463245093479
0.47010377478
0.476750020193
0.483194796229
0.489448033964
0.495518733032
0.512477830846
0.518337021924
0.524014827355
0.529516822285
0.534847447582
0.540009739934
0.545004897438
0.54983161068
0.554485061312
0.558955454192
0.563225905195
0.567269456338
0.571044937753
0.574491352004
0.577520437397
0.580007099632
0.581777522394
0.582595023171
0.582144159275
0.580014247917
0.575684345369
0.568512767351
0.557735252835
0.542476565792
0.521780243697
0.494659802024
0.460171508401
0.41750368434
0.366071093537
0.305598902442
0.236194853142
0.158517584041
0.0747567392526
0.00319306333155
0
0
0
0
0
0
0
0
0
0
0
0
0
0.00154047303524
0.0358842815837
0.0747438136921
0.110140940188
0.141841473069
0.170252756822
0.195843721229
0.219035115385
0.240183891184
0.259587508116
0.277492321227
0.294102129382
0.309585794044
0.324083677146
0.337712939099
0.350571838762
0.362743199827
0.374297198352
0.385293605033
0.395783592489
0.405811196499
0.415414501873
0.424626608823
0.43347642379
0.441989309336
0.450187620341
0.458091147973
0.465717488361
0.473082349274
0.480199805159
0.48708250847
0.493741863002
0.500188162913
0.506430698943
0.526510666224
0.532410934771
0.538107154795
0.54360494444
0.548908696385
0.554021294253
0.558943658386
0.563674048258
0.568207019558
0.572531896466
0.576630573532
0.580474408635
0.584019913517
0.587202901504
0.589930731004
0.592072315592
0.593445695551
0.593803229444
0.592814918294
0.590051057649
0.584966325414
0.576888483988
0.565015917863
0.548428907596
0.526119368007
0.497042152399
0.460187334992
0.41466657843
0.35979689542
0.295148059854
0.220476803995
0.135312403622
0.0372502908553
0
0
0
0
0
0
0
0
0
0
0
0
0
0
0
0.0175386732279
0.0633045517244
0.102528949278
0.136996669848
0.167619749282
0.195048752753
0.219801465694
0.242299108053
0.262885026942
0.281839136601
0.299390047489
0.315725127637
0.330998671164
0.345338432403
0.358850811517
0.371624957985
0.383736019068
0.395247717789
0.406214406484
0.41668270995
0.426692846554
0.436279695688
0.445473664483
0.454301394809
0.4627863425
0.470949253679
0.478808557658
0.486380691581
0.493680368588
0.500720798456
0.507513867228
0.514070280059
0.520399669184
0.543519718255
0.549368026627
0.554988123331
0.560385756116
0.565565367239
0.570529802172
0.575279844391
0.579813502033
0.584124942175
0.588202930034
0.592028583029
0.595572195112
0.598788830037
0.601612333454
0.603947391109
0.605659291892
0.606561179455
0.606398843527
0.60483356338
0.601424210237
0.595610742645
0.586702313208
0.573874251601
0.556178847496
0.532574617155
0.501976981783
0.463329428776
0.415687935268
0.358302858687
0.290672441656
0.212532739139
0.123753151899
0.0242324016109
0
0
0
0
0
0
0
0
0
0
0
0
0
0
0
0.0115166937165
0.0588681109107
0.100663333597
0.137506355502
0.17015179545
0.199288858816
0.225498440175
0.24925584069
0.27094566279
0.29087836466
0.309305085172
0.326429907317
0.342419650016
0.357411562319
0.371519332387
0.384837777071
0.397446510406
0.409412825064
0.420793966954
0.431638940555
0.441989949771
0.451883554186
0.461351601829
0.470421985354
0.479119257809
0.487465136037
0.495478913434
0.503177799014
0.510577195808
0.517690928534
0.524531427788
0.531109875519
0.537436314065
0.563474623989
0.569177004316
0.574625858275
0.579827169941
0.584785549295
0.589503939677
0.593983151158
0.598221145378
0.602211967218
0.605944179909
0.609398612509
0.612545173662
0.615338428154
0.617711583337
0.619568508962
0.620773444595
0.621138172939
0.620406704086
0.618237976526
0.614187774246
0.60769198448
0.598054399633
0.584443300584
0.565901690841
0.541375763984
0.509764363046
0.469988285157
0.421072173987
0.362224416616
0.292895716688
0.212806550375
0.121993286408
0.021134055577
0
0
0
0
0
0
0
0
0
0
0
0
0
0
0
0.0104682732044
0.0603593489954
0.10465895948
0.143661920234
0.178118316091
0.208782221036
0.236297997075
0.261189751333
0.283877483306
0.304697109922
0.323918234288
0.341758516953
0.358394915673
0.373972370738
0.388610498654
0.402408760812
0.415450471568
0.427805923124
0.439534836277
0.450688294101
0.461310276742
0.471438886588
0.481107331538
0.490344718073
0.499176693791
0.507625969996
0.515712748014
0.523455067574
0.5308690914
0.537969336757
0.544768861804
0.551279412035
0.55751152941
0.586308403313
0.591773145725
0.596958223503
0.601869982988
0.606513338447
0.610891484925
0.615005440052
0.618853341398
0.622429396256
0.625722342381
0.628713231145
0.631372290181
0.633654565834
0.63549399671
0.636795546123
0.63742505095
0.637196566152
0.635857246081
0.633070256277
0.628396890349
0.621279973947
0.611031693925
0.5968299977
0.577728311654
0.552683011115
0.520601208311
0.480407398105
0.431120925204
0.371927147755
0.302214177014
0.221536384981
0.129471317456
0.0254885002447
0
0
0
0
0
0
0
0
0
0
0
0
0
0
0
0.0134542423495
0.0677583509375
0.114784331801
0.155723794493
0.191704643441
0.223642301004
0.252258298138
0.278118960363
0.301670130862
0.323264862728
0.343184756549
0.361656201186
0.378862694005
0.394954198828
0.410054281371
0.424265579099
0.437674019899
0.450352096638
0.462361425247
0.473754755629
0.484577561885
0.494869306987
0.504664453822
0.513993277377
0.522882520028
0.531355922228
0.53943465355
0.547137663411
0.554481966367
0.561482873274
0.568154176657
0.574508295861
0.58055638494
0.611918186639
0.617058797347
0.62189309714
0.626427937082
0.630668686981
0.634618960221
0.638280173672
0.64165087163
0.644725713926
0.647493991218
0.64993748487
0.65202743615
0.653720334576
0.654952187798
0.655630912763
0.655626516784
0.654758854932
0.65278300344
0.649372726067
0.644103167673
0.636434784704
0.625701540287
0.611107361805
0.591735440371
0.566574645943
0.53456552263
0.494664371841
0.445917195262
0.387524670596
0.318860457744
0.239356728829
0.147992839794
0.0413273450104
0
0
0
0
0
0
0
0
0
0
0
0
0
0
0
0.0237062102613
0.0827416305714
0.131777160446
0.174004922344
0.211023278557
0.243874810507
0.273321564358
0.299945290478
0.324198944172
0.346439567455
0.366951421101
0.385962911415
0.403659202171
0.420191713434
0.435685335169
0.450243945875
0.463954663783
0.476891143359
0.489116147556
0.500683566882
0.511640013099
0.52202608375
0.531877370394
0.541225266095
0.550097614805
0.558519235459
0.566512346193
0.574096908348
0.581290905409
0.588110568413
0.594570556298
0.600684096982
0.606463092238
0.640166653095
0.644904399197
0.649309002369
0.653387972289
0.65714729432
0.660591172565
0.663721616969
0.666537806936
0.669035136513
0.671203810905
0.673026820758
0.674477070707
0.675513386621
0.676075081273
0.676074737025
0.67538889215
0.673846430022
0.671214711486
0.667183906426
0.661350604544
0.653202616262
0.64210784172
0.627311011664
0.607942673387
0.583044551947
0.551613817741
0.51266534069
0.465305526012
0.408804537957
0.342649496053
0.266577489295
0.180712228837
0.0866263677862
0.00372436270106
0
0
0
0
0
0
0
0
0
0
0
0
0
0.00231784285912
0.0534278837553
0.108052347995
0.156318705216
0.198647172969
0.236030283855
0.269350329021
0.299310193981
0.326461166687
0.35123720833
0.373982579371
0.39497271939
0.414429915053
0.432535112278
0.449436881167
0.465258265038
0.480102045498
0.494054813572
0.507190135016
0.519571024245
0.53125188747
0.542280056108
0.55269700225
0.562539306195
0.571839429717
0.580626336415
0.588925991111
0.596761763066
0.604154752228
0.611124053323
0.617686969052
0.6238591807
0.629654881804
0.635086877962
0.670884063571
0.675149956264
0.67905604406
0.682610652747
0.685820543694
0.688690680745
0.691223852647
0.69342008791
0.695275773464
0.696782355534
0.697924460818
0.698677229625
0.699002604333
0.698844275319
0.698120967489
0.696717777682
0.694475379268
0.691177136352
0.686534558468
0.680172109253
0.671613158123
0.660269768677
0.645439891222
0.626316087113
0.602009758022
0.571593521328
0.534161483394
0.488902658789
0.43517722236
0.37257970901
0.300965563548
0.220375905864
0.130494835659
0.0273049830449
0
0
0
0
0
0
0
0
0
0
0
0
0
0.0184127518284
0.0852163499118
0.140026239172
0.187471577359
0.229257887257
0.266433548198
0.299785613472
0.329932524288
0.357365453347
0.382476696856
0.405581404892
0.426934424267
0.446743336344
0.465178541419
0.482381065322
0.498468614364
0.513540283615
0.527680228587
0.540960537369
0.553443484495
0.565183305421
0.576227598204
0.58661843444
0.596393242778
0.605585514029
0.614225365893
0.622339996832
0.629954052074
0.637089919563
0.643767969618
0.650006748733
0.655823135209
0.661232461803
0.666248608206
0.703870754537
0.707606870048
0.710957107545
0.713930759596
0.716535513857
0.718777248669
0.720659697655
0.722183925419
0.723347533039
0.724143481932
0.724558387836
0.724570094259
0.724144290982
0.72322990595
0.721752982425
0.719608779219
0.716651930379
0.712684709095
0.707443797604
0.700586499316
0.69167804087
0.680182444254
0.665460261568
0.646777011089
0.623326087523
0.594268855654
0.55879228286
0.516180842439
0.46589512883
0.407646099425
0.341453931609
0.267694384167
0.18723229745
0.102430354519
0.0122128365681
0
0
0
0
0
0
0
0
0
0
0
0.00896371552839
0.0730252602326
0.129034564286
0.179688867899
0.224905637377
0.265378872178
0.301806269883
0.334785481581
0.364811667679
0.392290996575
0.417555774298
0.440878181754
0.462481942092
0.482551918541
0.501241869403
0.51868064739
0.534977123464
0.550224082803
0.564501301221
0.577877972546
0.590414624143
0.602164629837
0.613175406626
0.623489363215
0.633144653786
0.642175778869
0.650614066062
0.658488056204
0.665823814931
0.672645185112
0.678973992056
0.684830210513
0.690232100002
0.695196312853
0.699737977149
0.738899943962
0.742060037808
0.744809277994
0.747158055103
0.749115110863
0.750687366424
0.751879634501
0.752694163199
0.753129938242
0.753181643354
0.752838145467
0.752080333559
0.750878100947
0.749186227994
0.746938908313
0.744042686084
0.740367662178
0.735737015627
0.729915209201
0.722595729463
0.713389852531
0.70181867903
0.68731142355
0.669213464371
0.646807664673
0.619351643701
0.586131767238
0.546531664637
0.500109545114
0.446675531518
0.386359156933
0.319659053111
0.24746299141
0.17091116726
0.0898135722062
0.0124825440888
0
0
0
0
0
0
0
0
0
0.00990774370712
0.0686943441751
0.126607666893
0.178277133799
0.225132704241
0.267666719395
0.306341030638
0.341608245514
0.373881501932
0.403521991158
0.430838383538
0.456091475884
0.479500600894
0.501250189387
0.521495786275
0.540369265173
0.557983201694
0.574434464633
0.58980712364
0.604174781024
0.617602429684
0.630147927331
0.641863163566
0.652794983104
0.662985916583
0.672474760248
0.681297037303
0.689485366809
0.697069760416
0.704077862713
0.710535147375
0.716465078418
0.721889243466
0.726827463958
0.731297885399
0.735317048981
0.77572069091
0.778270121335
0.780385436909
0.782078224087
0.783358370745
0.784233930122
0.784710884323
0.784792761098
0.784480039076
0.7837692528
0.782651679864
0.781111459197
0.779122955469
0.776647156219
0.773626876886
0.769980571741
0.7655946296
0.760314201223
0.753932890917
0.74618207067
0.736721141732
0.725130735133
0.710911506104
0.693491659057
0.672246391931
0.646531798179
0.615734203734
0.579333434827
0.536975422498
0.488546495326
0.434239373161
0.374599012608
0.310531855639
0.243251661799
0.174222913311
0.106734314003
0.0289870711696
0.00405774927979
0
0
0
0
0
0.0035785280366
0.0244318885215
0.0864961190804
0.137315273081
0.186532868523
0.232567957597
0.275309459556
0.3148667659
0.351438718245
0.385263155756
0.416583524628
0.445630059787
0.472611259359
0.497711456963
0.521091614112
0.542891601346
0.563232993538
0.582221863219
0.599951323449
0.616503723046
0.631952478873
0.646363570813
0.659796742478
0.672306455265
0.68394264124
0.694751295156
0.70477493979
0.714052992669
0.722622056779
0.730516153076
0.7377669087
0.744403711552
0.750453839283
0.755942568667
0.760893269588
0.765327486439
0.76926500837
0.772723928537
0.814060848168
0.8159758834
0.817435987941
0.818453994504
0.81904098042
0.81920616928
0.818956747999
0.818297558961
0.817230610884
0.815754331424
0.813862459448
0.811542446234
0.808773205643
0.805522029206
0.801740472903
0.797359043206
0.792280581146
0.786372389942
0.779457400055
0.771305034933
0.761622931924
0.75005125171
0.736161889997
0.719465337482
0.699428010721
0.67550236602
0.647170825653
0.614002450176
0.575718575346
0.532260731562
0.483851604682
0.431037944932
0.374703735167
0.316047377732
0.25654872512
0.197967641195
0.140719060644
0.0951843808891
0.0459678500112
0.0287084789546
0.0240795050626
0.0277201554346
0.0423258710884
0.0839530579436
0.120499886334
0.164433235827
0.207621268295
0.249892323502
0.290533632152
0.329174358208
0.365667305196
0.399995935785
0.432217382774
0.462426253404
0.490732416809
0.517248255861
0.542081993113
0.565334694448
0.587099366222
0.607461151401
0.626498028533
0.64428167451
0.66087831204
0.676349458603
0.690752548407
0.704141428
0.716566740024
0.728076214638
0.73871488841
0.748525268492
0.757547456991
0.765819247416
0.773376202339
0.780251719002
0.78647708766
0.792081545931
0.797092331166
0.801534731898
0.805432138604
0.80880609324
0.811676336183
0.853629855897
0.854896491812
0.855690660709
0.856026431458
0.855916053706
0.855369898328
0.854396328732
0.853001468455
0.851188816921
0.848958647695
0.846307102275
0.843224868196
0.839695305546
0.835691865895
0.831174640369
0.826085892098
0.820344489657
0.813839283835
0.806421681859
0.797897987459
0.788022492693
0.776492800067
0.762949349935
0.746981504927
0.728142628032
0.705976189468
0.680053886751
0.650025007115
0.615673926554
0.576980060126
0.534172263938
0.487768307715
0.438590725744
0.387755654644
0.33664364852
0.28686237214
0.240164267083
0.199998580225
0.165881724832
0.146682530351
0.139212987821
0.141584914272
0.154441160945
0.179766831373
0.209450437317
0.243508592782
0.279217758725
0.3153385955
0.351046020061
0.385814999977
0.419330133413
0.451415223142
0.481983863791
0.511005987582
0.538485884436
0.56444821531
0.588929390962
0.611972415878
0.633623885538
0.653932269312
0.672946927744
0.690717528391
0.707293665171
0.722724574637
0.737058895742
0.750344449938
0.762628034393
0.773955228701
0.784370218127
0.793915636747
0.802632432981
0.810559758836
0.817734882991
0.82419312691
0.829967822436
0.835090288848
0.839589827043
0.843493728357
0.84682729538
0.849613872001
0.851874879609
0.894121247117
0.894733702095
0.894860342509
0.894516392091
0.893715186069
0.89246815064
0.890784727759
0.888672216196
0.886135488438
0.883176528478
0.879793717697
0.875980775854
0.871725243717
0.867006377264
0.861792317757
0.856036417876
0.849672656008
0.842610176263
0.834727168889
0.825864567932
0.815820390993
0.804345956679
0.791145630973
0.775882073518
0.758189037883
0.737693465476
0.714047761455
0.686971695011
0.656301411786
0.622040854382
0.584408924698
0.543874661087
0.501173502287
0.457301618221
0.413492674821
0.371188790355
0.332033242884
0.298036633314
0.270642974797
0.252807017975
0.244409948803
0.244872185609
0.254026997484
0.271459192414
0.294389979728
0.321428714537
0.350970226691
0.381847938579
0.413221879244
0.444496293244
0.475255349968
0.505212607689
0.53417325013
0.562006969668
0.588629040838
0.613987354415
0.638053606072
0.660817281209
0.682281470279
0.702459859561
0.721374471029
0.739053884399
0.755531780241
0.770845710115
0.785036040211
0.798145037999
0.810216083708
0.821292994408
0.831419450941
0.840638518776
0.848992253982
0.856521385479
0.86326506482
0.869260674977
0.874543690069
0.879147578482
0.883103742514
0.886441488288
0.889188020299
0.891368455465
0.893005851824
0.935214775399
0.935173853632
0.934638897943
0.933626127215
0.93214980032
0.930222233961
0.927853778917
0.925052730703
0.921825141366
0.918174487242
0.914101132846
0.909601514501
0.904666950553
0.899281971479
0.893422058773
0.887050694755
0.880115668374
0.872544668689
0.864240342941
0.855075210578
0.844887108998
0.833476182633
0.820604767812
0.806001790909
0.789373373334
0.770421093427
0.748868676384
0.724496715659
0.697183433756
0.666947684451
0.633988774398
0.598716800354
0.561767748774
0.52400020904
0.486475079307
0.450424301738
0.417217866014
0.388330492677
0.365121114887
0.349021168777
0.34044485435
0.339303510139
0.345328326538
0.357887987364
0.375651519945
0.397444464951
0.422117589469
0.448702335189
0.47642480083
0.504681134998
0.533005686964
0.561041327703
0.588514974599
0.615218655701
0.640995337055
0.665728430585
0.689333968973
0.711754639153
0.732955087881
0.752918101418
0.77164140313
0.789134910715
0.805418357753
0.820519222096
0.834470924618
0.847311272369
0.859081124784
0.869823263172
0.87958144406
0.888399617046
0.896321288128
0.903389010122
0.909643982827
0.915125746896
0.919871956879
0.923918220452
0.927297992428
0.930042513606
0.932180785866
0.933739576055
0.934743442103
0.976578131811
0.975889652438
0.974704958534
0.973041023142
0.970912790372
0.968333230112
0.965313362506
0.961862232817
0.957986809827
0.953691771352
0.948979128625
0.943847627889
0.938291853985
0.932300949779
0.925856861731
0.918932032613
0.911486496979
0.903464404721
0.894790114627
0.885364171957
0.875059712019
0.863720101101
0.851158900231
0.837163452441
0.821503461114
0.80394574163
0.784275797328
0.762325947409
0.738008461895
0.711350705938
0.682527971877
0.651888914142
0.619968776045
0.587487229706
0.555330391302
0.524519158412
0.496166321886
0.471418162777
0.451349713923
0.436887797304
0.42849997782
0.4262811938
0.430054903659
0.439348309787
0.45338034267
0.471304622419
0.49226755953
0.515484035504
0.540269477935
0.56604382587
0.592323266692
0.618708152743
0.644870948302
0.670545639091
0.695518854461
0.719622471685
0.742727355915
0.764737932138
0.78558737464
0.805233283047
0.823653774696
0.840843959774
0.856812783611
0.871580226073
0.885174846696
0.897631659812
0.908990319087
0.919293586781
0.928586060432
0.936913128413
0.944320125993
0.950851664616
0.956551109007
0.961460178989
0.965618655412
0.969064172122
0.971832078371
0.973955358327
0.975464596409
0.976387978899
0.976751323785
1.01786828962
1.01654176591
1.01472369888
1.01243149563
1.00968047425
1.00648395297
1.00285331864
0.998798059027
0.994325737993
0.989441884703
0.984149758723
0.978449942179
0.972339699232
0.965812034376
0.958854378101
0.951446836779
0.943559970832
0.935152120084
0.926166386977
0.916527523676
0.906139148419
0.894881928541
0.882613584033
0.869171737104
0.854380690615
0.838063080481
0.820056940267
0.800238001802
0.778546063445
0.755013114551
0.72978984521
0.703166514688
0.675584231895
0.64763370396
0.620040238611
0.593635479625
0.569316854519
0.547993696999
0.530514447235
0.517583562085
0.509643767972
0.506873008454
0.509210226803
0.516363375194
0.527840836834
0.543044817714
0.561330384331
0.582057271092
0.604623108853
0.628480236572
0.653142205048
0.67818466402
0.70324341705
0.728011091375
0.752233101662
0.775703213024
0.798258862755
0.819776361393
0.84016609042
0.859367812336
0.87734619812
0.894086657368
0.909591531801
0.923876687496
0.936968518452
0.948901355391
0.959715259797
0.969454173838
0.978164391372
0.985893312947
0.992688447774
0.99859662731
1.00366339781
1.00793256244
1.01144584705
1.0142426672
1.01635997718
1.01783218498
1.01869111966
1.01896604
1.01868367516
1.05873259592
1.05678031717
1.05434866098
1.05145507688
1.04811488153
1.04434137902
1.04014596788
1.0355382232
1.0305259375
1.02511509848
1.01930977379
1.0131118652
1.00652068528
0.999532303125
0.992138602837
0.984326004717
0.976073819935
0.967352251548
0.958120125503
0.948322539617
0.937888756968
0.926730834083
0.914743642285
0.901807075232
0.887791284213
0.872565683488
0.856012163721
0.838042411601
0.818618478326
0.79777486187
0.775639541409
0.752450860973
0.72856713786
0.704466495364
0.680735568364
0.658046970357
0.637126146435
0.61870802456
0.603483140566
0.59203627839
0.58478462824
0.581955381221
0.583583907389
0.589519250742
0.599447999168
0.612939944595
0.629490702471
0.648561396112
0.66961067328
0.69211783164
0.715598363937
0.739613683871
0.763776492286
0.787752864811
0.81126186476
0.834073313507
0.856004245919
0.876914503429
0.896701849536
0.915296923293
0.932658276249
0.948767671156
0.963625760498
0.977248212305
0.989662310738
1.00090402923
1.0110155535
1.02004321866
1.02803581797
1.03504323775
1.04111537376
1.04630128672
1.05064855825
1.05420281274
1.0570073753
1.05910303973
1.06052792502
1.06131740214
1.06150407611
1.06111781129
1.06018578993
1.09880981084
1.09624643229
1.09322373879
1.08975877236
1.08586642256
1.08155957348
1.0768492431
1.07174470646
1.06625359068
1.06038192531
1.05413412563
1.04751288016
1.04051890651
1.03315053437
1.02540307175
1.01726791525
1.00873138028
0.999773258833
0.99036516576
0.980468813368
0.970034459033
0.958999895036
0.947290478121
0.934820800421
0.921498644251
0.907231794528
0.891938061474
0.875558468913
0.858073003985
0.839517670174
0.82000096422
0.799717478401
0.778956278977
0.758102113527
0.73762826896
0.718080754322
0.700054052013
0.684158778987
0.670981646556
0.661040015615
0.654738126523
0.65233842035
0.653945849752
0.659503578118
0.668804320459
0.68151645941
0.697216272024
0.715422279416
0.735627369933
0.757325891161
0.780034700377
0.80330825118
0.826748323403
0.850009227048
0.87279937391
0.894880085149
0.91606242672
0.936202758914
0.955197566655
0.972978015378
0.989504562687
1.00476185489
1.01875405315
1.03150066752
1.04303292712
1.05339067952
1.06261978928
1.07076999143
1.07789314923
1.08404186358
1.08926838276
1.09362376509
1.09715725143
1.09991580979
1.10194381945
1.10328286707
1.10397163142
1.10404583797
1.10353826761
1.10247880719
1.10089453176
1.13773136625
1.13457405328
1.13098548325
1.12698180106
1.12257701183
1.1177831491
1.1126104393
1.10706745674
1.10116126066
1.09489750233
1.08828048607
1.08131316256
1.07399702767
1.06633189543
1.05831551156
1.0499429767
1.0412059595
1.03209170283
1.02258186558
1.01265130088
1.00226694968
0.991387121364
0.979961529753
0.96793253216
0.955238053827
0.941816635054
0.927614883445
0.912597331141
0.896758297483
0.880134891508
0.862819849678
0.844972615086
0.826827038891
0.808694361578
0.790960601915
0.77407786753
0.75854908849
0.744905267997
0.733674341518
0.725342732218
0.720314819958
0.718877759814
0.721175307823
0.727194573021
0.73677000181
0.749603613524
0.765295565279
0.783379178311
0.803355158935
0.824721392001
0.846996532448
0.869737016847
0.892547970163
0.915088917297
0.937075365712
0.958277313727
0.978515634144
0.997657133877
1.01560892843
1.03231261435
1.04773858417
1.06188071216
1.07475154644
1.08637807277
1.0967980646
1.10605699973
1.11420550217
1.12129725626
1.12738733487
1.13253088375
1.13678210676
1.14019350178
1.14281530235
1.1446950863
1.14587751815
1.14640419748
1.14631359023
1.14564102428
1.14441873407
1.14267594241
1.14043897013
1.17512316507
1.17139227258
1.16726592395
1.16275886137
1.15788373945
1.1526513079
1.14707059327
1.14114907591
1.13489285692
1.12830680667
1.12139468357
1.11415920749
1.10660206817
1.09872384518
1.09052381386
1.08199961332
1.07314675988
1.06395800583
1.05442257138
1.04452532014
1.0342460052
1.02355878099
1.01243224777
1.00083035568
0.988714524238
0.976047307386
0.96279783061
0.948949036342
0.934506504879
0.919508311975
0.904035113074
0.888219499448
0.872253724055
0.856395121724
0.840968739055
0.826366412225
0.813040356715
0.801487572924
0.792221068625
0.785728023255
0.78242199953
0.782597657624
0.786395364204
0.793784009993
0.804568122106
0.818415339669
0.834894763382
0.853517425273
0.873772964975
0.895159487366
0.917205717003
0.939485846764
0.961628106495
0.983318297564
1.00429953208
1.02436929301
1.04337475868
1.06120714908
1.0777956735
1.09310150014
1.10711203427
1.11983568329
1.13129720406
1.14153366635
1.15059102401
1.15852125759
1.16538003603
1.17122483733
1.17611346621
1.18010290872
1.18324846837
1.18560313392
1.18721713525
1.18813764992
1.1884086289
1.18807071525
1.18716123444
1.18571423903
1.18376059397
1.18132809195
1.17844159055
1.21060825822
1.20632846032
1.20169611813
1.19672407766
1.19142319434
1.1858025227
1.17986950667
1.17363016882
1.16708929515
1.16025061042
1.15311693632
1.14569032154
1.13797212987
1.12996306885
1.12166314002
1.11307149203
1.10418616288
1.09500370846
1.08551873427
1.07572337736
1.0656068256
1.05515501117
1.04435066671
1.03317397855
1.02160409588
1.00962174314
0.997213120697
0.984375161755
0.971122053936
0.9574927698
0.943559247265
0.929434894597
0.91528330351
0.901327326129
0.887858572381
0.875246042873
0.863939125705
0.854455378712
0.847342854393
0.843118496615
0.842201825083
0.844856795418
0.851151061277
0.8609460762
0.873926828076
0.889653960926
0.907618443677
0.927287757204
0.94814037463
0.9696892862
0.991496614225
1.01318142446
1.03442251621
1.05495761433
1.07458008656
1.09313407265
1.11050871783
1.12663204065
1.14146482585
1.15499481519
1.16723137233
1.17820072042
1.18794179276
1.19650269406
1.20393774139
1.21030503607
1.21566450831
1.22007637322
1.22359993789
1.22629270277
1.22820970603
1.22940306551
1.22992167896
1.22981104948
1.22911320823
1.22786671176
1.2261066955
1.2238649686
1.22117013891
1.21804775907
1.2145204873
1.24381070898
1.23901243423
1.23391062142
1.22851576997
1.22283653314
1.21687990647
1.21065141795
1.20415531959
1.19739477884
1.19037206726
1.18308874142
1.17554580905
1.16774387048
1.15968322308
1.15136391447
1.14278573008
1.13394810343
1.12484994475
1.11548939675
1.10586354683
1.09596815372
1.08579748091
1.07534436732
1.06460069952
1.05355847184
1.04221161994
1.03055878438
1.01860710402
1.0063770756
0.993908489327
0.9812675371
0.968555476234
0.955919743975
0.943568925101
0.931792606247
0.920983988891
0.911654781738
0.904419648687
0.899925739179
0.898738422074
0.901246761398
0.907598741878
0.917666887079
0.931067944194
0.947254673811
0.965615020875
0.985542844106
1.00647745817
1.02792144204
1.04944615542
1.07069108886
1.0913602934
1.11121741882
1.13008005679
1.14781374341
1.16432585445
1.1795595825
1.19348815808
1.20610944651
1.21744101651
1.22751574025
1.23637794971
1.24408014634
1.25068023866
1.25623926752
1.26081956975
1.26448332672
1.26729144401
1.26930271083
1.27057319146
1.27115580641
1.27110006591
1.27045192384
1.26925372528
1.26754422539
1.26535866152
1.26272886407
1.25968339469
1.25624770307
1.25244429591
1.2482929132
1.27436088001
1.26908185984
1.26355302279
1.25778214657
1.25177535351
1.2455372894
1.23907130488
1.23237964003
1.22546361221
1.2183238059
1.21096026202
1.2033726622
1.1955605015
1.18752324078
1.1792604284
1.17077178005
1.16205720701
1.15311678741
1.1439506836
1.1345590225
1.12494177518
1.11509869605
1.10502940918
1.09473375498
1.08421253037
1.07346876415
1.06250966733
1.05134939455
1.04001278045
1.02854033816
1.0169951393
1.00547287936
0.994117541691
0.983146253424
0.97288654362
0.963823014285
0.956631610771
0.952147823556
0.951206245206
0.954396336324
0.961957558602
0.973744763118
0.989221841294
1.00754788963
1.02782175059
1.04924237553
1.07116113649
1.0930748573
1.11459951682
1.13544372683
1.15538786617
1.17426904096
1.1919703777
1.20841311926
1.22355041264
1.23736210475
1.24985017704
1.26103464593
1.27094986414
1.27964120802
1.28716215211
1.29357173118
1.29893238118
1.30330814082
1.3067631868
1.30936066982
1.31116181548
1.3122252532
1.31260653751
1.31235782862
1.31152770203
1.31016106097
1.30829912878
1.30597950215
1.30323624941
1.30010004095
1.29659830171
1.29275537775
1.28859271115
1.2841290189
1.27938047297
1.30190225545
1.29618896287
1.29028259671
1.28418794405
1.27790836856
1.27144597169
1.2648017573
1.25797580109
1.2509674258
1.24377538205
1.23639803387
1.22883354648
1.2210800719
1.21313592672
1.2049997542
1.19667066236
1.18814832973
1.17943307306
1.17052587618
1.16142838831
1.15214291274
1.14267242357
1.13302066728
1.12319242594
1.11319403752
1.1030342855
1.09272579175
1.08228709284
1.07174570314
1.06114277239
1.05054062492
1.0400358121
1.0297825883
1.02003458897
1.01121319267
1.004000544
0.999414492818
0.998737456964
1.00312005623
1.01299607529
1.0281465823
1.04780394991
1.07067464588
1.09512996503
1.11986112402
1.1440228807
1.1671332734
1.18894011896
1.20932217574
1.22822923475
1.24564945917
1.26159278517
1.27608290244
1.28915345643
1.30084612866
1.31120942142
1.32029761443
1.32816969562
1.33488822999
1.3405181999
1.34512586988
1.34877772605
1.35153952751
1.35347549235
1.35464762753
1.35511520123
1.35493434926
1.35415780173
1.35283471439
1.35101058807
1.34872725984
1.3460229513
1.34293236039
1.33948678547
1.33571427186
1.33163977332
1.32728532192
1.32267020193
1.31781112422
1.31272239883
1.30741610464
1.32609974698
1.32000849458
1.31378200395
1.30742193579
1.30092879092
1.29430204688
1.28754029912
1.28064140854
1.27360265666
1.26642090938
1.25909278912
1.25161485437
1.24398378402
1.23619656251
1.22825066053
1.22014420448
1.21187612808
1.20344630018
1.19485562581
1.18610612282
1.177200985
1.16814465321
1.15894293046
1.14960319221
1.14013476168
1.1305495446
1.12086306073
1.11109610685
1.10127751585
1.09144901326
1.08167435901
1.07205740022
1.06277816145
1.05416287616
1.04680917567
1.04177406476
1.0407504367
1.04593031668
1.05898924631
1.07947916973
1.10603761643
1.13677773006
1.16914034593
1.2001451245
1.22837992769
1.25350830296
1.27567497664
1.29517714646
1.31232391442
1.3273881013
1.3405966334
1.35213493764
1.36215518091
1.37078445655
1.37813161458
1.3842924771
1.38935358153
1.3933947237
1.39649058783
1.39871171846
1.40012504283
1.40079410405
1.40077912325
1.40013697364
1.39892112203
1.39718157259
1.39496483286
1.39231391155
1.38926835055
1.38586428973
1.3821345602
1.37810880085
1.37381359261
1.36927260501
1.36450675054
1.35953434262
1.35437125413
1.34903107414
1.34352526118
1.33786329214
1.33205280663
1.34664924203
1.34024672385
1.33376582766
1.32720510493
1.32056222873
1.31383410067
1.30701696373
1.30010652298
1.29309807562
1.28598665164
1.27876716563
1.27143457956
1.26398407509
1.25641123296
1.24871221551
1.24088394743
1.2329242891
1.22483219685
1.216607866
1.20825285554
1.19977019842
1.19116450874
1.18244210738
1.17361120044
1.16468216377
1.15566801829
1.14658524548
1.13745524163
1.12830706416
1.11918295879
1.11015006878
1.10132590728
1.09293367449
1.08541862118
1.07967593294
1.07743651581
1.08171760317
1.09667367973
1.12497532576
1.1625738421
1.20583143256
1.25137151483
1.29474820507
1.33027972044
1.35822193552
1.38011379721
1.39738936068
1.41113532289
1.42213432801
1.43094620564
1.4379743908
1.44351347735
1.44778237964
1.45094741226
1.45313835064
1.45445956499
1.45499767878
1.45482677766
1.45401190274
1.45261135415
1.45067818167
1.44826112972
1.44540522505
1.44215213773
1.43854040446
1.43460557352
1.43038030975
1.42589448319
1.42117525504
1.41624716829
1.41113224552
1.40585009442
1.40041801963
1.39485113922
1.38916250353
1.38336321461
1.37746254452
1.37146805134
1.36538569199
1.35921993161
1.35297384947
1.36328795303
1.3566510561
1.34998958011
1.34329914699
1.33657478318
1.32981099407
1.32300184599
1.31614105733
1.30922210052
1.30223831612
1.29518303991
1.28804974326
1.28083218632
1.2735245822
1.26612176974
1.25861939093
1.25101406833
1.24330357752
1.23548700983
1.22756492221
1.21953947413
1.21141455625
1.20319592306
1.19489135322
1.18651088039
1.17806717603
1.16957625029
1.16105884101
1.15254335544
1.14407243426
1.13571809845
1.1276172036
1.12005407022
1.11364839749
1.10976061103
1.11127843831
1.12380433226
1.15606872725
1.21349836349
1.27795250007
1.34381157269
1.40727001947
1.46138051327
1.49282901108
1.511486998
1.52276014132
1.52945763513
1.53313651294
1.53473063329
1.53483280937
1.53383220332
1.53198957164
1.5294825319
1.52643432084
1.5229325349
1.51904145302
1.51481013876
1.5102777345
1.50547688071
1.50043588512
1.49518006392
1.4897325413
1.4841147012
1.47834642242
1.47244618454
1.46643110216
1.46031692444
1.45411802267
1.44784737916
1.44151658446
1.43513584576
1.42871400698
1.42225857945
1.41577578157
1.40927058536
1.40274676803
1.39620696693
1.38965273642
1.38308460574
1.37650213725
1.3699039849
1.37580494451
1.36901971904
1.36225867543
1.35551484546
1.34878093177
1.3420493498
1.33531227865
1.32856172255
1.321789584
1.31498775022
1.30814819367
1.30126308719
1.29432493381
1.28732671025
1.28026202211
1.27312526826
1.26591181034
1.25861814308
1.25124206085
1.24378281625
1.23624126843
1.22862002199
1.22092356306
1.21315840939
1.20533331171
1.19745958729
1.18955177103
1.18162902486
1.17371838902
1.16586258005
1.15813912962
1.15070787561
1.14392882149
1.13865099676
1.13689887541
1.14340498076
1.1686173797
1.23259444233
1.35255413612
1.45311856942
1.54395401655
1.62554595444
1.68797148884
1.68826445765
1.68190553409
1.67330133225
1.6636196215
1.65341716498
1.64304173854
1.63270728897
1.6225332796
1.61257676781
1.60285650318
1.59336935243
1.58410082803
1.57503156259
1.56614113618
1.55741021699
1.54882164233
1.54036084493
1.53201588567
1.52377726111
1.51563759474
1.50759128066
1.49963412269
1.49176299407
1.48397553146
1.47626986915
1.46864441473
1.46109766429
1.45362805366
1.44623384148
1.43891301935
1.43166324476
1.42448179277
1.41736552276
1.41031085725
1.40331377036
1.39636978389
1.38947396958
1.38262095673
1.38405107444
1.37721083306
1.37043675705
1.36371977073
1.35705070154
1.35042029216
1.3438192228
1.33723814483
1.33066772697
1.32409871499
1.31752200608
1.31092873846
1.30431039634
1.29765892989
1.29096688899
1.28422756858
1.27743516269
1.2705849234
1.26367332043
1.25669819716
1.24965891961
1.24255651723
1.23539381876
1.22817559623
1.22090875074
1.21360262217
1.20626962401
1.19892670551
1.19159892071
1.18432841469
1.17719749279
1.17038862696
1.16434179429
1.16016742131
1.16071835891
1.17329150637
1.21620026088
1.33723142811
1.45923515845
1.57382016081
1.68008114474
1.7759459523
1.85288889959
1.88737112445
1.84602269595
1.81372116037
1.78558393736
1.76032603286
1.73741901953
1.71650753157
1.69730007301
1.67954926313
1.66304567458
1.64761290938
1.63310283626
1.61939124755
1.60637407667
1.59396416835
1.58208853727
1.570686043
1.55970541778
1.54910359426
1.53884428979
1.52889681102
1.51923504768
1.50983662902
1.50068221924
1.49175493162
1.48303984338
1.47452359537
1.46619406319
1.45804008772
1.45005125501
1.44221771687
1.43453004496
1.42697911213
1.41955599615
1.41225190163
1.40505809701
1.39796586395
1.3909664573
1.38794751271
1.3811501198
1.37445271293
1.36784470498
1.36131559522
1.35485495673
1.34845243477
1.34209775677
1.33578075489
1.32949140214
1.32321986288
1.31695655838
1.31069224782
1.30441812452
1.29812592677
1.29180806158
1.2854577392
1.27906911532
1.27263743714
1.26615918954
1.25963223746
1.2530559626
1.24643139601
1.23976135716
1.23305063108
1.22630626567
1.21953819974
1.21276076345
1.20599646687
1.19928583883
1.19271348212
1.18647829651
1.18108603438
1.1778856567
1.1805736595
1.19928683713
1.25969549352
1.39869210549
1.52816600549
1.65068761104
1.7657908701
1.8707808942
1.95784872866
2.00700207782
1.96782048166
1.92147501541
1.87863280173
1.84079053771
1.8074543711
1.77786005948
1.75133539712
1.72734336435
1.70546130127
1.68535453028
1.66675522165
1.64944681743
1.63325263797
1.61802742961
1.60365097509
1.59002317583
1.57706020862
1.5646914844
1.55285721763
1.5415064685
1.53059555666
1.52008676992
1.50994730953
1.50014842636
1.49066471192
1.48147351552
1.4725544643
1.46388906731
1.45546038837
1.44725277519
1.43925163442
1.43144324441
1.42381459876
1.41635327533
1.40904732609
1.40188518458
1.39485558809
1.38749201059
1.38083651378
1.37430572254
1.36788820637
1.36157274487
1.3553482976
1.34920398475
1.34312907906
1.33711300989
1.33114537998
1.32521599593
1.3193149128
1.3134324936
1.30755948343
1.30168709808
1.29580712601
1.28991204206
1.28399513036
1.27805061361
1.27207378509
1.26606114011
1.26001050458
1.25392116165
1.2477939856
1.24163161229
1.2354387263
1.22922267461
1.22299495702
1.21677505234
1.21060051451
1.20455415615
1.19883876757
1.19398775215
1.19148039771
1.1956462847
1.22021080166
1.31531939216
1.43818235764
1.56547441889
1.69009144726
1.80880432968
1.91790391991
2.009753241
2.06741789915
2.05847444415
1.98530958541
1.92975247774
1.88389374974
1.84451629384
1.80997892422
1.77926514044
1.75166286422
1.72663889137
1.70377942225
1.68275645346
1.66330622143
1.64521426625
1.6283046023
1.61243164106
1.59747404728
1.58332999512
1.56991346055
1.5571512938
1.54498088773
1.53334830692
1.52220677695
1.51151545791
1.50123844395
1.49134394378
1.48180360683
1.47259196725
1.46368598349
1.45506465564
1.44670870624
1.43860031291
1.43072288352
1.42306086617
1.41559958795
1.40832511752
1.40122414756
1.39428389417
1.38276220043
1.37634503568
1.37006776369
1.36391880148
1.35788683571
1.35196078299
1.34612976004
1.34038306414
1.33471016431
1.32910070412
1.32354451663
1.31803165232
1.31255242044
1.30709744406
1.30165772868
1.2962247439
1.29079051685
1.28534773575
1.27988986115
1.27441124197
1.26890723368
1.26337431632
1.25781021319
1.25221401833
1.24658635957
1.24092967224
1.23524878221
1.22955232281
1.22385638221
1.21819414928
1.2126418907
1.20739007284
1.20294129992
1.20066920426
1.20440335677
1.22476570483
1.28872097651
1.43350844717
1.56688175449
1.69323244615
1.81240239368
1.92112606729
2.01139575204
2.06448405261
2.02447786506
1.97410632486
1.9259503826
1.88256329847
1.84392245135
1.80943603061
1.7784701594
1.75047210184
1.72498515928
1.70163713289
1.68012475682
1.66019977408
1.64165765307
1.62432871888
1.60807123459
1.59276599533
1.57831208215
1.56462350443
1.55162652635
1.53925752354
1.52746125391
1.51618945432
1.50539969583
1.49505444522
1.48512029217
1.4755673102
1.46636852601
1.45749947708
1.44893784117
1.4406631249
1.43265640053
1.42490008257
1.41737773718
1.41007391865
1.40297402851
1.39606419355
1.3893311598
1.37391540003
1.3678264597
1.36188316237
1.35607443415
1.35038946802
1.34481768261
1.33934868924
1.33397226721
1.32867834828
1.32345701081
1.31829848421
1.31319316471
1.3081316427
1.30310474223
1.29810357289
1.29311959359
1.28814468773
1.28317124857
1.27819227285
1.27320146083
1.26819332022
1.2631632725
1.2581077623
1.25302437694
1.24791200022
1.2427710674
1.2376041
1.23241699058
1.2272222827
1.22204777273
1.21695941325
1.21212296657
1.20797124566
1.2056586957
1.20828553353
1.22409493449
1.27435585439
1.41306890763
1.54042175932
1.6626594553
1.77785818009
1.88127449757
1.96350252982
2.00879782594
1.9607569041
1.91713374023
1.87719160425
1.8407874893
1.80766466567
1.77748057521
1.74988180728
1.72454261541
1.70117744212
1.67954137923
1.6594261492
1.64065495809
1.62307752361
1.60656570326
1.59100979757
1.57631547727
1.56240124651
1.54919635275
1.53663906348
1.52467524274
1.51325717224
1.50234257234
1.49189378671
1.48187710118
1.47226217306
1.46302155148
1.45413027294
1.44556551909
1.43730632598
1.42933333606
1.42162858574
1.41417532231
1.40695784553
1.39996136967
1.39317190284
1.38657614075
1.38016137299
1.36118466594
1.3555035469
1.34996498209
1.34455898935
1.33927579649
1.33410580579
1.32903956409
1.32406773909
1.3191811024
1.31437052013
1.30962695171
1.30494145781
1.30030521787
1.29570955802
1.29114598948
1.28660625774
1.2820824021
1.27756682476
1.2730523686
1.2685324018
1.26400090791
1.25945258015
1.25488292056
1.25028835042
1.24566635254
1.2410157027
1.23633694276
1.23163349312
1.22691444514
1.22220176611
1.21754912399
1.21309137409
1.20917488881
1.20670004002
1.20801754852
1.21929188884
1.25716198334
1.372077138
1.47985860842
1.59482766166
1.70261813195
1.79536400797
1.85889694879
1.89329113733
1.8515466317
1.81971493941
1.79187635936
1.7661580425
1.7419850217
1.71916925106
1.69762318619
1.67727727889
1.65806072824
1.63990005181
1.62272151725
1.60645356305
1.59102841503
1.57638294809
1.56245900758
1.5492033863
1.53656759979
1.52450755508
1.51298317345
1.50195800382
1.49139884838
1.48127541208
1.47155998139
1.46222713412
1.45325347982
1.44461742894
1.43629898831
1.4282795803
1.4205418829
1.41306968816
1.40584777648
1.39886180472
1.39209820601
1.38554409986
1.37918721082
1.37301579483
1.3670185721
1.34487115524
1.33966389666
1.33458829956
1.32963593556
1.32479848883
1.32006773152
1.3154355019
1.31089368624
1.30643420488
1.30204900357
1.29773005066
1.2934693411
1.28925890809
1.28509084282
1.28095732314
1.27685065114
1.27276329993
1.26868796916
1.26461764873
1.26054568966
1.25646588115
1.25237253302
1.24826056441
1.24412560413
1.2399641196
1.23577362175
1.23155306943
1.22730379272
1.22303175529
1.2187532613
1.21450949919
1.21040364388
1.20669496347
1.20403431884
1.20403893646
1.21062796005
1.23273071518
1.28647666186
1.36027934466
1.48323938505
1.58180055545
1.65801307317
1.67609890678
1.69843690745
1.6994003894
1.69245531557
1.68195011495
1.66957391914
1.65616629492
1.64223315305
1.62810875429
1.61401965277
1.60011854107
1.58650614198
1.57324654311
1.56037813995
1.54792143696
1.535884582
1.52426727598
1.5130635262
1.50226358072
1.49185528385
1.48182502304
1.47215838704
1.46284061999
1.45385693139
1.44519270395
1.43683362953
1.42876579405
1.42097572672
1.413450424
1.40617735592
1.39914446022
1.39234012775
1.38575318217
1.37937285542
1.37318876056
1.36719086267
1.36136944866
1.35571509631
1.35021864314
1.32533317931
1.32064975742
1.31608067235
1.31161936186
1.30725925529
1.30299376285
1.2988162649
1.29472010228
1.29069856858
1.28674490512
1.28285229967
1.27901388972
1.27522277124
1.27147201358
1.26775468126
1.26406386311
1.26039270905
1.25673447457
1.2530825726
1.24943063238
1.2457725647
1.2421026332
1.23841553259
1.2347064783
1.23097132115
1.22720672438
1.22341049912
1.21958234252
1.21572559227
1.21185153068
1.20799003144
1.20421577876
1.20071187754
1.19791982332
1.19687482751
1.19987763601
1.21148711219
1.23830888225
1.28095582856
1.34484618333
1.41075151503
1.46908755521
1.50730473479
1.53620530666
1.5535680872
1.56244442359
1.56554307889
1.5646983238
1.56111942715
1.5556266023
1.5487956955
1.54104165993
1.53266846119
1.52390085115
1.5149057938
1.5058075167
1.49669836096
1.48764672684
1.47870295121
1.4699036864
1.46127518122
1.45283575184
1.4445976514
1.43656849111
1.42875232518
1.42115048249
1.41376220667
1.40658515035
1.39961575806
1.39284956344
1.38628142026
1.37990568199
1.37371634114
1.36770713689
1.36187163772
1.35620330388
1.35069553391
1.3453416982
1.3401351619
1.33506929942
1.33013750195
1.3029726265
1.29884540113
1.29481034169
1.29086290078
1.28699839641
1.28321201562
1.27949881578
1.27585372469
1.27227154033
1.26874693136
1.26527443925
1.26184848299
1.25846336723
1.25511329478
1.25179238412
1.24849469257
1.24521424565
1.24194507274
1.23868124938
1.23541694586
1.23214648198
1.22886438801
1.22556547272
1.22224490209
1.2188982993
1.2155218944
1.21211279543
1.20866955988
1.20519350521
1.20169182166
1.1981850192
1.19472457372
1.19143375032
1.18859805846
1.18685078046
1.18749897454
1.19290096988
1.20624075721
1.22937672714
1.26385283929
1.30425050282
1.34472753296
1.37924350908
1.40782353519
1.42974480014
1.44555144042
1.45628111792
1.46297121731
1.4664996833
1.46756888084
1.46673116787
1.46441974968
1.46097503179
1.45666526752
1.45170240803
1.44625427182
1.44045393952
1.43440704775
1.42819747881
1.42189181604
1.41554284466
1.40919231135
1.40287310656
1.39661099607
1.39042599937
1.38433349083
1.37834508231
1.37246933286
1.36671232134
1.36107810962
1.3555691182
1.35018643145
1.34493004594
1.33979907257
1.33479190095
1.32990633291
1.32513969049
1.32048890285
1.31595057561
1.31152104567
1.30719642367
1.27821965627
1.27466287088
1.27117290005
1.26774719859
1.26438297259
1.26107719574
1.2578266216
1.25462779292
1.25147704901
1.24837053207
1.24530419356
1.24227380148
1.2392749494
1.2363030682
1.23335344114
1.23042122314
1.22750146467
1.2245891408
1.22167918563
1.21876653227
1.21584615854
1.21291313838
1.20996270003
1.2069902939
1.20399167791
1.20096304145
1.19790121954
1.1948041235
1.19167168944
1.18850805222
1.18532656372
1.18216122107
1.17909188497
1.17629696681
1.17415358442
1.1733964358
1.17527602155
1.18146270174
1.19337164553
1.21187405664
1.23551722686
1.2616499509
1.28722254926
1.31068673342
1.33100958903
1.34780690227
1.36116273266
1.3714000279
1.37892543185
1.38414762735
1.38744150147
1.38913607224
1.38951344148
1.38881234272
1.38723326035
1.38494376671
1.38208350787
1.37876862999
1.37509560243
1.37114446698
1.36698157186
1.36266185763
1.35823076134
1.35372579912
1.3491778802
1.34461239794
1.34005013598
1.3355080216
1.3309997526
1.3265363197
1.32212644229
1.31777693224
1.31349299788
1.30927849813
1.30513615481
1.30106772994
1.29707417355
1.2931557466
1.28931212274
1.28554247234
1.28184553117
1.2515166986
1.24852703352
1.24557726806
1.24266670233
1.23979429995
1.23695871376
1.23415830653
1.23139116765
1.22865512681
1.22594776563
1.22326642801
1.22060823028
1.21797007171
1.21534864651
1.21274045773
1.210141834
1.20754894965
1.20495784864
1.2023644728
1.19976469469
1.19715435518
1.19452930631
1.19188546009
1.18921884553
1.18652567988
1.1838024689
1.1810461725
1.17825452169
1.1754266874
1.17256475585
1.16967701133
1.16678512385
1.16393931657
1.16124843074
1.15893361387
1.15740753881
1.15734841132
1.15967031645
1.16528464915
1.17482656319
1.18806039636
1.20397278885
1.2211163457
1.2382744984
1.25449725645
1.2691641311
1.28195995531
1.29279631667
1.30172892847
1.30889343665
1.31446245389
1.31861932517
1.32154323457
1.32340142705
1.32434569237
1.32451131384
1.3240173871
1.32296785426
1.32145286677
1.31955025311
1.31732696525
1.31484043683
1.31213982143
1.30926710025
1.30625805997
1.30314314856
1.29994821937
1.29669517535
1.29340252488
1.29008586042
1.28675826978
1.28343068922
1.28011220615
1.27681031828
1.27353115541
1.2702796687
1.26705979217
1.26387457997
1.26072632286
1.25761664661
1.2545465949
1.22330281438
1.22086089621
1.21843185543
1.21601656515
1.21361551057
1.21122881972
1.20885628908
1.20649740498
1.20415136162
1.20181707641
1.19949320357
1.19717814656
1.19487007026
1.19256691346
1.19026640236
1.18796606578
1.18566325251
1.1833551515
1.1810388151
1.17871118591
1.17636912744
1.17400945898
1.17162899545
1.169224594
1.16679321146
1.16433198328
1.16183834838
1.15931027729
1.1567467329
1.15414864844
1.15152102514
1.14887735551
1.14624858342
1.1437000793
1.14136050505
1.13946247856
1.13838049039
1.13862647216
1.14076060624
1.14524148357
1.15218651665
1.16130261725
1.17197767127
1.18351445768
1.19525396003
1.20665560182
1.21732985282
1.22703181933
1.23563474376
1.24309872515
1.24944274422
1.25472272881
1.25901563319
1.26240847235
1.26499108204
1.26685153909
1.2680734197
1.26873429689
1.26890505483
1.26864972835
1.26802566873
1.26708390176
1.26586958922
1.2644225355
1.26277770223
1.26096570806
1.25901330006
1.25694378975
1.25477745068
1.25253187732
1.25022230625
1.2478619021
1.24546201058
1.24303238167
1.24058136561
1.23811608446
1.23564258192
1.23316595353
1.23069045962
1.22821962283
1.22575631207
1.19399938812
1.19207207741
1.19013172566
1.18818042786
1.18621988072
1.18425141393
1.18227601704
1.18029436244
1.17830682529
1.17631350086
1.1743142199
1.17230856275
1.17029587258
1.16827526847
1.16624565878
1.16420575532
1.16215408892
1.16008902656
1.15800879076
1.15591148128
1.1537950997
1.15165757695
1.1494968047
1.1473106716
1.14509710764
1.14285414358
1.14058000181
1.13827325601
1.13593314095
1.13356018707
1.13115753526
1.12873361483
1.12630737508
1.12391782977
1.12163970117
1.11960489365
1.11802317887
1.11718552385
1.11743094849
1.11907521107
1.12230360777
1.12710369691
1.13326816632
1.14046713946
1.14832061078
1.15645852132
1.16456061771
1.17237493271
1.17971989102
1.18647682581
1.19257847186
1.19799694499
1.20273298188
1.2068070908
1.21025265661
1.21311077194
1.21542648136
1.21724613039
1.21861555236
1.21957887626
1.22017778662
1.22045110635
1.22043460641
1.22016097091
1.21965986607
1.21895807522
1.21807967348
1.21704622316
1.21587697686
1.2145890796
1.21319776408
1.2117165355
1.21015734387
1.20853074275
1.20684603411
1.20511139955
1.20333401838
1.2015201732
1.19967534388
1.1978042908
1.19591112811
1.16399794812
1.16254117256
1.16104745553
1.15951972312
1.15796053362
1.15637210522
1.15475634067
1.15311484908
1.15144896539
1.14975976786
1.14804809389
1.14631455475
1.14455954937
1.14278327777
1.14098575433
1.13916682138
1.13732616328
1.13546332145
1.13357771044
1.13166863545
1.12973531133
1.12777688345
1.1257924509
1.12378109274
1.12174189957
1.11967401509
1.11757669831
1.1154494301
1.1132921148
1.11110548177
1.10889189419
1.10665694821
1.10441250297
1.10218204348
1.10000924261
1.0979695812
1.09618208029
1.09481398856
1.09406941614
1.09415768924
1.09524358137
1.09740363414
1.10060822712
1.10473576241
1.10960196292
1.11499277603
1.12069301229
1.12650657928
1.1322677601
1.13784520294
1.14314100557
1.14808705733
1.1526402241
1.15677737638
1.16049080634
1.16378427654
1.16666976147
1.16916484637
1.17129070395
1.17307055601
1.17452852902
1.17568882273
1.17657512286
1.17721020106
1.1776156568
1.17781176482
1.17781740046
1.1776500207
1.17732568473
1.17685910125
1.17626369317
1.17555167276
1.17473412211
1.17382107517
1.1728215989
1.17174387151
1.17059525688
1.16938237415
1.16811116232
1.16678693949
1.16541445695
1.13365067019
1.13261254527
1.13151619591
1.13036498652
1.12916198024
1.12790996021
1.12661144933
1.12526872858
1.12388385423
1.1224586739
1.12099484167
1.11949383259
1.11795695646
1.11638537137
1.11478009688
1.11314202719
1.11147194428
1.10977053123
1.10803838573
1.10627603387
1.10448394434
1.102662543
1.10081222822
1.09893338735
1.09702641591
1.09509174239
1.09312986559
1.09114141946
1.08912729632
1.08708889112
1.08502858638
1.08295069217
1.08086318709
1.07878073146
1.07672939588
1.07475307163
1.07292027622
1.07132819738
1.07009966066
1.06936994963
1.06926377622
1.06987038143
1.07122638
1.07331208131
1.07605883319
1.07936281884
1.08310077122
1.08714417587
1.091370112
1.09566828381
1.09994468075
1.10412268414
1.10814247118
1.11195942915
1.11554210435
1.1188700343
1.12193167331
1.12472252267
1.1272435123
1.12949964081
1.13149885872
1.13325116889
1.13476791415
1.13606122224
1.1371435805
1.13802751584
1.13872535905
1.13924907604
1.13961015125
1.13981951175
1.13988748218
1.13982376321
1.13963742731
1.13933692717
1.13893011305
1.13842425621
1.13782607623
1.13714177056
1.136377045
1.13553714432
1.1346268822
)
;

boundaryField
{
    left
    {
        type            cyclic;
    }
    right
    {
        type            cyclic;
    }
    bottom
    {
        type            cyclic;
    }
    top
    {
        type            cyclic;
    }
    frontAndBack
    {
        type            empty;
    }
}


// ************************************************************************* //
