# Forces per unit density on the immersed bodies
# time  cylinder:Fp(x y z)  cylinder:Fv(x y z)
0.990703 0.280997519752 -1.84097528888e-16 0 1.5384373999 -6.12574227454e-17 0
1.98141 0.313881384826 -3.84761666972e-15 0 -0.303027777618 2.94577730264e-15 0
2.97211 0.31690160624 7.37647790072e-15 0 0.384740684319 -8.58124335479e-15 0
3.96281 0.317569146648 -9.50411624401e-15 0 0.419858686789 -6.96361371344e-15 0
4.95351 0.318157960404 -3.33188338031e-14 0 0.402721724535 -2.05898666172e-14 0
5.94422 0.319082898081 -2.81862207185e-14 0 0.390111763583 -3.20596414e-14 0
6.93492 0.320306802991 -1.55734800056e-14 0 0.382484831603 -1.38517669557e-14 0
7.92562 0.321695467556 1.53349555276e-15 0 0.377646373341 5.65736693603e-16 0
8.91632 0.323141146897 -2.32669786215e-15 0 0.374330776981 6.96795052213e-15 0
9.90703 0.324578261678 -2.48585874107e-15 0 0.371895043357 1.24787333244e-14 0
10.8977 0.32597080511 1.20823490102e-15 0 0.370003681342 2.19737422702e-14 0
11.8884 0.327299835864 6.37424141248e-15 0 0.368469908123 2.02899762963e-14 0
12.8791 0.328555969597 1.43201422942e-14 0 0.367182358825 2.49891253523e-14 0
13.8698 0.329735496264 1.47026488206e-14 0 0.366070925531 2.37785052065e-14 0
14.8605 0.330838344205 1.82518930525e-14 0 0.365089817962 2.2017544038e-14 0
15.8512 0.331866853646 1.93864022058e-14 0 0.364208375707 2.61346933678e-14 0
16.8419 0.332824911372 2.07889261361e-14 0 0.363405647062 2.24028694901e-14 0
17.8326 0.333717292223 1.48657128274e-14 0 0.362667006055 1.46100579551e-14 0
18.8234 0.334549161428 -3.998971293e-14 0 0.361981984522 7.84073327098e-15 0
19.8141 0.335325717727 -2.10179096349e-14 0 0.361342871693 -2.35482206651e-14 0
20.8048 0.336051956891 -1.49706635977e-15 0 0.360743809949 1.24839374949e-14 0
21.7955 0.336732531534 1.24726617923e-14 0 0.360180211299 2.65106946812e-14 0
22.7862 0.337371682493 1.72709069268e-14 0 0.359648379785 2.77223990292e-14 0
23.7769 0.337973219564 2.11445444487e-14 0 0.359145264906 2.17356514731e-14 0
24.7676 0.338540533597 2.1610317702e-14 0 0.358668297878 2.18017878056e-14 0
25.7583 0.339076626494 2.58430429834e-14 0 0.358215280354 1.19843371338e-14 0
26.749 0.33958414971 2.37240782575e-14 0 0.357784306557 1.42763405264e-14 0
27.7397 0.340065445158 3.02787309114e-14 0 0.357373707035 1.32643462186e-14 0
28.7304 0.340522584846 2.59054930285e-14 0 0.356982006758 1.21684346627e-14 0
29.7211 0.340957407263 3.0475622026e-14 0 0.356607892981 5.64413966953e-15 0
30.7118 0.341371549657 3.04999081546e-14 0 0.356250190025 1.61062569531e-14 0
31.7025 0.341766476043 2.0378664034e-14 0 0.355907839102 1.32003782904e-14 0
32.6932 0.34214350112 2.14637335683e-14 0 0.355579881916 2.84212757495e-15 0
33.6839 0.342503810544 2.41438813386e-14 0 0.355265447224 5.63351448823e-15 0
34.6746 0.342848477996 2.59254423485e-14 0 0.354963739675 1.20251031355e-14 0
35.6653 0.343178479551 2.24490565026e-14 0 0.354674030508 8.78485652278e-15 0
36.656 0.343494705758 1.63957389332e-14 0 0.354395649736 -2.65629532259e-16 0
37.6467 0.34379797185 1.99501873355e-14 0 0.354127979527 -1.2615776479e-15 0
38.6374 0.344089026378 2.83540552148e-14 0 0.353870448586 1.01210272802e-14 0
39.6281 0.344368558576 2.80149167753e-14 0 0.353622527334 2.03641357249e-14 0
40.6188 0.344637204657 3.01416877568e-14 0 0.353383723764 2.00351887858e-14 0
41.6095 0.344895553237 3.41454295394e-14 0 0.353153579851 2.112524565e-14 0
42.6002 0.345144150039 6.26139765036e-14 0 0.352931668414 2.87265870813e-14 0
43.5909 0.345383501984 6.60140345166e-14 0 0.352717590371 5.07337227784e-14 0
44.5816 0.345614080783 6.0388326284e-14 0 0.352510972323 4.95870705608e-14 0
45.5723 0.345836326096 -6.00301058862e-15 0 0.352311464399 4.17949095471e-14 0
46.563 0.346050648333 7.91294113567e-15 0 0.35211873835 -4.91815789483e-15 0
47.5537 0.346257431138 2.73054148736e-14 0 0.351932485822 3.11499957772e-14 0
48.5444 0.346457033617 2.9697598547e-14 0 0.351752416847 4.57724136371e-14 0
49.535132 0.346649792324 4.06055397639e-14 0 0.351578258421 3.63374694917e-14 0
50.525834 0.346836023057 8.51376261157e-14 0 0.351409753276 4.9311683209e-14 0
51.516537 0.347016022467 1.74114195284e-14 0 0.351246658718 6.90749540899e-14 0
52.50724 0.347190069525 2.51630313808e-14 0 0.351088745605 -1.31752248e-15 0
53.497942 0.347358426842 5.76977701727e-14 0 0.350935797392 3.06356502666e-14 0
54.488645 0.347521341879 1.50066591098e-13 0 0.350787609268 5.98097960047e-14 0
55.479348 0.347679048036 1.1475889683e-13 0 0.350643987352 1.11737875896e-13 0
56.47005 0.34783176566 1.10490609717e-13 0 0.350504747986 3.86708894073e-14 0
57.460753 0.347979702954 1.71169502183e-13 0 0.350369717036 4.41981520827e-14 0
58.451456 0.348123056817 1.87115080375e-13 0 0.350238729299 9.49440179254e-14 0
59.442158 0.348262013615 6.55985682441e-14 0 0.350111627919 7.73808100929e-14 0
60.432861 0.348396749878 1.9931972739e-15 0 0.349988263876 -1.09894732203e-14 0
61.423563 0.348527432958 3.57353036051e-16 0 0.34986849547 -1.73788934632e-14 0
62.414266 0.348654221621 2.31039146148e-14 0 0.349752187917 1.28989700865e-14 0
63.404969 0.348777266596 2.26884483423e-14 0 0.349639212888 3.63676103121e-14 0
64.395671 0.34889671109 4.53630188968e-15 0 0.349529448147 3.19362591927e-14 0
65.386374 0.349012691251 -7.4920972204e-14 0 0.349422777187 1.31977762052e-14 0
66.377077 0.349125336604 -5.47166478793e-14 0 0.349319088892 -1.43422600185e-14 0
67.367779 0.349234770455 -2.27647761752e-14 0 0.349218277231 2.6983189988e-14 0
68.358482 0.349341110265 1.79543879764e-16 0 0.349120240967 5.03178228251e-14 0
69.349185 0.34944446799 8.62244303734e-15 0 0.349024883393 5.50197908067e-14 0
70.339887 0.349544950412 -2.33736641153e-14 0 0.348932112067 4.99626381933e-14 0
71.33059 0.349642659427 2.42271480655e-14 0 0.348841838592 2.43325325167e-14 0
72.321292 0.349737692333 4.62407889756e-14 0 0.348753978398 7.03729609308e-14 0
73.311995 0.34983014208 4.70092714755e-14 0 0.348668450505 7.53984548407e-14 0
74.302698 0.34992009752 3.8437135419e-14 0 0.348585177401 6.32462832106e-14 0
75.2934 0.350007643628 3.58975002501e-14 0 0.34850408478 5.25968157916e-14 0
76.284103 0.35009286171 1.06950906464e-13 0 0.34842510142 5.53103569889e-14 0
77.274806 0.350175829604 1.06525899213e-13 0 0.348348159036 1.04403898721e-13 0
78.265508 0.350256621861 7.93228330243e-14 0 0.348273192095 5.04483607666e-14 0
79.256211 0.350335309922 5.65268318264e-14 0 0.348200137708 3.80025871882e-14 0
80.246914 0.350411962273 3.91943422162e-14 0 0.348128935482 2.43932478383e-14 0
81.237616 0.350486644598 3.52218254562e-14 0 0.348059527398 1.89280015273e-14 0
82.228319 0.350559419923 2.7582103268e-14 0 0.347991857709 2.22933650706e-14 0
83.219021 0.350630348749 1.61650207109e-14 0 0.347925872823 1.79019125912e-14 0
84.209724 0.350699489174 1.28430252544e-14 0 0.34786152119 1.08749814709e-14 0
85.200427 0.350766897016 1.22159227178e-14 0 0.347798753226 8.46761896711e-15 0
86.191129 0.350832625918 9.75001329673e-15 0 0.347737521205 3.88881635227e-15 0
87.181832 0.350896727455 6.96664947952e-15 0 0.347677779181 7.64015586907e-15 0
88.172535 0.350959251234 2.47380241292e-14 0 0.347619482909 1.39545493216e-14 0
89.163237 0.351020244983 3.58636731423e-14 0 0.34756258975 4.58548130022e-14 0
90.15394 0.35107975464 2.75378678194e-14 0 0.347507058636 4.10583025912e-14 0
91.144643 0.351137824437 1.43426936994e-14 0 0.347452849957 2.52931356415e-14 0
92.135345 0.351194496975 4.82947015712e-15 0 0.347399925525 9.51929507442e-15 0
93.126048 0.3512498133 2.08843359273e-14 0 0.347348248504 7.74510663937e-15 0
94.11675 0.351303812972 4.13826958812e-14 0 0.347297783351 1.01633111649e-14 0
95.107453 0.35135653413 3.38921599119e-14 0 0.347248495765 5.81262468713e-15 0
96.098156 0.351408013554 1.22801074864e-14 0 0.347200352623 1.43093002725e-14 0
97.088858 0.351458286726 8.64412708079e-15 0 0.347153321947 1.39372020869e-14 0
98.079561 0.351507387885 -8.97979607339e-15 0 0.347107372841 2.69463271141e-14 0
99.070264 0.351555350081 -1.78416309504e-15 0 0.347062475456 4.0744317642e-14 0
100.06096632 0.351602205222 1.4317540209e-14 0 0.347018600944 6.36053709702e-14 0
101.05166895 0.351647984127 2.28332977525e-14 0 0.346975721415 6.9124393709e-14 0
102.04237159 0.351692716567 1.67348773727e-14 0 0.346933809905 4.28043017697e-14 0
103.03307423 0.351736431309 1.78607129087e-14 0 0.346892840329 3.22654229723e-14 0
104.02377686 0.351779156161 1.47546905249e-14 0 0.346852787458 3.58940308032e-14 0
105.0144795 0.351820918003 1.17839765723e-14 0 0.346813626874 2.31147566365e-14 0
106.00518214 0.351861742834 2.42627098967e-14 0 0.346775334946 1.81404370692e-14 0
106.99588477 0.351901655799 3.67796071377e-14 0 0.3467378888 1.95924006186e-14 0
107.98658741 0.351940681227 5.26670720924e-14 0 0.346701266279 3.09799928766e-14 0
108.97729005 0.351978842661 7.00836957912e-14 0 0.346665445935 3.9843996158e-14 0
109.96799268 0.352016162892 7.83010808969e-14 0 0.346630406981 3.6725397029e-14 0
110.95869532 0.352052663982 9.17165648984e-14 0 0.346596129282 2.62142738072e-14 0
111.94939796 0.352088367298 1.08001281529e-13 0 0.346562593322 1.49667604699e-14 0
112.94010059 0.352123293536 1.27768455538e-13 0 0.346529780185 3.99767025039e-15 0
113.93080323 0.352157462745 1.23480219105e-13 0 0.346497671535 -1.09200842813e-15 0
114.92150587 0.352190894353 1.29457208842e-13 0 0.346466249585 -1.07140858685e-14 0
115.9122085 0.35222360719 1.33287478277e-13 0 0.346435497091 -2.17204726427e-14 0
116.90291114 0.35225561951 1.23346645398e-13 0 0.346405397322 -2.30353930375e-14 0
117.89361378 0.352286949009 1.1820232293e-13 0 0.346375934045 -2.15261836134e-14 0
118.88431642 0.352317612853 6.94617974251e-14 0 0.346347091507 -1.88907049725e-14 0
119.87501905 0.352347627687 1.01061520263e-13 0 0.346318854421 -1.39324315973e-14 0
120.86572169 0.352377009663 8.90520296393e-14 0 0.346291207947 -9.4832995623e-15 0
121.85642433 0.35240577445 7.40995806381e-14 0 0.346264137672 -5.49343556755e-15 0
122.84712696 0.352433937258 5.89589141398e-14 0 0.346237629609 1.3936768406e-14 0
123.8378296 0.352461512848 5.09991354702e-14 0 0.346211670165 3.55084885106e-14 0
124.82853224 0.352488515553 5.03026439946e-14 0 0.346186246142 3.733471865e-14 0
125.81923487 0.352514959287 5.21900231365e-14 0 0.346161344705 3.43284428661e-14 0
126.80993751 0.352540857565 4.41521819106e-14 0 0.346136953403 4.11940447032e-14 0
127.80064015 0.352566223514 3.07037381631e-14 0 0.34611306012 4.62815549773e-14 0
128.79134278 0.352591069885 2.10664818923e-14 0 0.346089653085 5.78339459656e-14 0
129.78204542 0.352615409069 8.78117023539e-15 0 0.346066720851 6.56423700118e-14 0
130.77274806 0.352639253108 4.48512754714e-15 0 0.346044252296 7.20049020408e-14 0
131.76345069 0.352662613703 1.36401306916e-14 0 0.346022236596 6.48860305763e-14 0
132.75415333 0.352685502231 1.15619319674e-14 0 0.346000663229 5.82923466441e-14 0
133.74485597 0.352707929751 1.45387174522e-14 0 0.345979521958 6.22462151267e-14 0
134.7355586 0.35272990702 1.66724273276e-14 0 0.34595880283 6.41379310773e-14 0
135.72626124 0.352751444494 2.52601758954e-14 0 0.345938496148 6.22514192972e-14 0
136.71696388 0.352772552347 1.58623114643e-14 0 0.345918592494 6.5936405641e-14 0
137.70766651 0.352793240474 1.52950568877e-14 0 0.345899082682 6.14235225183e-14 0
138.69836915 0.352813518504 1.67635003101e-14 0 0.345879957792 7.03629862708e-14 0
139.68907179 0.352833395805 2.48134846004e-14 0 0.34586120912 3.6864608588e-14 0
140.67977442 0.352852881494 1.15810139256e-14 0 0.345842828212 4.89994329833e-14 0
141.67047706 0.352871984445 6.29184204737e-15 0 0.345824806815 4.14477480115e-14 0
142.6611797 0.352890713296 8.85142653617e-15 0 0.345807136909 5.50917818309e-14 0
143.65188234 0.352909076457 5.4843282693e-15 0 0.345789810674 6.82925938023e-14 0
144.64258497 0.352927082116 2.57094692757e-14 0 0.345772820498 7.70950144002e-14 0
145.63328761 0.352944738249 5.75199610164e-14 0 0.34575615896 6.91664607533e-14 0
146.62399025 0.35296205262 5.34017274845e-14 0 0.345739818836 6.02096497659e-14 0
147.61469288 0.352979032795 6.4536050115e-14 0 0.345723793078 5.8117139573e-14 0
148.60539552 0.352995686143 6.28134697034e-14 0 0.345708074825 6.10778788657e-14 0
149.59609815577 0.353012019843 6.2050191374e-14 0 0.345692657389 5.59175102055e-14 0
150.58680079256 0.353028040892 6.25038215629e-14 0 0.345677534246 6.1242243915e-14 0
151.57750342936 0.353043756107 6.01957719781e-14 0 0.345662699046 6.66897093105e-14 0
152.56820606615 0.353059172133 6.31500060577e-14 0 0.345648145584 7.30318583386e-14 0
153.55890870294 0.353074295445 6.10527253753e-14 0 0.34563386782 7.37808251994e-14 0
154.54961133974 0.353089132359 5.79744585671e-14 0 0.345619859867 7.4066620892e-14 0
155.54031397653 0.353103689029 5.36792832406e-14 0 0.345606115969 7.96047255891e-14 0
156.53101661332 0.353117971457 9.57654094913e-15 0 0.345592630525 7.73365746443e-14 0
157.52171925011 0.353131985497 2.32045285764e-14 0 0.34557939807 7.47036980886e-14 0
158.51242188691 0.353145736855 4.44366765606e-14 0 0.345566413266 6.71420384568e-14 0
159.5031245237 0.353159231099 2.51942564033e-14 0 0.345553670908 5.26796488376e-14 0
160.49382716049 0.35317247366 1.67227343084e-15 0 0.345541165919 6.30515605005e-14 0
161.48452979729 0.353185469835 2.61639668264e-14 0 0.345528893344 6.96625916674e-14 0
162.47523243408 0.353198224794 -1.05349756696e-14 0 0.345516848348 6.85528023237e-14 0
163.46593507087 0.35321074358 -9.70230840114e-15 0 0.345505026206 5.67692594322e-14 0
164.45663770767 0.353223031114 3.07739944638e-15 0 0.345493422315 3.51741205606e-14 0
165.44734034446 0.353235092201 1.53462312302e-14 0 0.345482032173 2.30397298462e-14 0
166.43804298125 0.353246931527 7.13144820974e-15 0 0.345470851391 2.13193178389e-14 0
167.42874561805 0.353258553671 1.07275299754e-14 0 0.34545987568 1.7544993236e-14 0
168.41944825484 0.353269963098 2.18696588616e-14 0 0.345449100853 -5.68338778817e-15 0
169.41015089163 0.353281164171 3.45201298102e-14 0 0.345438522821 -1.05904868208e-14 0
170.40085352843 0.353292161149 4.07660016855e-16 0 0.345428137589 -8.26465632042e-15 0
171.39155616522 0.353302958189 -9.59822499258e-15 0 0.345417941258 -2.90462098818e-14 0
172.38225880201 0.353313559353 -7.89125709222e-15 0 0.345407930021 -1.14873388579e-14 0
173.37296143881 0.353323968608 -2.76853193149e-14 0 0.345398100148 -1.70449591941e-14 0
174.3636640756 0.353334189827 -2.30544749957e-15 0 0.345388448008 -1.23781193628e-14 0
175.35436671239 0.353344226795 2.94816254742e-14 0 0.345378970046 -1.05844152887e-14 0
176.34506934918 0.353354083208 6.34995528381e-15 0 0.345369662792 -2.38498457095e-14 0
177.33577198598 0.353363762679 -7.56859852569e-15 0 0.345360522848 -4.6229513273e-14 0
178.32647462277 0.353373268737 -2.18124129869e-14 0 0.345351546904 -5.13035794403e-14 0
179.31717725956 0.35338260483 -2.35558100803e-14 0 0.345342731715 -5.61456263426e-14 0
180.30787989636 0.353391774328 -5.17936388222e-14 0 0.345334074115 -5.13374065481e-14 0
181.29858253315 0.353400780526 -4.58860380248e-14 0 0.345325571009 -6.94271029555e-14 0
182.28928516994 0.353409626641 -2.4622665018e-14 0 0.345317219363 -5.43545243537e-14 0
183.27998780674 0.35341831582 -2.61960592107e-14 0 0.345309016225 -4.90818323484e-14 0
184.27069044353 0.353426851141 -3.7258390817e-14 0 0.345300958696 -5.11366123057e-14 0
185.26139308032 0.353435235609 -4.4534688437e-14 0 0.345293043947 -5.01478199244e-14 0
186.25209571712 0.353443472164 -4.74793815375e-14 0 0.345285269213 -4.82322515261e-14 0
187.24279835391 0.353451563683 -4.3322984089e-14 0 0.345277631784 -4.97961047397e-14 0
188.2335009907 0.353459512975 -3.50943232807e-14 0 0.345270129015 -5.59079692264e-14 0
189.2242036275 0.35346732279 -3.42599212888e-14 0 0.345262758317 -5.75659311886e-14 0
190.21490626429 0.353474995817 -4.16932113834e-14 0 0.345255517157 -6.34201892391e-14 0
191.20560890108 0.353482534684 -4.52528639561e-14 0 0.345248403057 -6.66081773071e-14 0
192.19631153788 0.353489941964 -5.47756284774e-14 0 0.345241413595 -6.96261624744e-14 0
193.18701417467 0.353497220174 -5.71999045351e-14 0 0.345234546396 -6.85892315166e-14 0
194.17771681146 0.353504371774 -5.61235086183e-14 0 0.345227799142 -6.35758806711e-14 0
195.16841944826 0.353511399173 -4.93190557838e-14 0 0.345221169562 -6.06680504445e-14 0
196.15912208505 0.353518304726 -4.90154791755e-14 0 0.345214655434 -6.06732546149e-14 0
197.14982472184 0.35352509074 -4.66553878864e-14 0 0.345208254584 -6.07573887035e-14 0
198.14052735863 0.353531759469 -4.14590237141e-14 0 0.345201964881 -5.93431553897e-14 0
199.13122999543 0.353538313123 -4.619308408e-14 0 0.345195784244 -6.13328832166e-14 0
200.12193263222102 0.353544753861 -4.53005688517e-14 0 0.345189710637 -6.09239221572e-14 0
